 7.890e-01  7.890e-01  7.890e-01  7.890e-01  7.890e-01  7.890e-01  7.890e-01  7.890e-01  7.890e-01  7.890e-01  7.890e-01  7.890e-01  7.890e-01  7.890e-01  7.890e-01  7.890e-01  7.890e-01  7.890e-01  7.890e-01  7.890e-01  7.890e-01  7.890e-01  7.890e-01  7.890e-01  7.890e-01  7.890e-01  7.890e-01  7.890e-01  7.890e-01  7.890e-01  7.890e-01  7.890e-01  7.890e-01  7.890e-01  7.890e-01  7.890e-01  7.890e-01  7.890e-01  7.890e-01  7.890e-01  7.890e-01  7.890e-01  7.890e-01  7.890e-01  7.890e-01  7.890e-01  7.890e-01  7.890e-01  7.890e-01  7.890e-01 	
 8.103e-01  8.103e-01  8.103e-01  8.103e-01  8.103e-01  8.103e-01  8.103e-01  8.103e-01  8.103e-01  8.103e-01  8.103e-01  8.103e-01  8.103e-01  8.103e-01  8.103e-01  8.103e-01  8.103e-01  8.103e-01  8.103e-01  8.103e-01  8.103e-01  8.103e-01  8.103e-01  8.103e-01  8.103e-01  8.103e-01  8.103e-01  8.103e-01  8.103e-01  8.103e-01  8.103e-01  8.103e-01  8.103e-01  8.103e-01  8.103e-01  8.103e-01  8.103e-01  8.103e-01  8.103e-01  8.103e-01  8.103e-01  8.103e-01  8.103e-01  8.103e-01  8.103e-01  8.103e-01  8.103e-01  8.103e-01  8.103e-01  8.103e-01 	
 8.309e-01  8.309e-01  8.309e-01  8.309e-01  8.309e-01  8.309e-01  8.309e-01  8.309e-01  8.309e-01  8.309e-01  8.309e-01  8.309e-01  8.309e-01  8.309e-01  8.309e-01  8.309e-01  8.309e-01  8.309e-01  8.309e-01  8.309e-01  8.309e-01  8.309e-01  8.309e-01  8.309e-01  8.309e-01  8.309e-01  8.309e-01  8.309e-01  8.309e-01  8.309e-01  8.309e-01  8.309e-01  8.309e-01  8.309e-01  8.309e-01  8.309e-01  8.309e-01  8.309e-01  8.309e-01  8.309e-01  8.309e-01  8.309e-01  8.309e-01  8.309e-01  8.309e-01  8.309e-01  8.309e-01  8.309e-01  8.309e-01  8.309e-01 	
 8.592e-01  8.592e-01  8.592e-01  8.592e-01  8.592e-01  8.592e-01  8.592e-01  8.592e-01  8.592e-01  8.592e-01  8.592e-01  8.592e-01  8.592e-01  8.592e-01  8.592e-01  8.592e-01  8.592e-01  8.592e-01  8.592e-01  8.592e-01  8.592e-01  8.592e-01  8.592e-01  8.592e-01  8.592e-01  8.592e-01  8.592e-01  8.592e-01  8.592e-01  8.592e-01  8.592e-01  8.592e-01  8.592e-01  8.592e-01  8.592e-01  8.592e-01  8.592e-01  8.592e-01  8.592e-01  8.592e-01  8.592e-01  8.592e-01  8.592e-01  8.592e-01  8.592e-01  8.592e-01  8.592e-01  8.592e-01  8.592e-01  8.592e-01 	
 8.685e-01  8.685e-01  8.685e-01  8.685e-01  8.685e-01  8.685e-01  8.685e-01  8.685e-01  8.685e-01  8.685e-01  8.685e-01  8.685e-01  8.685e-01  8.685e-01  8.685e-01  8.685e-01  8.685e-01  8.685e-01  8.685e-01  8.685e-01  8.685e-01  8.685e-01  8.685e-01  8.685e-01  8.685e-01  8.685e-01  8.685e-01  8.685e-01  8.685e-01  8.685e-01  8.685e-01  8.685e-01  8.685e-01  8.685e-01  8.685e-01  8.685e-01  8.685e-01  8.685e-01  8.685e-01  8.685e-01  8.685e-01  8.685e-01  8.685e-01  8.685e-01  8.685e-01  8.685e-01  8.685e-01  8.685e-01  8.685e-01  8.685e-01 	
 8.653e-01  8.653e-01  8.653e-01  8.653e-01  8.653e-01  8.653e-01  8.653e-01  8.653e-01  8.653e-01  8.653e-01  8.653e-01  8.653e-01  8.653e-01  8.653e-01  8.653e-01  8.653e-01  8.653e-01  8.653e-01  8.653e-01  8.653e-01  8.653e-01  8.653e-01  8.653e-01  8.653e-01  8.653e-01  8.653e-01  8.653e-01  8.653e-01  8.653e-01  8.653e-01  8.653e-01  8.653e-01  8.653e-01  8.653e-01  8.653e-01  8.653e-01  8.653e-01  8.653e-01  8.653e-01  8.653e-01  8.653e-01  8.653e-01  8.653e-01  8.653e-01  8.653e-01  8.653e-01  8.653e-01  8.653e-01  8.653e-01  8.653e-01 	
 8.714e-01  8.714e-01  8.714e-01  8.714e-01  8.714e-01  8.714e-01  8.714e-01  8.714e-01  8.714e-01  8.714e-01  8.714e-01  8.714e-01  8.714e-01  8.714e-01  8.714e-01  8.714e-01  8.714e-01  8.714e-01  8.714e-01  8.714e-01  8.714e-01  8.714e-01  8.714e-01  8.714e-01  8.714e-01  8.714e-01  8.714e-01  8.714e-01  8.714e-01  8.714e-01  8.714e-01  8.714e-01  8.714e-01  8.714e-01  8.714e-01  8.714e-01  8.714e-01  8.714e-01  8.714e-01  8.714e-01  8.714e-01  8.714e-01  8.714e-01  8.714e-01  8.714e-01  8.714e-01  8.714e-01  8.714e-01  8.714e-01  8.714e-01 	
 8.571e-01  8.571e-01  8.571e-01  8.571e-01  8.571e-01  8.571e-01  8.571e-01  8.571e-01  8.571e-01  8.571e-01  8.571e-01  8.571e-01  8.571e-01  8.571e-01  8.571e-01  8.571e-01  8.571e-01  8.571e-01  8.571e-01  8.571e-01  8.571e-01  8.571e-01  8.571e-01  8.571e-01  8.571e-01  8.571e-01  8.571e-01  8.571e-01  8.571e-01  8.571e-01  8.571e-01  8.571e-01  8.571e-01  8.571e-01  8.571e-01  8.571e-01  8.571e-01  8.571e-01  8.571e-01  8.571e-01  8.571e-01  8.571e-01  8.571e-01  8.571e-01  8.571e-01  8.571e-01  8.571e-01  8.571e-01  8.571e-01  8.571e-01 	
 8.335e-01  8.335e-01  8.335e-01  8.335e-01  8.335e-01  8.335e-01  8.335e-01  8.335e-01  8.335e-01  8.335e-01  8.335e-01  8.335e-01  8.335e-01  8.335e-01  8.335e-01  8.335e-01  8.335e-01  8.335e-01  8.335e-01  8.335e-01  8.335e-01  8.335e-01  8.335e-01  8.335e-01  8.335e-01  8.335e-01  8.335e-01  8.335e-01  8.335e-01  8.335e-01  8.335e-01  8.335e-01  8.335e-01  8.335e-01  8.335e-01  8.335e-01  8.335e-01  8.335e-01  8.335e-01  8.335e-01  8.335e-01  8.335e-01  8.335e-01  8.335e-01  8.335e-01  8.335e-01  8.335e-01  8.335e-01  8.335e-01  8.335e-01 	
 8.058e-01  8.058e-01  8.058e-01  8.058e-01  8.058e-01  8.058e-01  8.058e-01  8.058e-01  8.058e-01  8.058e-01  8.058e-01  8.058e-01  8.058e-01  8.058e-01  8.058e-01  8.058e-01  8.058e-01  8.058e-01  8.058e-01  8.058e-01  8.058e-01  8.058e-01  8.058e-01  8.058e-01  8.058e-01  8.058e-01  8.058e-01  8.058e-01  8.058e-01  8.058e-01  8.058e-01  8.058e-01  8.058e-01  8.058e-01  8.058e-01  8.058e-01  8.058e-01  8.058e-01  8.058e-01  8.058e-01  8.058e-01  8.058e-01  8.058e-01  8.058e-01  8.058e-01  8.058e-01  8.058e-01  8.058e-01  8.058e-01  8.058e-01 	
 7.419e-01  7.419e-01  7.419e-01  7.419e-01  7.419e-01  7.419e-01  7.419e-01  7.419e-01  7.419e-01  7.419e-01  7.419e-01  7.419e-01  7.419e-01  7.419e-01  7.419e-01  7.419e-01  7.419e-01  7.419e-01  7.419e-01  7.419e-01  7.419e-01  7.419e-01  7.419e-01  7.419e-01  7.419e-01  7.419e-01  7.419e-01  7.419e-01  7.419e-01  7.419e-01  7.419e-01  7.419e-01  7.419e-01  7.419e-01  7.419e-01  7.419e-01  7.419e-01  7.419e-01  7.419e-01  7.419e-01  7.419e-01  7.419e-01  7.419e-01  7.419e-01  7.419e-01  7.419e-01  7.419e-01  7.419e-01  7.419e-01  7.419e-01 	
 6.455e-01  6.455e-01  6.455e-01  6.455e-01  6.455e-01  6.455e-01  6.455e-01  6.455e-01  6.455e-01  6.455e-01  6.455e-01  6.455e-01  6.455e-01  6.455e-01  6.455e-01  6.455e-01  6.455e-01  6.455e-01  6.455e-01  6.455e-01  6.455e-01  6.455e-01  6.455e-01  6.455e-01  6.455e-01  6.455e-01  6.455e-01  6.455e-01  6.455e-01  6.455e-01  6.455e-01  6.455e-01  6.455e-01  6.455e-01  6.455e-01  6.455e-01  6.455e-01  6.455e-01  6.455e-01  6.455e-01  6.455e-01  6.455e-01  6.455e-01  6.455e-01  6.455e-01  6.455e-01  6.455e-01  6.455e-01  6.455e-01  6.455e-01 	
 5.787e-01  5.787e-01  5.787e-01  5.787e-01  5.787e-01  5.787e-01  5.787e-01  5.787e-01  5.787e-01  5.787e-01  5.787e-01  5.787e-01  5.787e-01  5.787e-01  5.787e-01  5.787e-01  5.787e-01  5.787e-01  5.787e-01  5.787e-01  5.787e-01  5.787e-01  5.787e-01  5.787e-01  5.787e-01  5.787e-01  5.787e-01  5.787e-01  5.787e-01  5.787e-01  5.787e-01  5.787e-01  5.787e-01  5.787e-01  5.787e-01  5.787e-01  5.787e-01  5.787e-01  5.787e-01  5.787e-01  5.787e-01  5.787e-01  5.787e-01  5.787e-01  5.787e-01  5.787e-01  5.787e-01  5.787e-01  5.787e-01  5.787e-01 	
 6.088e-01  6.088e-01  6.088e-01  6.088e-01  6.088e-01  6.088e-01  6.088e-01  6.088e-01  6.088e-01  6.088e-01  6.088e-01  6.088e-01  6.088e-01  6.088e-01  6.088e-01  6.088e-01  6.088e-01  6.088e-01  6.088e-01  6.088e-01  6.088e-01  6.088e-01  6.088e-01  6.088e-01  6.088e-01  6.088e-01  6.088e-01  6.088e-01  6.088e-01  6.088e-01  6.088e-01  6.088e-01  6.088e-01  6.088e-01  6.088e-01  6.088e-01  6.088e-01  6.088e-01  6.088e-01  6.088e-01  6.088e-01  6.088e-01  6.088e-01  6.088e-01  6.088e-01  6.088e-01  6.088e-01  6.088e-01  6.088e-01  6.088e-01 	
 6.534e-01  6.534e-01  6.534e-01  6.534e-01  6.534e-01  6.534e-01  6.534e-01  6.534e-01  6.534e-01  6.534e-01  6.534e-01  6.534e-01  6.534e-01  6.534e-01  6.534e-01  6.534e-01  6.534e-01  6.534e-01  6.534e-01  6.534e-01  6.534e-01  6.534e-01  6.534e-01  6.534e-01  6.534e-01  6.534e-01  6.534e-01  6.534e-01  6.534e-01  6.534e-01  6.534e-01  6.534e-01  6.534e-01  6.534e-01  6.534e-01  6.534e-01  6.534e-01  6.534e-01  6.534e-01  6.534e-01  6.534e-01  6.534e-01  6.534e-01  6.534e-01  6.534e-01  6.534e-01  6.534e-01  6.534e-01  6.534e-01  6.534e-01 	
 6.207e-01  6.207e-01  6.207e-01  6.207e-01  6.207e-01  6.207e-01  6.207e-01  6.207e-01  6.207e-01  6.207e-01  6.207e-01  6.207e-01  6.207e-01  6.207e-01  6.207e-01  6.207e-01  6.207e-01  6.207e-01  6.207e-01  6.207e-01  6.207e-01  6.207e-01  6.207e-01  6.207e-01  6.207e-01  6.207e-01  6.207e-01  6.207e-01  6.207e-01  6.207e-01  6.207e-01  6.207e-01  6.207e-01  6.207e-01  6.207e-01  6.207e-01  6.207e-01  6.207e-01  6.207e-01  6.207e-01  6.207e-01  6.207e-01  6.207e-01  6.207e-01  6.207e-01  6.207e-01  6.207e-01  6.207e-01  6.207e-01  6.207e-01 	
 5.612e-01  5.612e-01  5.612e-01  5.612e-01  5.612e-01  5.612e-01  5.612e-01  5.612e-01  5.612e-01  5.612e-01  5.612e-01  5.612e-01  5.612e-01  5.612e-01  5.612e-01  5.612e-01  5.612e-01  5.612e-01  5.612e-01  5.612e-01  5.612e-01  5.612e-01  5.612e-01  5.612e-01  5.612e-01  5.612e-01  5.612e-01  5.612e-01  5.612e-01  5.612e-01  5.612e-01  5.612e-01  5.612e-01  5.612e-01  5.612e-01  5.612e-01  5.612e-01  5.612e-01  5.612e-01  5.612e-01  5.612e-01  5.612e-01  5.612e-01  5.612e-01  5.612e-01  5.612e-01  5.612e-01  5.612e-01  5.612e-01  5.612e-01 	
 5.803e-01  5.803e-01  5.803e-01  5.803e-01  5.803e-01  5.803e-01  5.803e-01  5.803e-01  5.803e-01  5.803e-01  5.803e-01  5.803e-01  5.803e-01  5.803e-01  5.803e-01  5.803e-01  5.803e-01  5.803e-01  5.803e-01  5.803e-01  5.803e-01  5.803e-01  5.803e-01  5.803e-01  5.803e-01  5.803e-01  5.803e-01  5.803e-01  5.803e-01  5.803e-01  5.803e-01  5.803e-01  5.803e-01  5.803e-01  5.803e-01  5.803e-01  5.803e-01  5.803e-01  5.803e-01  5.803e-01  5.803e-01  5.803e-01  5.803e-01  5.803e-01  5.803e-01  5.803e-01  5.803e-01  5.803e-01  5.803e-01  5.803e-01 	
 5.685e-01  5.685e-01  5.685e-01  5.685e-01  5.685e-01  5.685e-01  5.685e-01  5.685e-01  5.685e-01  5.685e-01  5.685e-01  5.685e-01  5.685e-01  5.685e-01  5.685e-01  5.685e-01  5.685e-01  5.685e-01  5.685e-01  5.685e-01  5.685e-01  5.685e-01  5.685e-01  5.685e-01  5.685e-01  5.685e-01  5.685e-01  5.685e-01  5.685e-01  5.685e-01  5.685e-01  5.685e-01  5.685e-01  5.685e-01  5.685e-01  5.685e-01  5.685e-01  5.685e-01  5.685e-01  5.685e-01  5.685e-01  5.685e-01  5.685e-01  5.685e-01  5.685e-01  5.685e-01  5.685e-01  5.685e-01  5.685e-01  5.685e-01 	
 5.400e-01  5.400e-01  5.400e-01  5.400e-01  5.400e-01  5.400e-01  5.400e-01  5.400e-01  5.400e-01  5.400e-01  5.400e-01  5.400e-01  5.400e-01  5.400e-01  5.400e-01  5.400e-01  5.400e-01  5.400e-01  5.400e-01  5.400e-01  5.400e-01  5.400e-01  5.400e-01  5.400e-01  5.400e-01  5.400e-01  5.400e-01  5.400e-01  5.400e-01  5.400e-01  5.400e-01  5.400e-01  5.400e-01  5.400e-01  5.400e-01  5.400e-01  5.400e-01  5.400e-01  5.400e-01  5.400e-01  5.400e-01  5.400e-01  5.400e-01  5.400e-01  5.400e-01  5.400e-01  5.400e-01  5.400e-01  5.400e-01  5.400e-01 	
 5.514e-01  5.514e-01  5.514e-01  5.514e-01  5.514e-01  5.514e-01  5.514e-01  5.514e-01  5.514e-01  5.514e-01  5.514e-01  5.514e-01  5.514e-01  5.514e-01  5.514e-01  5.514e-01  5.514e-01  5.514e-01  5.514e-01  5.514e-01  5.514e-01  5.514e-01  5.514e-01  5.514e-01  5.514e-01  5.514e-01  5.514e-01  5.514e-01  5.514e-01  5.514e-01  5.514e-01  5.514e-01  5.514e-01  5.514e-01  5.514e-01  5.514e-01  5.514e-01  5.514e-01  5.514e-01  5.514e-01  5.514e-01  5.514e-01  5.514e-01  5.514e-01  5.514e-01  5.514e-01  5.514e-01  5.514e-01  5.514e-01  5.514e-01 	
 5.388e-01  5.388e-01  5.388e-01  5.388e-01  5.388e-01  5.388e-01  5.388e-01  5.388e-01  5.388e-01  5.388e-01  5.388e-01  5.388e-01  5.388e-01  5.388e-01  5.388e-01  5.388e-01  5.388e-01  5.388e-01  5.388e-01  5.388e-01  5.388e-01  5.388e-01  5.388e-01  5.388e-01  5.388e-01  5.388e-01  5.388e-01  5.388e-01  5.388e-01  5.388e-01  5.388e-01  5.388e-01  5.388e-01  5.388e-01  5.388e-01  5.388e-01  5.388e-01  5.388e-01  5.388e-01  5.388e-01  5.388e-01  5.388e-01  5.388e-01  5.388e-01  5.388e-01  5.388e-01  5.388e-01  5.388e-01  5.388e-01  5.388e-01 	
 5.332e-01  5.332e-01  5.332e-01  5.332e-01  5.332e-01  5.332e-01  5.332e-01  5.332e-01  5.332e-01  5.332e-01  5.332e-01  5.332e-01  5.332e-01  5.332e-01  5.332e-01  5.332e-01  5.332e-01  5.332e-01  5.332e-01  5.332e-01  5.332e-01  5.332e-01  5.332e-01  5.332e-01  5.332e-01  5.332e-01  5.332e-01  5.332e-01  5.332e-01  5.332e-01  5.332e-01  5.332e-01  5.332e-01  5.332e-01  5.332e-01  5.332e-01  5.332e-01  5.332e-01  5.332e-01  5.332e-01  5.332e-01  5.332e-01  5.332e-01  5.332e-01  5.332e-01  5.332e-01  5.332e-01  5.332e-01  5.332e-01  5.332e-01 	
 5.374e-01  5.374e-01  5.374e-01  5.374e-01  5.374e-01  5.374e-01  5.374e-01  5.374e-01  5.374e-01  5.374e-01  5.374e-01  5.374e-01  5.374e-01  5.374e-01  5.374e-01  5.374e-01  5.374e-01  5.374e-01  5.374e-01  5.374e-01  5.374e-01  5.374e-01  5.374e-01  5.374e-01  5.374e-01  5.374e-01  5.374e-01  5.374e-01  5.374e-01  5.374e-01  5.374e-01  5.374e-01  5.374e-01  5.374e-01  5.374e-01  5.374e-01  5.374e-01  5.374e-01  5.374e-01  5.374e-01  5.374e-01  5.374e-01  5.374e-01  5.374e-01  5.374e-01  5.374e-01  5.374e-01  5.374e-01  5.374e-01  5.374e-01 	
 5.380e-01  5.380e-01  5.380e-01  5.380e-01  5.380e-01  5.380e-01  5.380e-01  5.380e-01  5.380e-01  5.380e-01  5.380e-01  5.380e-01  5.380e-01  5.380e-01  5.380e-01  5.380e-01  5.380e-01  5.380e-01  5.380e-01  5.380e-01  5.380e-01  5.380e-01  5.380e-01  5.380e-01  5.380e-01  5.380e-01  5.380e-01  5.380e-01  5.380e-01  5.380e-01  5.380e-01  5.380e-01  5.380e-01  5.380e-01  5.380e-01  5.380e-01  5.380e-01  5.380e-01  5.380e-01  5.380e-01  5.380e-01  5.380e-01  5.380e-01  5.380e-01  5.380e-01  5.380e-01  5.380e-01  5.380e-01  5.380e-01  5.380e-01 	
 5.384e-01  5.384e-01  5.384e-01  5.384e-01  5.384e-01  5.384e-01  5.384e-01  5.384e-01  5.384e-01  5.384e-01  5.384e-01  5.384e-01  5.384e-01  5.384e-01  5.384e-01  5.384e-01  5.384e-01  5.384e-01  5.384e-01  5.384e-01  5.384e-01  5.384e-01  5.384e-01  5.384e-01  5.384e-01  5.384e-01  5.384e-01  5.384e-01  5.384e-01  5.384e-01  5.384e-01  5.384e-01  5.384e-01  5.384e-01  5.384e-01  5.384e-01  5.384e-01  5.384e-01  5.384e-01  5.384e-01  5.384e-01  5.384e-01  5.384e-01  5.384e-01  5.384e-01  5.384e-01  5.384e-01  5.384e-01  5.384e-01  5.384e-01 	
 5.390e-01  5.390e-01  5.390e-01  5.390e-01  5.390e-01  5.390e-01  5.390e-01  5.390e-01  5.390e-01  5.390e-01  5.390e-01  5.390e-01  5.390e-01  5.390e-01  5.390e-01  5.390e-01  5.390e-01  5.390e-01  5.390e-01  5.390e-01  5.390e-01  5.390e-01  5.390e-01  5.390e-01  5.390e-01  5.390e-01  5.390e-01  5.390e-01  5.390e-01  5.390e-01  5.390e-01  5.390e-01  5.390e-01  5.390e-01  5.390e-01  5.390e-01  5.390e-01  5.390e-01  5.390e-01  5.390e-01  5.390e-01  5.390e-01  5.390e-01  5.390e-01  5.390e-01  5.390e-01  5.390e-01  5.390e-01  5.390e-01  5.390e-01 	
 5.408e-01  5.408e-01  5.408e-01  5.408e-01  5.408e-01  5.408e-01  5.408e-01  5.408e-01  5.408e-01  5.408e-01  5.408e-01  5.408e-01  5.408e-01  5.408e-01  5.408e-01  5.408e-01  5.408e-01  5.408e-01  5.408e-01  5.408e-01  5.408e-01  5.408e-01  5.408e-01  5.408e-01  5.408e-01  5.408e-01  5.408e-01  5.408e-01  5.408e-01  5.408e-01  5.408e-01  5.408e-01  5.408e-01  5.408e-01  5.408e-01  5.408e-01  5.408e-01  5.408e-01  5.408e-01  5.408e-01  5.408e-01  5.408e-01  5.408e-01  5.408e-01  5.408e-01  5.408e-01  5.408e-01  5.408e-01  5.408e-01  5.408e-01 	
 5.426e-01  5.426e-01  5.426e-01  5.426e-01  5.426e-01  5.426e-01  5.426e-01  5.426e-01  5.426e-01  5.426e-01  5.426e-01  5.426e-01  5.426e-01  5.426e-01  5.426e-01  5.426e-01  5.426e-01  5.426e-01  5.426e-01  5.426e-01  5.426e-01  5.426e-01  5.426e-01  5.426e-01  5.426e-01  5.426e-01  5.426e-01  5.426e-01  5.426e-01  5.426e-01  5.426e-01  5.426e-01  5.426e-01  5.426e-01  5.426e-01  5.426e-01  5.426e-01  5.426e-01  5.426e-01  5.426e-01  5.426e-01  5.426e-01  5.426e-01  5.426e-01  5.426e-01  5.426e-01  5.426e-01  5.426e-01  5.426e-01  5.426e-01 	
 5.442e-01  5.442e-01  5.442e-01  5.442e-01  5.442e-01  5.442e-01  5.442e-01  5.442e-01  5.442e-01  5.442e-01  5.442e-01  5.442e-01  5.442e-01  5.442e-01  5.442e-01  5.442e-01  5.442e-01  5.442e-01  5.442e-01  5.442e-01  5.442e-01  5.442e-01  5.442e-01  5.442e-01  5.442e-01  5.442e-01  5.442e-01  5.442e-01  5.442e-01  5.442e-01  5.442e-01  5.442e-01  5.442e-01  5.442e-01  5.442e-01  5.442e-01  5.442e-01  5.442e-01  5.442e-01  5.442e-01  5.442e-01  5.442e-01  5.442e-01  5.442e-01  5.442e-01  5.442e-01  5.442e-01  5.442e-01  5.442e-01  5.442e-01 	
 5.456e-01  5.456e-01  5.456e-01  5.456e-01  5.456e-01  5.456e-01  5.456e-01  5.456e-01  5.456e-01  5.456e-01  5.456e-01  5.456e-01  5.456e-01  5.456e-01  5.456e-01  5.456e-01  5.456e-01  5.456e-01  5.456e-01  5.456e-01  5.456e-01  5.456e-01  5.456e-01  5.456e-01  5.456e-01  5.456e-01  5.456e-01  5.456e-01  5.456e-01  5.456e-01  5.456e-01  5.456e-01  5.456e-01  5.456e-01  5.456e-01  5.456e-01  5.456e-01  5.456e-01  5.456e-01  5.456e-01  5.456e-01  5.456e-01  5.456e-01  5.456e-01  5.456e-01  5.456e-01  5.456e-01  5.456e-01  5.456e-01  5.456e-01 	
 5.468e-01  5.468e-01  5.468e-01  5.468e-01  5.468e-01  5.468e-01  5.468e-01  5.468e-01  5.468e-01  5.468e-01  5.468e-01  5.468e-01  5.468e-01  5.468e-01  5.468e-01  5.468e-01  5.468e-01  5.468e-01  5.468e-01  5.468e-01  5.468e-01  5.468e-01  5.468e-01  5.468e-01  5.468e-01  5.468e-01  5.468e-01  5.468e-01  5.468e-01  5.468e-01  5.468e-01  5.468e-01  5.468e-01  5.468e-01  5.468e-01  5.468e-01  5.468e-01  5.468e-01  5.468e-01  5.468e-01  5.468e-01  5.468e-01  5.468e-01  5.468e-01  5.468e-01  5.468e-01  5.468e-01  5.468e-01  5.468e-01  5.468e-01 	
 5.479e-01  5.479e-01  5.479e-01  5.479e-01  5.479e-01  5.479e-01  5.479e-01  5.479e-01  5.479e-01  5.479e-01  5.479e-01  5.479e-01  5.479e-01  5.479e-01  5.479e-01  5.479e-01  5.479e-01  5.479e-01  5.479e-01  5.479e-01  5.479e-01  5.479e-01  5.479e-01  5.479e-01  5.479e-01  5.479e-01  5.479e-01  5.479e-01  5.479e-01  5.479e-01  5.479e-01  5.479e-01  5.479e-01  5.479e-01  5.479e-01  5.479e-01  5.479e-01  5.479e-01  5.479e-01  5.479e-01  5.479e-01  5.479e-01  5.479e-01  5.479e-01  5.479e-01  5.479e-01  5.479e-01  5.479e-01  5.479e-01  5.479e-01 	
 5.488e-01  5.488e-01  5.488e-01  5.488e-01  5.488e-01  5.488e-01  5.488e-01  5.488e-01  5.488e-01  5.488e-01  5.488e-01  5.488e-01  5.488e-01  5.488e-01  5.488e-01  5.488e-01  5.488e-01  5.488e-01  5.488e-01  5.488e-01  5.488e-01  5.488e-01  5.488e-01  5.488e-01  5.488e-01  5.488e-01  5.488e-01  5.488e-01  5.488e-01  5.488e-01  5.488e-01  5.488e-01  5.488e-01  5.488e-01  5.488e-01  5.488e-01  5.488e-01  5.488e-01  5.488e-01  5.488e-01  5.488e-01  5.488e-01  5.488e-01  5.488e-01  5.488e-01  5.488e-01  5.488e-01  5.488e-01  5.488e-01  5.488e-01 	
 5.495e-01  5.495e-01  5.495e-01  5.495e-01  5.495e-01  5.495e-01  5.495e-01  5.495e-01  5.495e-01  5.495e-01  5.495e-01  5.495e-01  5.495e-01  5.495e-01  5.495e-01  5.495e-01  5.495e-01  5.495e-01  5.495e-01  5.495e-01  5.495e-01  5.495e-01  5.495e-01  5.495e-01  5.495e-01  5.495e-01  5.495e-01  5.495e-01  5.495e-01  5.495e-01  5.495e-01  5.495e-01  5.495e-01  5.495e-01  5.495e-01  5.495e-01  5.495e-01  5.495e-01  5.495e-01  5.495e-01  5.495e-01  5.495e-01  5.495e-01  5.495e-01  5.495e-01  5.495e-01  5.495e-01  5.495e-01  5.495e-01  5.495e-01 	
 5.502e-01  5.502e-01  5.502e-01  5.502e-01  5.502e-01  5.502e-01  5.502e-01  5.502e-01  5.502e-01  5.502e-01  5.502e-01  5.502e-01  5.502e-01  5.502e-01  5.502e-01  5.502e-01  5.502e-01  5.502e-01  5.502e-01  5.502e-01  5.502e-01  5.502e-01  5.502e-01  5.502e-01  5.502e-01  5.502e-01  5.502e-01  5.502e-01  5.502e-01  5.502e-01  5.502e-01  5.502e-01  5.502e-01  5.502e-01  5.502e-01  5.502e-01  5.502e-01  5.502e-01  5.502e-01  5.502e-01  5.502e-01  5.502e-01  5.502e-01  5.502e-01  5.502e-01  5.502e-01  5.502e-01  5.502e-01  5.502e-01  5.502e-01 	
 5.507e-01  5.507e-01  5.507e-01  5.507e-01  5.507e-01  5.507e-01  5.507e-01  5.507e-01  5.507e-01  5.507e-01  5.507e-01  5.507e-01  5.507e-01  5.507e-01  5.507e-01  5.507e-01  5.507e-01  5.507e-01  5.507e-01  5.507e-01  5.507e-01  5.507e-01  5.507e-01  5.507e-01  5.507e-01  5.507e-01  5.507e-01  5.507e-01  5.507e-01  5.507e-01  5.507e-01  5.507e-01  5.507e-01  5.507e-01  5.507e-01  5.507e-01  5.507e-01  5.507e-01  5.507e-01  5.507e-01  5.507e-01  5.507e-01  5.507e-01  5.507e-01  5.507e-01  5.507e-01  5.507e-01  5.507e-01  5.507e-01  5.507e-01 	
 5.512e-01  5.512e-01  5.512e-01  5.512e-01  5.512e-01  5.512e-01  5.512e-01  5.512e-01  5.512e-01  5.512e-01  5.512e-01  5.512e-01  5.512e-01  5.512e-01  5.512e-01  5.512e-01  5.512e-01  5.512e-01  5.512e-01  5.512e-01  5.512e-01  5.512e-01  5.512e-01  5.512e-01  5.512e-01  5.512e-01  5.512e-01  5.512e-01  5.512e-01  5.512e-01  5.512e-01  5.512e-01  5.512e-01  5.512e-01  5.512e-01  5.512e-01  5.512e-01  5.512e-01  5.512e-01  5.512e-01  5.512e-01  5.512e-01  5.512e-01  5.512e-01  5.512e-01  5.512e-01  5.512e-01  5.512e-01  5.512e-01  5.512e-01 	
 5.516e-01  5.516e-01  5.516e-01  5.516e-01  5.516e-01  5.516e-01  5.516e-01  5.516e-01  5.516e-01  5.516e-01  5.516e-01  5.516e-01  5.516e-01  5.516e-01  5.516e-01  5.516e-01  5.516e-01  5.516e-01  5.516e-01  5.516e-01  5.516e-01  5.516e-01  5.516e-01  5.516e-01  5.516e-01  5.516e-01  5.516e-01  5.516e-01  5.516e-01  5.516e-01  5.516e-01  5.516e-01  5.516e-01  5.516e-01  5.516e-01  5.516e-01  5.516e-01  5.516e-01  5.516e-01  5.516e-01  5.516e-01  5.516e-01  5.516e-01  5.516e-01  5.516e-01  5.516e-01  5.516e-01  5.516e-01  5.516e-01  5.516e-01 	
 5.519e-01  5.519e-01  5.519e-01  5.519e-01  5.519e-01  5.519e-01  5.519e-01  5.519e-01  5.519e-01  5.519e-01  5.519e-01  5.519e-01  5.519e-01  5.519e-01  5.519e-01  5.519e-01  5.519e-01  5.519e-01  5.519e-01  5.519e-01  5.519e-01  5.519e-01  5.519e-01  5.519e-01  5.519e-01  5.519e-01  5.519e-01  5.519e-01  5.519e-01  5.519e-01  5.519e-01  5.519e-01  5.519e-01  5.519e-01  5.519e-01  5.519e-01  5.519e-01  5.519e-01  5.519e-01  5.519e-01  5.519e-01  5.519e-01  5.519e-01  5.519e-01  5.519e-01  5.519e-01  5.519e-01  5.519e-01  5.519e-01  5.519e-01 	
 5.522e-01  5.522e-01  5.522e-01  5.522e-01  5.522e-01  5.522e-01  5.522e-01  5.522e-01  5.522e-01  5.522e-01  5.522e-01  5.522e-01  5.522e-01  5.522e-01  5.522e-01  5.522e-01  5.522e-01  5.522e-01  5.522e-01  5.522e-01  5.522e-01  5.522e-01  5.522e-01  5.522e-01  5.522e-01  5.522e-01  5.522e-01  5.522e-01  5.522e-01  5.522e-01  5.522e-01  5.522e-01  5.522e-01  5.522e-01  5.522e-01  5.522e-01  5.522e-01  5.522e-01  5.522e-01  5.522e-01  5.522e-01  5.522e-01  5.522e-01  5.522e-01  5.522e-01  5.522e-01  5.522e-01  5.522e-01  5.522e-01  5.522e-01 	
 5.524e-01  5.524e-01  5.524e-01  5.524e-01  5.524e-01  5.524e-01  5.524e-01  5.524e-01  5.524e-01  5.524e-01  5.524e-01  5.524e-01  5.524e-01  5.524e-01  5.524e-01  5.524e-01  5.524e-01  5.524e-01  5.524e-01  5.524e-01  5.524e-01  5.524e-01  5.524e-01  5.524e-01  5.524e-01  5.524e-01  5.524e-01  5.524e-01  5.524e-01  5.524e-01  5.524e-01  5.524e-01  5.524e-01  5.524e-01  5.524e-01  5.524e-01  5.524e-01  5.524e-01  5.524e-01  5.524e-01  5.524e-01  5.524e-01  5.524e-01  5.524e-01  5.524e-01  5.524e-01  5.524e-01  5.524e-01  5.524e-01  5.524e-01 	
 5.526e-01  5.526e-01  5.526e-01  5.526e-01  5.526e-01  5.526e-01  5.526e-01  5.526e-01  5.526e-01  5.526e-01  5.526e-01  5.526e-01  5.526e-01  5.526e-01  5.526e-01  5.526e-01  5.526e-01  5.526e-01  5.526e-01  5.526e-01  5.526e-01  5.526e-01  5.526e-01  5.526e-01  5.526e-01  5.526e-01  5.526e-01  5.526e-01  5.526e-01  5.526e-01  5.526e-01  5.526e-01  5.526e-01  5.526e-01  5.526e-01  5.526e-01  5.526e-01  5.526e-01  5.526e-01  5.526e-01  5.526e-01  5.526e-01  5.526e-01  5.526e-01  5.526e-01  5.526e-01  5.526e-01  5.526e-01  5.526e-01  5.526e-01 	
 5.527e-01  5.527e-01  5.527e-01  5.527e-01  5.527e-01  5.527e-01  5.527e-01  5.527e-01  5.527e-01  5.527e-01  5.527e-01  5.527e-01  5.527e-01  5.527e-01  5.527e-01  5.527e-01  5.527e-01  5.527e-01  5.527e-01  5.527e-01  5.527e-01  5.527e-01  5.527e-01  5.527e-01  5.527e-01  5.527e-01  5.527e-01  5.527e-01  5.527e-01  5.527e-01  5.527e-01  5.527e-01  5.527e-01  5.527e-01  5.527e-01  5.527e-01  5.527e-01  5.527e-01  5.527e-01  5.527e-01  5.527e-01  5.527e-01  5.527e-01  5.527e-01  5.527e-01  5.527e-01  5.527e-01  5.527e-01  5.527e-01  5.527e-01 	
 5.528e-01  5.528e-01  5.528e-01  5.528e-01  5.528e-01  5.528e-01  5.528e-01  5.528e-01  5.528e-01  5.528e-01  5.528e-01  5.528e-01  5.528e-01  5.528e-01  5.528e-01  5.528e-01  5.528e-01  5.528e-01  5.528e-01  5.528e-01  5.528e-01  5.528e-01  5.528e-01  5.528e-01  5.528e-01  5.528e-01  5.528e-01  5.528e-01  5.528e-01  5.528e-01  5.528e-01  5.528e-01  5.528e-01  5.528e-01  5.528e-01  5.528e-01  5.528e-01  5.528e-01  5.528e-01  5.528e-01  5.528e-01  5.528e-01  5.528e-01  5.528e-01  5.528e-01  5.528e-01  5.528e-01  5.528e-01  5.528e-01  5.528e-01 	
 5.529e-01  5.529e-01  5.529e-01  5.529e-01  5.529e-01  5.529e-01  5.529e-01  5.529e-01  5.529e-01  5.529e-01  5.529e-01  5.529e-01  5.529e-01  5.529e-01  5.529e-01  5.529e-01  5.529e-01  5.529e-01  5.529e-01  5.529e-01  5.529e-01  5.529e-01  5.529e-01  5.529e-01  5.529e-01  5.529e-01  5.529e-01  5.529e-01  5.529e-01  5.529e-01  5.529e-01  5.529e-01  5.529e-01  5.529e-01  5.529e-01  5.529e-01  5.529e-01  5.529e-01  5.529e-01  5.529e-01  5.529e-01  5.529e-01  5.529e-01  5.529e-01  5.529e-01  5.529e-01  5.529e-01  5.529e-01  5.529e-01  5.529e-01 	
 5.529e-01  5.529e-01  5.529e-01  5.529e-01  5.529e-01  5.529e-01  5.529e-01  5.529e-01  5.529e-01  5.529e-01  5.529e-01  5.529e-01  5.529e-01  5.529e-01  5.529e-01  5.529e-01  5.529e-01  5.529e-01  5.529e-01  5.529e-01  5.529e-01  5.529e-01  5.529e-01  5.529e-01  5.529e-01  5.529e-01  5.529e-01  5.529e-01  5.529e-01  5.529e-01  5.529e-01  5.529e-01  5.529e-01  5.529e-01  5.529e-01  5.529e-01  5.529e-01  5.529e-01  5.529e-01  5.529e-01  5.529e-01  5.529e-01  5.529e-01  5.529e-01  5.529e-01  5.529e-01  5.529e-01  5.529e-01  5.529e-01  5.529e-01 	
 5.529e-01  5.529e-01  5.529e-01  5.529e-01  5.529e-01  5.529e-01  5.529e-01  5.529e-01  5.529e-01  5.529e-01  5.529e-01  5.529e-01  5.529e-01  5.529e-01  5.529e-01  5.529e-01  5.529e-01  5.529e-01  5.529e-01  5.529e-01  5.529e-01  5.529e-01  5.529e-01  5.529e-01  5.529e-01  5.529e-01  5.529e-01  5.529e-01  5.529e-01  5.529e-01  5.529e-01  5.529e-01  5.529e-01  5.529e-01  5.529e-01  5.529e-01  5.529e-01  5.529e-01  5.529e-01  5.529e-01  5.529e-01  5.529e-01  5.529e-01  5.529e-01  5.529e-01  5.529e-01  5.529e-01  5.529e-01  5.529e-01  5.529e-01 	
 5.529e-01  5.529e-01  5.529e-01  5.529e-01  5.529e-01  5.529e-01  5.529e-01  5.529e-01  5.529e-01  5.529e-01  5.529e-01  5.529e-01  5.529e-01  5.529e-01  5.529e-01  5.529e-01  5.529e-01  5.529e-01  5.529e-01  5.529e-01  5.529e-01  5.529e-01  5.529e-01  5.529e-01  5.529e-01  5.529e-01  5.529e-01  5.529e-01  5.529e-01  5.529e-01  5.529e-01  5.529e-01  5.529e-01  5.529e-01  5.529e-01  5.529e-01  5.529e-01  5.529e-01  5.529e-01  5.529e-01  5.529e-01  5.529e-01  5.529e-01  5.529e-01  5.529e-01  5.529e-01  5.529e-01  5.529e-01  5.529e-01  5.529e-01 	
 5.529e-01  5.529e-01  5.529e-01  5.529e-01  5.529e-01  5.529e-01  5.529e-01  5.529e-01  5.529e-01  5.529e-01  5.529e-01  5.529e-01  5.529e-01  5.529e-01  5.529e-01  5.529e-01  5.529e-01  5.529e-01  5.529e-01  5.529e-01  5.529e-01  5.529e-01  5.529e-01  5.529e-01  5.529e-01  5.529e-01  5.529e-01  5.529e-01  5.529e-01  5.529e-01  5.529e-01  5.529e-01  5.529e-01  5.529e-01  5.529e-01  5.529e-01  5.529e-01  5.529e-01  5.529e-01  5.529e-01  5.529e-01  5.529e-01  5.529e-01  5.529e-01  5.529e-01  5.529e-01  5.529e-01  5.529e-01  5.529e-01  5.529e-01 	
