 6.295e-01  6.295e-01  6.295e-01  6.295e-01  6.295e-01  6.295e-01  6.295e-01  6.295e-01  6.295e-01  6.295e-01  6.295e-01  6.295e-01  6.295e-01  6.295e-01  6.295e-01  6.295e-01  6.295e-01  6.295e-01  6.295e-01  6.295e-01  6.295e-01  6.295e-01  6.295e-01  6.295e-01  6.295e-01  6.295e-01  6.295e-01  6.295e-01  6.295e-01  6.295e-01  6.295e-01  6.295e-01  6.295e-01  6.295e-01  6.295e-01  6.295e-01  6.295e-01  6.295e-01  6.295e-01  6.295e-01  6.295e-01  6.295e-01  6.295e-01  6.295e-01  6.295e-01  6.295e-01  6.295e-01  6.295e-01  6.295e-01  6.295e-01 	
 7.023e-01  7.023e-01  7.023e-01  7.023e-01  7.023e-01  7.023e-01  7.023e-01  7.023e-01  7.023e-01  7.023e-01  7.023e-01  7.023e-01  7.023e-01  7.023e-01  7.023e-01  7.023e-01  7.023e-01  7.023e-01  7.023e-01  7.023e-01  7.023e-01  7.023e-01  7.023e-01  7.023e-01  7.023e-01  7.023e-01  7.023e-01  7.023e-01  7.023e-01  7.023e-01  7.023e-01  7.023e-01  7.023e-01  7.023e-01  7.023e-01  7.023e-01  7.023e-01  7.023e-01  7.023e-01  7.023e-01  7.023e-01  7.023e-01  7.023e-01  7.023e-01  7.023e-01  7.023e-01  7.023e-01  7.023e-01  7.023e-01  7.023e-01 	
 7.593e-01  7.593e-01  7.593e-01  7.593e-01  7.593e-01  7.593e-01  7.593e-01  7.593e-01  7.593e-01  7.593e-01  7.593e-01  7.593e-01  7.593e-01  7.593e-01  7.593e-01  7.593e-01  7.593e-01  7.593e-01  7.593e-01  7.593e-01  7.593e-01  7.593e-01  7.593e-01  7.593e-01  7.593e-01  7.593e-01  7.593e-01  7.593e-01  7.593e-01  7.593e-01  7.593e-01  7.593e-01  7.593e-01  7.593e-01  7.593e-01  7.593e-01  7.593e-01  7.593e-01  7.593e-01  7.593e-01  7.593e-01  7.593e-01  7.593e-01  7.593e-01  7.593e-01  7.593e-01  7.593e-01  7.593e-01  7.593e-01  7.593e-01 	
 7.988e-01  7.988e-01  7.988e-01  7.988e-01  7.988e-01  7.988e-01  7.988e-01  7.988e-01  7.988e-01  7.988e-01  7.988e-01  7.988e-01  7.988e-01  7.988e-01  7.988e-01  7.988e-01  7.988e-01  7.988e-01  7.988e-01  7.988e-01  7.988e-01  7.988e-01  7.988e-01  7.988e-01  7.988e-01  7.988e-01  7.988e-01  7.988e-01  7.988e-01  7.988e-01  7.988e-01  7.988e-01  7.988e-01  7.988e-01  7.988e-01  7.988e-01  7.988e-01  7.988e-01  7.988e-01  7.988e-01  7.988e-01  7.988e-01  7.988e-01  7.988e-01  7.988e-01  7.988e-01  7.988e-01  7.988e-01  7.988e-01  7.988e-01 	
 8.220e-01  8.220e-01  8.220e-01  8.220e-01  8.220e-01  8.220e-01  8.220e-01  8.220e-01  8.220e-01  8.220e-01  8.220e-01  8.220e-01  8.220e-01  8.220e-01  8.220e-01  8.220e-01  8.220e-01  8.220e-01  8.220e-01  8.220e-01  8.220e-01  8.220e-01  8.220e-01  8.220e-01  8.220e-01  8.220e-01  8.220e-01  8.220e-01  8.220e-01  8.220e-01  8.220e-01  8.220e-01  8.220e-01  8.220e-01  8.220e-01  8.220e-01  8.220e-01  8.220e-01  8.220e-01  8.220e-01  8.220e-01  8.220e-01  8.220e-01  8.220e-01  8.220e-01  8.220e-01  8.220e-01  8.220e-01  8.220e-01  8.220e-01 	
 8.389e-01  8.389e-01  8.389e-01  8.389e-01  8.389e-01  8.389e-01  8.389e-01  8.389e-01  8.389e-01  8.389e-01  8.389e-01  8.389e-01  8.389e-01  8.389e-01  8.389e-01  8.389e-01  8.389e-01  8.389e-01  8.389e-01  8.389e-01  8.389e-01  8.389e-01  8.389e-01  8.389e-01  8.389e-01  8.389e-01  8.389e-01  8.389e-01  8.389e-01  8.389e-01  8.389e-01  8.389e-01  8.389e-01  8.389e-01  8.389e-01  8.389e-01  8.389e-01  8.389e-01  8.389e-01  8.389e-01  8.389e-01  8.389e-01  8.389e-01  8.389e-01  8.389e-01  8.389e-01  8.389e-01  8.389e-01  8.389e-01  8.389e-01 	
 8.648e-01  8.648e-01  8.648e-01  8.648e-01  8.648e-01  8.648e-01  8.648e-01  8.648e-01  8.648e-01  8.648e-01  8.648e-01  8.648e-01  8.648e-01  8.648e-01  8.648e-01  8.648e-01  8.648e-01  8.648e-01  8.648e-01  8.648e-01  8.648e-01  8.648e-01  8.648e-01  8.648e-01  8.648e-01  8.648e-01  8.648e-01  8.648e-01  8.648e-01  8.648e-01  8.648e-01  8.648e-01  8.648e-01  8.648e-01  8.648e-01  8.648e-01  8.648e-01  8.648e-01  8.648e-01  8.648e-01  8.648e-01  8.648e-01  8.648e-01  8.648e-01  8.648e-01  8.648e-01  8.648e-01  8.648e-01  8.648e-01  8.648e-01 	
 8.810e-01  8.810e-01  8.810e-01  8.810e-01  8.810e-01  8.810e-01  8.810e-01  8.810e-01  8.810e-01  8.810e-01  8.810e-01  8.810e-01  8.810e-01  8.810e-01  8.810e-01  8.810e-01  8.810e-01  8.810e-01  8.810e-01  8.810e-01  8.810e-01  8.810e-01  8.810e-01  8.810e-01  8.810e-01  8.810e-01  8.810e-01  8.810e-01  8.810e-01  8.810e-01  8.810e-01  8.810e-01  8.810e-01  8.810e-01  8.810e-01  8.810e-01  8.810e-01  8.810e-01  8.810e-01  8.810e-01  8.810e-01  8.810e-01  8.810e-01  8.810e-01  8.810e-01  8.810e-01  8.810e-01  8.810e-01  8.810e-01  8.810e-01 	
 8.753e-01  8.753e-01  8.753e-01  8.753e-01  8.753e-01  8.753e-01  8.753e-01  8.753e-01  8.753e-01  8.753e-01  8.753e-01  8.753e-01  8.753e-01  8.753e-01  8.753e-01  8.753e-01  8.753e-01  8.753e-01  8.753e-01  8.753e-01  8.753e-01  8.753e-01  8.753e-01  8.753e-01  8.753e-01  8.753e-01  8.753e-01  8.753e-01  8.753e-01  8.753e-01  8.753e-01  8.753e-01  8.753e-01  8.753e-01  8.753e-01  8.753e-01  8.753e-01  8.753e-01  8.753e-01  8.753e-01  8.753e-01  8.753e-01  8.753e-01  8.753e-01  8.753e-01  8.753e-01  8.753e-01  8.753e-01  8.753e-01  8.753e-01 	
 8.836e-01  8.836e-01  8.836e-01  8.836e-01  8.836e-01  8.836e-01  8.836e-01  8.836e-01  8.836e-01  8.836e-01  8.836e-01  8.836e-01  8.836e-01  8.836e-01  8.836e-01  8.836e-01  8.836e-01  8.836e-01  8.836e-01  8.836e-01  8.836e-01  8.836e-01  8.836e-01  8.836e-01  8.836e-01  8.836e-01  8.836e-01  8.836e-01  8.836e-01  8.836e-01  8.836e-01  8.836e-01  8.836e-01  8.836e-01  8.836e-01  8.836e-01  8.836e-01  8.836e-01  8.836e-01  8.836e-01  8.836e-01  8.836e-01  8.836e-01  8.836e-01  8.836e-01  8.836e-01  8.836e-01  8.836e-01  8.836e-01  8.836e-01 	
 8.681e-01  8.681e-01  8.681e-01  8.681e-01  8.681e-01  8.681e-01  8.681e-01  8.681e-01  8.681e-01  8.681e-01  8.681e-01  8.681e-01  8.681e-01  8.681e-01  8.681e-01  8.681e-01  8.681e-01  8.681e-01  8.681e-01  8.681e-01  8.681e-01  8.681e-01  8.681e-01  8.681e-01  8.681e-01  8.681e-01  8.681e-01  8.681e-01  8.681e-01  8.681e-01  8.681e-01  8.681e-01  8.681e-01  8.681e-01  8.681e-01  8.681e-01  8.681e-01  8.681e-01  8.681e-01  8.681e-01  8.681e-01  8.681e-01  8.681e-01  8.681e-01  8.681e-01  8.681e-01  8.681e-01  8.681e-01  8.681e-01  8.681e-01 	
 8.598e-01  8.598e-01  8.598e-01  8.598e-01  8.598e-01  8.598e-01  8.598e-01  8.598e-01  8.598e-01  8.598e-01  8.598e-01  8.598e-01  8.598e-01  8.598e-01  8.598e-01  8.598e-01  8.598e-01  8.598e-01  8.598e-01  8.598e-01  8.598e-01  8.598e-01  8.598e-01  8.598e-01  8.598e-01  8.598e-01  8.598e-01  8.598e-01  8.598e-01  8.598e-01  8.598e-01  8.598e-01  8.598e-01  8.598e-01  8.598e-01  8.598e-01  8.598e-01  8.598e-01  8.598e-01  8.598e-01  8.598e-01  8.598e-01  8.598e-01  8.598e-01  8.598e-01  8.598e-01  8.598e-01  8.598e-01  8.598e-01  8.598e-01 	
 8.311e-01  8.311e-01  8.311e-01  8.311e-01  8.311e-01  8.311e-01  8.311e-01  8.311e-01  8.311e-01  8.311e-01  8.311e-01  8.311e-01  8.311e-01  8.311e-01  8.311e-01  8.311e-01  8.311e-01  8.311e-01  8.311e-01  8.311e-01  8.311e-01  8.311e-01  8.311e-01  8.311e-01  8.311e-01  8.311e-01  8.311e-01  8.311e-01  8.311e-01  8.311e-01  8.311e-01  8.311e-01  8.311e-01  8.311e-01  8.311e-01  8.311e-01  8.311e-01  8.311e-01  8.311e-01  8.311e-01  8.311e-01  8.311e-01  8.311e-01  8.311e-01  8.311e-01  8.311e-01  8.311e-01  8.311e-01  8.311e-01  8.311e-01 	
 7.642e-01  7.642e-01  7.642e-01  7.642e-01  7.642e-01  7.642e-01  7.642e-01  7.642e-01  7.642e-01  7.642e-01  7.642e-01  7.642e-01  7.642e-01  7.642e-01  7.642e-01  7.642e-01  7.642e-01  7.642e-01  7.642e-01  7.642e-01  7.642e-01  7.642e-01  7.642e-01  7.642e-01  7.642e-01  7.642e-01  7.642e-01  7.642e-01  7.642e-01  7.642e-01  7.642e-01  7.642e-01  7.642e-01  7.642e-01  7.642e-01  7.642e-01  7.642e-01  7.642e-01  7.642e-01  7.642e-01  7.642e-01  7.642e-01  7.642e-01  7.642e-01  7.642e-01  7.642e-01  7.642e-01  7.642e-01  7.642e-01  7.642e-01 	
 6.711e-01  6.711e-01  6.711e-01  6.711e-01  6.711e-01  6.711e-01  6.711e-01  6.711e-01  6.711e-01  6.711e-01  6.711e-01  6.711e-01  6.711e-01  6.711e-01  6.711e-01  6.711e-01  6.711e-01  6.711e-01  6.711e-01  6.711e-01  6.711e-01  6.711e-01  6.711e-01  6.711e-01  6.711e-01  6.711e-01  6.711e-01  6.711e-01  6.711e-01  6.711e-01  6.711e-01  6.711e-01  6.711e-01  6.711e-01  6.711e-01  6.711e-01  6.711e-01  6.711e-01  6.711e-01  6.711e-01  6.711e-01  6.711e-01  6.711e-01  6.711e-01  6.711e-01  6.711e-01  6.711e-01  6.711e-01  6.711e-01  6.711e-01 	
 6.082e-01  6.082e-01  6.082e-01  6.082e-01  6.082e-01  6.082e-01  6.082e-01  6.082e-01  6.082e-01  6.082e-01  6.082e-01  6.082e-01  6.082e-01  6.082e-01  6.082e-01  6.082e-01  6.082e-01  6.082e-01  6.082e-01  6.082e-01  6.082e-01  6.082e-01  6.082e-01  6.082e-01  6.082e-01  6.082e-01  6.082e-01  6.082e-01  6.082e-01  6.082e-01  6.082e-01  6.082e-01  6.082e-01  6.082e-01  6.082e-01  6.082e-01  6.082e-01  6.082e-01  6.082e-01  6.082e-01  6.082e-01  6.082e-01  6.082e-01  6.082e-01  6.082e-01  6.082e-01  6.082e-01  6.082e-01  6.082e-01  6.082e-01 	
 6.265e-01  6.265e-01  6.265e-01  6.265e-01  6.265e-01  6.265e-01  6.265e-01  6.265e-01  6.265e-01  6.265e-01  6.265e-01  6.265e-01  6.265e-01  6.265e-01  6.265e-01  6.265e-01  6.265e-01  6.265e-01  6.265e-01  6.265e-01  6.265e-01  6.265e-01  6.265e-01  6.265e-01  6.265e-01  6.265e-01  6.265e-01  6.265e-01  6.265e-01  6.265e-01  6.265e-01  6.265e-01  6.265e-01  6.265e-01  6.265e-01  6.265e-01  6.265e-01  6.265e-01  6.265e-01  6.265e-01  6.265e-01  6.265e-01  6.265e-01  6.265e-01  6.265e-01  6.265e-01  6.265e-01  6.265e-01  6.265e-01  6.265e-01 	
 6.647e-01  6.647e-01  6.647e-01  6.647e-01  6.647e-01  6.647e-01  6.647e-01  6.647e-01  6.647e-01  6.647e-01  6.647e-01  6.647e-01  6.647e-01  6.647e-01  6.647e-01  6.647e-01  6.647e-01  6.647e-01  6.647e-01  6.647e-01  6.647e-01  6.647e-01  6.647e-01  6.647e-01  6.647e-01  6.647e-01  6.647e-01  6.647e-01  6.647e-01  6.647e-01  6.647e-01  6.647e-01  6.647e-01  6.647e-01  6.647e-01  6.647e-01  6.647e-01  6.647e-01  6.647e-01  6.647e-01  6.647e-01  6.647e-01  6.647e-01  6.647e-01  6.647e-01  6.647e-01  6.647e-01  6.647e-01  6.647e-01  6.647e-01 	
 6.483e-01  6.483e-01  6.483e-01  6.483e-01  6.483e-01  6.483e-01  6.483e-01  6.483e-01  6.483e-01  6.483e-01  6.483e-01  6.483e-01  6.483e-01  6.483e-01  6.483e-01  6.483e-01  6.483e-01  6.483e-01  6.483e-01  6.483e-01  6.483e-01  6.483e-01  6.483e-01  6.483e-01  6.483e-01  6.483e-01  6.483e-01  6.483e-01  6.483e-01  6.483e-01  6.483e-01  6.483e-01  6.483e-01  6.483e-01  6.483e-01  6.483e-01  6.483e-01  6.483e-01  6.483e-01  6.483e-01  6.483e-01  6.483e-01  6.483e-01  6.483e-01  6.483e-01  6.483e-01  6.483e-01  6.483e-01  6.483e-01  6.483e-01 	
 5.790e-01  5.790e-01  5.790e-01  5.790e-01  5.790e-01  5.790e-01  5.790e-01  5.790e-01  5.790e-01  5.790e-01  5.790e-01  5.790e-01  5.790e-01  5.790e-01  5.790e-01  5.790e-01  5.790e-01  5.790e-01  5.790e-01  5.790e-01  5.790e-01  5.790e-01  5.790e-01  5.790e-01  5.790e-01  5.790e-01  5.790e-01  5.790e-01  5.790e-01  5.790e-01  5.790e-01  5.790e-01  5.790e-01  5.790e-01  5.790e-01  5.790e-01  5.790e-01  5.790e-01  5.790e-01  5.790e-01  5.790e-01  5.790e-01  5.790e-01  5.790e-01  5.790e-01  5.790e-01  5.790e-01  5.790e-01  5.790e-01  5.790e-01 	
 5.885e-01  5.885e-01  5.885e-01  5.885e-01  5.885e-01  5.885e-01  5.885e-01  5.885e-01  5.885e-01  5.885e-01  5.885e-01  5.885e-01  5.885e-01  5.885e-01  5.885e-01  5.885e-01  5.885e-01  5.885e-01  5.885e-01  5.885e-01  5.885e-01  5.885e-01  5.885e-01  5.885e-01  5.885e-01  5.885e-01  5.885e-01  5.885e-01  5.885e-01  5.885e-01  5.885e-01  5.885e-01  5.885e-01  5.885e-01  5.885e-01  5.885e-01  5.885e-01  5.885e-01  5.885e-01  5.885e-01  5.885e-01  5.885e-01  5.885e-01  5.885e-01  5.885e-01  5.885e-01  5.885e-01  5.885e-01  5.885e-01  5.885e-01 	
 5.919e-01  5.919e-01  5.919e-01  5.919e-01  5.919e-01  5.919e-01  5.919e-01  5.919e-01  5.919e-01  5.919e-01  5.919e-01  5.919e-01  5.919e-01  5.919e-01  5.919e-01  5.919e-01  5.919e-01  5.919e-01  5.919e-01  5.919e-01  5.919e-01  5.919e-01  5.919e-01  5.919e-01  5.919e-01  5.919e-01  5.919e-01  5.919e-01  5.919e-01  5.919e-01  5.919e-01  5.919e-01  5.919e-01  5.919e-01  5.919e-01  5.919e-01  5.919e-01  5.919e-01  5.919e-01  5.919e-01  5.919e-01  5.919e-01  5.919e-01  5.919e-01  5.919e-01  5.919e-01  5.919e-01  5.919e-01  5.919e-01  5.919e-01 	
 5.447e-01  5.447e-01  5.447e-01  5.447e-01  5.447e-01  5.447e-01  5.447e-01  5.447e-01  5.447e-01  5.447e-01  5.447e-01  5.447e-01  5.447e-01  5.447e-01  5.447e-01  5.447e-01  5.447e-01  5.447e-01  5.447e-01  5.447e-01  5.447e-01  5.447e-01  5.447e-01  5.447e-01  5.447e-01  5.447e-01  5.447e-01  5.447e-01  5.447e-01  5.447e-01  5.447e-01  5.447e-01  5.447e-01  5.447e-01  5.447e-01  5.447e-01  5.447e-01  5.447e-01  5.447e-01  5.447e-01  5.447e-01  5.447e-01  5.447e-01  5.447e-01  5.447e-01  5.447e-01  5.447e-01  5.447e-01  5.447e-01  5.447e-01 	
 5.670e-01  5.670e-01  5.670e-01  5.670e-01  5.670e-01  5.670e-01  5.670e-01  5.670e-01  5.670e-01  5.670e-01  5.670e-01  5.670e-01  5.670e-01  5.670e-01  5.670e-01  5.670e-01  5.670e-01  5.670e-01  5.670e-01  5.670e-01  5.670e-01  5.670e-01  5.670e-01  5.670e-01  5.670e-01  5.670e-01  5.670e-01  5.670e-01  5.670e-01  5.670e-01  5.670e-01  5.670e-01  5.670e-01  5.670e-01  5.670e-01  5.670e-01  5.670e-01  5.670e-01  5.670e-01  5.670e-01  5.670e-01  5.670e-01  5.670e-01  5.670e-01  5.670e-01  5.670e-01  5.670e-01  5.670e-01  5.670e-01  5.670e-01 	
 5.407e-01  5.407e-01  5.407e-01  5.407e-01  5.407e-01  5.407e-01  5.407e-01  5.407e-01  5.407e-01  5.407e-01  5.407e-01  5.407e-01  5.407e-01  5.407e-01  5.407e-01  5.407e-01  5.407e-01  5.407e-01  5.407e-01  5.407e-01  5.407e-01  5.407e-01  5.407e-01  5.407e-01  5.407e-01  5.407e-01  5.407e-01  5.407e-01  5.407e-01  5.407e-01  5.407e-01  5.407e-01  5.407e-01  5.407e-01  5.407e-01  5.407e-01  5.407e-01  5.407e-01  5.407e-01  5.407e-01  5.407e-01  5.407e-01  5.407e-01  5.407e-01  5.407e-01  5.407e-01  5.407e-01  5.407e-01  5.407e-01  5.407e-01 	
 5.421e-01  5.421e-01  5.421e-01  5.421e-01  5.421e-01  5.421e-01  5.421e-01  5.421e-01  5.421e-01  5.421e-01  5.421e-01  5.421e-01  5.421e-01  5.421e-01  5.421e-01  5.421e-01  5.421e-01  5.421e-01  5.421e-01  5.421e-01  5.421e-01  5.421e-01  5.421e-01  5.421e-01  5.421e-01  5.421e-01  5.421e-01  5.421e-01  5.421e-01  5.421e-01  5.421e-01  5.421e-01  5.421e-01  5.421e-01  5.421e-01  5.421e-01  5.421e-01  5.421e-01  5.421e-01  5.421e-01  5.421e-01  5.421e-01  5.421e-01  5.421e-01  5.421e-01  5.421e-01  5.421e-01  5.421e-01  5.421e-01  5.421e-01 	
 5.440e-01  5.440e-01  5.440e-01  5.440e-01  5.440e-01  5.440e-01  5.440e-01  5.440e-01  5.440e-01  5.440e-01  5.440e-01  5.440e-01  5.440e-01  5.440e-01  5.440e-01  5.440e-01  5.440e-01  5.440e-01  5.440e-01  5.440e-01  5.440e-01  5.440e-01  5.440e-01  5.440e-01  5.440e-01  5.440e-01  5.440e-01  5.440e-01  5.440e-01  5.440e-01  5.440e-01  5.440e-01  5.440e-01  5.440e-01  5.440e-01  5.440e-01  5.440e-01  5.440e-01  5.440e-01  5.440e-01  5.440e-01  5.440e-01  5.440e-01  5.440e-01  5.440e-01  5.440e-01  5.440e-01  5.440e-01  5.440e-01  5.440e-01 	
 5.407e-01  5.407e-01  5.407e-01  5.407e-01  5.407e-01  5.407e-01  5.407e-01  5.407e-01  5.407e-01  5.407e-01  5.407e-01  5.407e-01  5.407e-01  5.407e-01  5.407e-01  5.407e-01  5.407e-01  5.407e-01  5.407e-01  5.407e-01  5.407e-01  5.407e-01  5.407e-01  5.407e-01  5.407e-01  5.407e-01  5.407e-01  5.407e-01  5.407e-01  5.407e-01  5.407e-01  5.407e-01  5.407e-01  5.407e-01  5.407e-01  5.407e-01  5.407e-01  5.407e-01  5.407e-01  5.407e-01  5.407e-01  5.407e-01  5.407e-01  5.407e-01  5.407e-01  5.407e-01  5.407e-01  5.407e-01  5.407e-01  5.407e-01 	
 5.402e-01  5.402e-01  5.402e-01  5.402e-01  5.402e-01  5.402e-01  5.402e-01  5.402e-01  5.402e-01  5.402e-01  5.402e-01  5.402e-01  5.402e-01  5.402e-01  5.402e-01  5.402e-01  5.402e-01  5.402e-01  5.402e-01  5.402e-01  5.402e-01  5.402e-01  5.402e-01  5.402e-01  5.402e-01  5.402e-01  5.402e-01  5.402e-01  5.402e-01  5.402e-01  5.402e-01  5.402e-01  5.402e-01  5.402e-01  5.402e-01  5.402e-01  5.402e-01  5.402e-01  5.402e-01  5.402e-01  5.402e-01  5.402e-01  5.402e-01  5.402e-01  5.402e-01  5.402e-01  5.402e-01  5.402e-01  5.402e-01  5.402e-01 	
 5.408e-01  5.408e-01  5.408e-01  5.408e-01  5.408e-01  5.408e-01  5.408e-01  5.408e-01  5.408e-01  5.408e-01  5.408e-01  5.408e-01  5.408e-01  5.408e-01  5.408e-01  5.408e-01  5.408e-01  5.408e-01  5.408e-01  5.408e-01  5.408e-01  5.408e-01  5.408e-01  5.408e-01  5.408e-01  5.408e-01  5.408e-01  5.408e-01  5.408e-01  5.408e-01  5.408e-01  5.408e-01  5.408e-01  5.408e-01  5.408e-01  5.408e-01  5.408e-01  5.408e-01  5.408e-01  5.408e-01  5.408e-01  5.408e-01  5.408e-01  5.408e-01  5.408e-01  5.408e-01  5.408e-01  5.408e-01  5.408e-01  5.408e-01 	
 5.410e-01  5.410e-01  5.410e-01  5.410e-01  5.410e-01  5.410e-01  5.410e-01  5.410e-01  5.410e-01  5.410e-01  5.410e-01  5.410e-01  5.410e-01  5.410e-01  5.410e-01  5.410e-01  5.410e-01  5.410e-01  5.410e-01  5.410e-01  5.410e-01  5.410e-01  5.410e-01  5.410e-01  5.410e-01  5.410e-01  5.410e-01  5.410e-01  5.410e-01  5.410e-01  5.410e-01  5.410e-01  5.410e-01  5.410e-01  5.410e-01  5.410e-01  5.410e-01  5.410e-01  5.410e-01  5.410e-01  5.410e-01  5.410e-01  5.410e-01  5.410e-01  5.410e-01  5.410e-01  5.410e-01  5.410e-01  5.410e-01  5.410e-01 	
 5.431e-01  5.431e-01  5.431e-01  5.431e-01  5.431e-01  5.431e-01  5.431e-01  5.431e-01  5.431e-01  5.431e-01  5.431e-01  5.431e-01  5.431e-01  5.431e-01  5.431e-01  5.431e-01  5.431e-01  5.431e-01  5.431e-01  5.431e-01  5.431e-01  5.431e-01  5.431e-01  5.431e-01  5.431e-01  5.431e-01  5.431e-01  5.431e-01  5.431e-01  5.431e-01  5.431e-01  5.431e-01  5.431e-01  5.431e-01  5.431e-01  5.431e-01  5.431e-01  5.431e-01  5.431e-01  5.431e-01  5.431e-01  5.431e-01  5.431e-01  5.431e-01  5.431e-01  5.431e-01  5.431e-01  5.431e-01  5.431e-01  5.431e-01 	
 5.444e-01  5.444e-01  5.444e-01  5.444e-01  5.444e-01  5.444e-01  5.444e-01  5.444e-01  5.444e-01  5.444e-01  5.444e-01  5.444e-01  5.444e-01  5.444e-01  5.444e-01  5.444e-01  5.444e-01  5.444e-01  5.444e-01  5.444e-01  5.444e-01  5.444e-01  5.444e-01  5.444e-01  5.444e-01  5.444e-01  5.444e-01  5.444e-01  5.444e-01  5.444e-01  5.444e-01  5.444e-01  5.444e-01  5.444e-01  5.444e-01  5.444e-01  5.444e-01  5.444e-01  5.444e-01  5.444e-01  5.444e-01  5.444e-01  5.444e-01  5.444e-01  5.444e-01  5.444e-01  5.444e-01  5.444e-01  5.444e-01  5.444e-01 	
 5.459e-01  5.459e-01  5.459e-01  5.459e-01  5.459e-01  5.459e-01  5.459e-01  5.459e-01  5.459e-01  5.459e-01  5.459e-01  5.459e-01  5.459e-01  5.459e-01  5.459e-01  5.459e-01  5.459e-01  5.459e-01  5.459e-01  5.459e-01  5.459e-01  5.459e-01  5.459e-01  5.459e-01  5.459e-01  5.459e-01  5.459e-01  5.459e-01  5.459e-01  5.459e-01  5.459e-01  5.459e-01  5.459e-01  5.459e-01  5.459e-01  5.459e-01  5.459e-01  5.459e-01  5.459e-01  5.459e-01  5.459e-01  5.459e-01  5.459e-01  5.459e-01  5.459e-01  5.459e-01  5.459e-01  5.459e-01  5.459e-01  5.459e-01 	
 5.472e-01  5.472e-01  5.472e-01  5.472e-01  5.472e-01  5.472e-01  5.472e-01  5.472e-01  5.472e-01  5.472e-01  5.472e-01  5.472e-01  5.472e-01  5.472e-01  5.472e-01  5.472e-01  5.472e-01  5.472e-01  5.472e-01  5.472e-01  5.472e-01  5.472e-01  5.472e-01  5.472e-01  5.472e-01  5.472e-01  5.472e-01  5.472e-01  5.472e-01  5.472e-01  5.472e-01  5.472e-01  5.472e-01  5.472e-01  5.472e-01  5.472e-01  5.472e-01  5.472e-01  5.472e-01  5.472e-01  5.472e-01  5.472e-01  5.472e-01  5.472e-01  5.472e-01  5.472e-01  5.472e-01  5.472e-01  5.472e-01  5.472e-01 	
 5.482e-01  5.482e-01  5.482e-01  5.482e-01  5.482e-01  5.482e-01  5.482e-01  5.482e-01  5.482e-01  5.482e-01  5.482e-01  5.482e-01  5.482e-01  5.482e-01  5.482e-01  5.482e-01  5.482e-01  5.482e-01  5.482e-01  5.482e-01  5.482e-01  5.482e-01  5.482e-01  5.482e-01  5.482e-01  5.482e-01  5.482e-01  5.482e-01  5.482e-01  5.482e-01  5.482e-01  5.482e-01  5.482e-01  5.482e-01  5.482e-01  5.482e-01  5.482e-01  5.482e-01  5.482e-01  5.482e-01  5.482e-01  5.482e-01  5.482e-01  5.482e-01  5.482e-01  5.482e-01  5.482e-01  5.482e-01  5.482e-01  5.482e-01 	
 5.492e-01  5.492e-01  5.492e-01  5.492e-01  5.492e-01  5.492e-01  5.492e-01  5.492e-01  5.492e-01  5.492e-01  5.492e-01  5.492e-01  5.492e-01  5.492e-01  5.492e-01  5.492e-01  5.492e-01  5.492e-01  5.492e-01  5.492e-01  5.492e-01  5.492e-01  5.492e-01  5.492e-01  5.492e-01  5.492e-01  5.492e-01  5.492e-01  5.492e-01  5.492e-01  5.492e-01  5.492e-01  5.492e-01  5.492e-01  5.492e-01  5.492e-01  5.492e-01  5.492e-01  5.492e-01  5.492e-01  5.492e-01  5.492e-01  5.492e-01  5.492e-01  5.492e-01  5.492e-01  5.492e-01  5.492e-01  5.492e-01  5.492e-01 	
 5.500e-01  5.500e-01  5.500e-01  5.500e-01  5.500e-01  5.500e-01  5.500e-01  5.500e-01  5.500e-01  5.500e-01  5.500e-01  5.500e-01  5.500e-01  5.500e-01  5.500e-01  5.500e-01  5.500e-01  5.500e-01  5.500e-01  5.500e-01  5.500e-01  5.500e-01  5.500e-01  5.500e-01  5.500e-01  5.500e-01  5.500e-01  5.500e-01  5.500e-01  5.500e-01  5.500e-01  5.500e-01  5.500e-01  5.500e-01  5.500e-01  5.500e-01  5.500e-01  5.500e-01  5.500e-01  5.500e-01  5.500e-01  5.500e-01  5.500e-01  5.500e-01  5.500e-01  5.500e-01  5.500e-01  5.500e-01  5.500e-01  5.500e-01 	
 5.507e-01  5.507e-01  5.507e-01  5.507e-01  5.507e-01  5.507e-01  5.507e-01  5.507e-01  5.507e-01  5.507e-01  5.507e-01  5.507e-01  5.507e-01  5.507e-01  5.507e-01  5.507e-01  5.507e-01  5.507e-01  5.507e-01  5.507e-01  5.507e-01  5.507e-01  5.507e-01  5.507e-01  5.507e-01  5.507e-01  5.507e-01  5.507e-01  5.507e-01  5.507e-01  5.507e-01  5.507e-01  5.507e-01  5.507e-01  5.507e-01  5.507e-01  5.507e-01  5.507e-01  5.507e-01  5.507e-01  5.507e-01  5.507e-01  5.507e-01  5.507e-01  5.507e-01  5.507e-01  5.507e-01  5.507e-01  5.507e-01  5.507e-01 	
 5.513e-01  5.513e-01  5.513e-01  5.513e-01  5.513e-01  5.513e-01  5.513e-01  5.513e-01  5.513e-01  5.513e-01  5.513e-01  5.513e-01  5.513e-01  5.513e-01  5.513e-01  5.513e-01  5.513e-01  5.513e-01  5.513e-01  5.513e-01  5.513e-01  5.513e-01  5.513e-01  5.513e-01  5.513e-01  5.513e-01  5.513e-01  5.513e-01  5.513e-01  5.513e-01  5.513e-01  5.513e-01  5.513e-01  5.513e-01  5.513e-01  5.513e-01  5.513e-01  5.513e-01  5.513e-01  5.513e-01  5.513e-01  5.513e-01  5.513e-01  5.513e-01  5.513e-01  5.513e-01  5.513e-01  5.513e-01  5.513e-01  5.513e-01 	
 5.518e-01  5.518e-01  5.518e-01  5.518e-01  5.518e-01  5.518e-01  5.518e-01  5.518e-01  5.518e-01  5.518e-01  5.518e-01  5.518e-01  5.518e-01  5.518e-01  5.518e-01  5.518e-01  5.518e-01  5.518e-01  5.518e-01  5.518e-01  5.518e-01  5.518e-01  5.518e-01  5.518e-01  5.518e-01  5.518e-01  5.518e-01  5.518e-01  5.518e-01  5.518e-01  5.518e-01  5.518e-01  5.518e-01  5.518e-01  5.518e-01  5.518e-01  5.518e-01  5.518e-01  5.518e-01  5.518e-01  5.518e-01  5.518e-01  5.518e-01  5.518e-01  5.518e-01  5.518e-01  5.518e-01  5.518e-01  5.518e-01  5.518e-01 	
 5.522e-01  5.522e-01  5.522e-01  5.522e-01  5.522e-01  5.522e-01  5.522e-01  5.522e-01  5.522e-01  5.522e-01  5.522e-01  5.522e-01  5.522e-01  5.522e-01  5.522e-01  5.522e-01  5.522e-01  5.522e-01  5.522e-01  5.522e-01  5.522e-01  5.522e-01  5.522e-01  5.522e-01  5.522e-01  5.522e-01  5.522e-01  5.522e-01  5.522e-01  5.522e-01  5.522e-01  5.522e-01  5.522e-01  5.522e-01  5.522e-01  5.522e-01  5.522e-01  5.522e-01  5.522e-01  5.522e-01  5.522e-01  5.522e-01  5.522e-01  5.522e-01  5.522e-01  5.522e-01  5.522e-01  5.522e-01  5.522e-01  5.522e-01 	
 5.525e-01  5.525e-01  5.525e-01  5.525e-01  5.525e-01  5.525e-01  5.525e-01  5.525e-01  5.525e-01  5.525e-01  5.525e-01  5.525e-01  5.525e-01  5.525e-01  5.525e-01  5.525e-01  5.525e-01  5.525e-01  5.525e-01  5.525e-01  5.525e-01  5.525e-01  5.525e-01  5.525e-01  5.525e-01  5.525e-01  5.525e-01  5.525e-01  5.525e-01  5.525e-01  5.525e-01  5.525e-01  5.525e-01  5.525e-01  5.525e-01  5.525e-01  5.525e-01  5.525e-01  5.525e-01  5.525e-01  5.525e-01  5.525e-01  5.525e-01  5.525e-01  5.525e-01  5.525e-01  5.525e-01  5.525e-01  5.525e-01  5.525e-01 	
 5.528e-01  5.528e-01  5.528e-01  5.528e-01  5.528e-01  5.528e-01  5.528e-01  5.528e-01  5.528e-01  5.528e-01  5.528e-01  5.528e-01  5.528e-01  5.528e-01  5.528e-01  5.528e-01  5.528e-01  5.528e-01  5.528e-01  5.528e-01  5.528e-01  5.528e-01  5.528e-01  5.528e-01  5.528e-01  5.528e-01  5.528e-01  5.528e-01  5.528e-01  5.528e-01  5.528e-01  5.528e-01  5.528e-01  5.528e-01  5.528e-01  5.528e-01  5.528e-01  5.528e-01  5.528e-01  5.528e-01  5.528e-01  5.528e-01  5.528e-01  5.528e-01  5.528e-01  5.528e-01  5.528e-01  5.528e-01  5.528e-01  5.528e-01 	
 5.530e-01  5.530e-01  5.530e-01  5.530e-01  5.530e-01  5.530e-01  5.530e-01  5.530e-01  5.530e-01  5.530e-01  5.530e-01  5.530e-01  5.530e-01  5.530e-01  5.530e-01  5.530e-01  5.530e-01  5.530e-01  5.530e-01  5.530e-01  5.530e-01  5.530e-01  5.530e-01  5.530e-01  5.530e-01  5.530e-01  5.530e-01  5.530e-01  5.530e-01  5.530e-01  5.530e-01  5.530e-01  5.530e-01  5.530e-01  5.530e-01  5.530e-01  5.530e-01  5.530e-01  5.530e-01  5.530e-01  5.530e-01  5.530e-01  5.530e-01  5.530e-01  5.530e-01  5.530e-01  5.530e-01  5.530e-01  5.530e-01  5.530e-01 	
 5.532e-01  5.532e-01  5.532e-01  5.532e-01  5.532e-01  5.532e-01  5.532e-01  5.532e-01  5.532e-01  5.532e-01  5.532e-01  5.532e-01  5.532e-01  5.532e-01  5.532e-01  5.532e-01  5.532e-01  5.532e-01  5.532e-01  5.532e-01  5.532e-01  5.532e-01  5.532e-01  5.532e-01  5.532e-01  5.532e-01  5.532e-01  5.532e-01  5.532e-01  5.532e-01  5.532e-01  5.532e-01  5.532e-01  5.532e-01  5.532e-01  5.532e-01  5.532e-01  5.532e-01  5.532e-01  5.532e-01  5.532e-01  5.532e-01  5.532e-01  5.532e-01  5.532e-01  5.532e-01  5.532e-01  5.532e-01  5.532e-01  5.532e-01 	
 5.533e-01  5.533e-01  5.533e-01  5.533e-01  5.533e-01  5.533e-01  5.533e-01  5.533e-01  5.533e-01  5.533e-01  5.533e-01  5.533e-01  5.533e-01  5.533e-01  5.533e-01  5.533e-01  5.533e-01  5.533e-01  5.533e-01  5.533e-01  5.533e-01  5.533e-01  5.533e-01  5.533e-01  5.533e-01  5.533e-01  5.533e-01  5.533e-01  5.533e-01  5.533e-01  5.533e-01  5.533e-01  5.533e-01  5.533e-01  5.533e-01  5.533e-01  5.533e-01  5.533e-01  5.533e-01  5.533e-01  5.533e-01  5.533e-01  5.533e-01  5.533e-01  5.533e-01  5.533e-01  5.533e-01  5.533e-01  5.533e-01  5.533e-01 	
 5.535e-01  5.535e-01  5.535e-01  5.535e-01  5.535e-01  5.535e-01  5.535e-01  5.535e-01  5.535e-01  5.535e-01  5.535e-01  5.535e-01  5.535e-01  5.535e-01  5.535e-01  5.535e-01  5.535e-01  5.535e-01  5.535e-01  5.535e-01  5.535e-01  5.535e-01  5.535e-01  5.535e-01  5.535e-01  5.535e-01  5.535e-01  5.535e-01  5.535e-01  5.535e-01  5.535e-01  5.535e-01  5.535e-01  5.535e-01  5.535e-01  5.535e-01  5.535e-01  5.535e-01  5.535e-01  5.535e-01  5.535e-01  5.535e-01  5.535e-01  5.535e-01  5.535e-01  5.535e-01  5.535e-01  5.535e-01  5.535e-01  5.535e-01 	
 5.535e-01  5.535e-01  5.535e-01  5.535e-01  5.535e-01  5.535e-01  5.535e-01  5.535e-01  5.535e-01  5.535e-01  5.535e-01  5.535e-01  5.535e-01  5.535e-01  5.535e-01  5.535e-01  5.535e-01  5.535e-01  5.535e-01  5.535e-01  5.535e-01  5.535e-01  5.535e-01  5.535e-01  5.535e-01  5.535e-01  5.535e-01  5.535e-01  5.535e-01  5.535e-01  5.535e-01  5.535e-01  5.535e-01  5.535e-01  5.535e-01  5.535e-01  5.535e-01  5.535e-01  5.535e-01  5.535e-01  5.535e-01  5.535e-01  5.535e-01  5.535e-01  5.535e-01  5.535e-01  5.535e-01  5.535e-01  5.535e-01  5.535e-01 	
 5.536e-01  5.536e-01  5.536e-01  5.536e-01  5.536e-01  5.536e-01  5.536e-01  5.536e-01  5.536e-01  5.536e-01  5.536e-01  5.536e-01  5.536e-01  5.536e-01  5.536e-01  5.536e-01  5.536e-01  5.536e-01  5.536e-01  5.536e-01  5.536e-01  5.536e-01  5.536e-01  5.536e-01  5.536e-01  5.536e-01  5.536e-01  5.536e-01  5.536e-01  5.536e-01  5.536e-01  5.536e-01  5.536e-01  5.536e-01  5.536e-01  5.536e-01  5.536e-01  5.536e-01  5.536e-01  5.536e-01  5.536e-01  5.536e-01  5.536e-01  5.536e-01  5.536e-01  5.536e-01  5.536e-01  5.536e-01  5.536e-01  5.536e-01 	
