 1.630e-01  1.630e-01  1.630e-01  1.630e-01  1.630e-01  1.630e-01  1.630e-01  1.630e-01  1.630e-01  1.630e-01  1.630e-01  1.630e-01  1.630e-01  1.630e-01  1.630e-01  1.630e-01  1.630e-01  1.630e-01  1.630e-01  1.630e-01  1.630e-01  1.630e-01  1.630e-01  1.630e-01  1.630e-01  1.630e-01  1.630e-01  1.630e-01  1.630e-01  1.630e-01  1.630e-01  1.630e-01  1.630e-01  1.630e-01  1.630e-01  1.630e-01  1.630e-01  1.630e-01  1.630e-01  1.630e-01  1.630e-01  1.630e-01  1.630e-01  1.630e-01  1.630e-01  1.630e-01  1.630e-01  1.630e-01  1.630e-01  1.630e-01 	
 2.270e-01  2.270e-01  2.270e-01  2.270e-01  2.270e-01  2.270e-01  2.270e-01  2.270e-01  2.270e-01  2.270e-01  2.270e-01  2.270e-01  2.270e-01  2.270e-01  2.270e-01  2.270e-01  2.270e-01  2.270e-01  2.270e-01  2.270e-01  2.270e-01  2.270e-01  2.270e-01  2.270e-01  2.270e-01  2.270e-01  2.270e-01  2.270e-01  2.270e-01  2.270e-01  2.270e-01  2.270e-01  2.270e-01  2.270e-01  2.270e-01  2.270e-01  2.270e-01  2.270e-01  2.270e-01  2.270e-01  2.270e-01  2.270e-01  2.270e-01  2.270e-01  2.270e-01  2.270e-01  2.270e-01  2.270e-01  2.270e-01  2.270e-01 	
 3.062e-01  3.062e-01  3.062e-01  3.062e-01  3.062e-01  3.062e-01  3.062e-01  3.062e-01  3.062e-01  3.062e-01  3.062e-01  3.062e-01  3.062e-01  3.062e-01  3.062e-01  3.062e-01  3.062e-01  3.062e-01  3.062e-01  3.062e-01  3.062e-01  3.062e-01  3.062e-01  3.062e-01  3.062e-01  3.062e-01  3.062e-01  3.062e-01  3.062e-01  3.062e-01  3.062e-01  3.062e-01  3.062e-01  3.062e-01  3.062e-01  3.062e-01  3.062e-01  3.062e-01  3.062e-01  3.062e-01  3.062e-01  3.062e-01  3.062e-01  3.062e-01  3.062e-01  3.062e-01  3.062e-01  3.062e-01  3.062e-01  3.062e-01 	
 3.975e-01  3.975e-01  3.975e-01  3.975e-01  3.975e-01  3.975e-01  3.975e-01  3.975e-01  3.975e-01  3.975e-01  3.975e-01  3.975e-01  3.975e-01  3.975e-01  3.975e-01  3.975e-01  3.975e-01  3.975e-01  3.975e-01  3.975e-01  3.975e-01  3.975e-01  3.975e-01  3.975e-01  3.975e-01  3.975e-01  3.975e-01  3.975e-01  3.975e-01  3.975e-01  3.975e-01  3.975e-01  3.975e-01  3.975e-01  3.975e-01  3.975e-01  3.975e-01  3.975e-01  3.975e-01  3.975e-01  3.975e-01  3.975e-01  3.975e-01  3.975e-01  3.975e-01  3.975e-01  3.975e-01  3.975e-01  3.975e-01  3.975e-01 	
 4.951e-01  4.951e-01  4.951e-01  4.951e-01  4.951e-01  4.951e-01  4.951e-01  4.951e-01  4.951e-01  4.951e-01  4.951e-01  4.951e-01  4.951e-01  4.951e-01  4.951e-01  4.951e-01  4.951e-01  4.951e-01  4.951e-01  4.951e-01  4.951e-01  4.951e-01  4.951e-01  4.951e-01  4.951e-01  4.951e-01  4.951e-01  4.951e-01  4.951e-01  4.951e-01  4.951e-01  4.951e-01  4.951e-01  4.951e-01  4.951e-01  4.951e-01  4.951e-01  4.951e-01  4.951e-01  4.951e-01  4.951e-01  4.951e-01  4.951e-01  4.951e-01  4.951e-01  4.951e-01  4.951e-01  4.951e-01  4.951e-01  4.951e-01 	
 5.911e-01  5.911e-01  5.911e-01  5.911e-01  5.911e-01  5.911e-01  5.911e-01  5.911e-01  5.911e-01  5.911e-01  5.911e-01  5.911e-01  5.911e-01  5.911e-01  5.911e-01  5.911e-01  5.911e-01  5.911e-01  5.911e-01  5.911e-01  5.911e-01  5.911e-01  5.911e-01  5.911e-01  5.911e-01  5.911e-01  5.911e-01  5.911e-01  5.911e-01  5.911e-01  5.911e-01  5.911e-01  5.911e-01  5.911e-01  5.911e-01  5.911e-01  5.911e-01  5.911e-01  5.911e-01  5.911e-01  5.911e-01  5.911e-01  5.911e-01  5.911e-01  5.911e-01  5.911e-01  5.911e-01  5.911e-01  5.911e-01  5.911e-01 	
 6.782e-01  6.782e-01  6.782e-01  6.782e-01  6.782e-01  6.782e-01  6.782e-01  6.782e-01  6.782e-01  6.782e-01  6.782e-01  6.782e-01  6.782e-01  6.782e-01  6.782e-01  6.782e-01  6.782e-01  6.782e-01  6.782e-01  6.782e-01  6.782e-01  6.782e-01  6.782e-01  6.782e-01  6.782e-01  6.782e-01  6.782e-01  6.782e-01  6.782e-01  6.782e-01  6.782e-01  6.782e-01  6.782e-01  6.782e-01  6.782e-01  6.782e-01  6.782e-01  6.782e-01  6.782e-01  6.782e-01  6.782e-01  6.782e-01  6.782e-01  6.782e-01  6.782e-01  6.782e-01  6.782e-01  6.782e-01  6.782e-01  6.782e-01 	
 7.519e-01  7.519e-01  7.519e-01  7.519e-01  7.519e-01  7.519e-01  7.519e-01  7.519e-01  7.519e-01  7.519e-01  7.519e-01  7.519e-01  7.519e-01  7.519e-01  7.519e-01  7.519e-01  7.519e-01  7.519e-01  7.519e-01  7.519e-01  7.519e-01  7.519e-01  7.519e-01  7.519e-01  7.519e-01  7.519e-01  7.519e-01  7.519e-01  7.519e-01  7.519e-01  7.519e-01  7.519e-01  7.519e-01  7.519e-01  7.519e-01  7.519e-01  7.519e-01  7.519e-01  7.519e-01  7.519e-01  7.519e-01  7.519e-01  7.519e-01  7.519e-01  7.519e-01  7.519e-01  7.519e-01  7.519e-01  7.519e-01  7.519e-01 	
 8.102e-01  8.102e-01  8.102e-01  8.102e-01  8.102e-01  8.102e-01  8.102e-01  8.102e-01  8.102e-01  8.102e-01  8.102e-01  8.102e-01  8.102e-01  8.102e-01  8.102e-01  8.102e-01  8.102e-01  8.102e-01  8.102e-01  8.102e-01  8.102e-01  8.102e-01  8.102e-01  8.102e-01  8.102e-01  8.102e-01  8.102e-01  8.102e-01  8.102e-01  8.102e-01  8.102e-01  8.102e-01  8.102e-01  8.102e-01  8.102e-01  8.102e-01  8.102e-01  8.102e-01  8.102e-01  8.102e-01  8.102e-01  8.102e-01  8.102e-01  8.102e-01  8.102e-01  8.102e-01  8.102e-01  8.102e-01  8.102e-01  8.102e-01 	
 8.538e-01  8.538e-01  8.538e-01  8.538e-01  8.538e-01  8.538e-01  8.538e-01  8.538e-01  8.538e-01  8.538e-01  8.538e-01  8.538e-01  8.538e-01  8.538e-01  8.538e-01  8.538e-01  8.538e-01  8.538e-01  8.538e-01  8.538e-01  8.538e-01  8.538e-01  8.538e-01  8.538e-01  8.538e-01  8.538e-01  8.538e-01  8.538e-01  8.538e-01  8.538e-01  8.538e-01  8.538e-01  8.538e-01  8.538e-01  8.538e-01  8.538e-01  8.538e-01  8.538e-01  8.538e-01  8.538e-01  8.538e-01  8.538e-01  8.538e-01  8.538e-01  8.538e-01  8.538e-01  8.538e-01  8.538e-01  8.538e-01  8.538e-01 	
 8.839e-01  8.839e-01  8.839e-01  8.839e-01  8.839e-01  8.839e-01  8.839e-01  8.839e-01  8.839e-01  8.839e-01  8.839e-01  8.839e-01  8.839e-01  8.839e-01  8.839e-01  8.839e-01  8.839e-01  8.839e-01  8.839e-01  8.839e-01  8.839e-01  8.839e-01  8.839e-01  8.839e-01  8.839e-01  8.839e-01  8.839e-01  8.839e-01  8.839e-01  8.839e-01  8.839e-01  8.839e-01  8.839e-01  8.839e-01  8.839e-01  8.839e-01  8.839e-01  8.839e-01  8.839e-01  8.839e-01  8.839e-01  8.839e-01  8.839e-01  8.839e-01  8.839e-01  8.839e-01  8.839e-01  8.839e-01  8.839e-01  8.839e-01 	
 9.023e-01  9.023e-01  9.023e-01  9.023e-01  9.023e-01  9.023e-01  9.023e-01  9.023e-01  9.023e-01  9.023e-01  9.023e-01  9.023e-01  9.023e-01  9.023e-01  9.023e-01  9.023e-01  9.023e-01  9.023e-01  9.023e-01  9.023e-01  9.023e-01  9.023e-01  9.023e-01  9.023e-01  9.023e-01  9.023e-01  9.023e-01  9.023e-01  9.023e-01  9.023e-01  9.023e-01  9.023e-01  9.023e-01  9.023e-01  9.023e-01  9.023e-01  9.023e-01  9.023e-01  9.023e-01  9.023e-01  9.023e-01  9.023e-01  9.023e-01  9.023e-01  9.023e-01  9.023e-01  9.023e-01  9.023e-01  9.023e-01  9.023e-01 	
 9.123e-01  9.123e-01  9.123e-01  9.123e-01  9.123e-01  9.123e-01  9.123e-01  9.123e-01  9.123e-01  9.123e-01  9.123e-01  9.123e-01  9.123e-01  9.123e-01  9.123e-01  9.123e-01  9.123e-01  9.123e-01  9.123e-01  9.123e-01  9.123e-01  9.123e-01  9.123e-01  9.123e-01  9.123e-01  9.123e-01  9.123e-01  9.123e-01  9.123e-01  9.123e-01  9.123e-01  9.123e-01  9.123e-01  9.123e-01  9.123e-01  9.123e-01  9.123e-01  9.123e-01  9.123e-01  9.123e-01  9.123e-01  9.123e-01  9.123e-01  9.123e-01  9.123e-01  9.123e-01  9.123e-01  9.123e-01  9.123e-01  9.123e-01 	
 9.237e-01  9.237e-01  9.237e-01  9.237e-01  9.237e-01  9.237e-01  9.237e-01  9.237e-01  9.237e-01  9.237e-01  9.237e-01  9.237e-01  9.237e-01  9.237e-01  9.237e-01  9.237e-01  9.237e-01  9.237e-01  9.237e-01  9.237e-01  9.237e-01  9.237e-01  9.237e-01  9.237e-01  9.237e-01  9.237e-01  9.237e-01  9.237e-01  9.237e-01  9.237e-01  9.237e-01  9.237e-01  9.237e-01  9.237e-01  9.237e-01  9.237e-01  9.237e-01  9.237e-01  9.237e-01  9.237e-01  9.237e-01  9.237e-01  9.237e-01  9.237e-01  9.237e-01  9.237e-01  9.237e-01  9.237e-01  9.237e-01  9.237e-01 	
 9.382e-01  9.382e-01  9.382e-01  9.382e-01  9.382e-01  9.382e-01  9.382e-01  9.382e-01  9.382e-01  9.382e-01  9.382e-01  9.382e-01  9.382e-01  9.382e-01  9.382e-01  9.382e-01  9.382e-01  9.382e-01  9.382e-01  9.382e-01  9.382e-01  9.382e-01  9.382e-01  9.382e-01  9.382e-01  9.382e-01  9.382e-01  9.382e-01  9.382e-01  9.382e-01  9.382e-01  9.382e-01  9.382e-01  9.382e-01  9.382e-01  9.382e-01  9.382e-01  9.382e-01  9.382e-01  9.382e-01  9.382e-01  9.382e-01  9.382e-01  9.382e-01  9.382e-01  9.382e-01  9.382e-01  9.382e-01  9.382e-01  9.382e-01 	
 9.399e-01  9.399e-01  9.399e-01  9.399e-01  9.399e-01  9.399e-01  9.399e-01  9.399e-01  9.399e-01  9.399e-01  9.399e-01  9.399e-01  9.399e-01  9.399e-01  9.399e-01  9.399e-01  9.399e-01  9.399e-01  9.399e-01  9.399e-01  9.399e-01  9.399e-01  9.399e-01  9.399e-01  9.399e-01  9.399e-01  9.399e-01  9.399e-01  9.399e-01  9.399e-01  9.399e-01  9.399e-01  9.399e-01  9.399e-01  9.399e-01  9.399e-01  9.399e-01  9.399e-01  9.399e-01  9.399e-01  9.399e-01  9.399e-01  9.399e-01  9.399e-01  9.399e-01  9.399e-01  9.399e-01  9.399e-01  9.399e-01  9.399e-01 	
 9.390e-01  9.390e-01  9.390e-01  9.390e-01  9.390e-01  9.390e-01  9.390e-01  9.390e-01  9.390e-01  9.390e-01  9.390e-01  9.390e-01  9.390e-01  9.390e-01  9.390e-01  9.390e-01  9.390e-01  9.390e-01  9.390e-01  9.390e-01  9.390e-01  9.390e-01  9.390e-01  9.390e-01  9.390e-01  9.390e-01  9.390e-01  9.390e-01  9.390e-01  9.390e-01  9.390e-01  9.390e-01  9.390e-01  9.390e-01  9.390e-01  9.390e-01  9.390e-01  9.390e-01  9.390e-01  9.390e-01  9.390e-01  9.390e-01  9.390e-01  9.390e-01  9.390e-01  9.390e-01  9.390e-01  9.390e-01  9.390e-01  9.390e-01 	
 9.400e-01  9.400e-01  9.400e-01  9.400e-01  9.400e-01  9.400e-01  9.400e-01  9.400e-01  9.400e-01  9.400e-01  9.400e-01  9.400e-01  9.400e-01  9.400e-01  9.400e-01  9.400e-01  9.400e-01  9.400e-01  9.400e-01  9.400e-01  9.400e-01  9.400e-01  9.400e-01  9.400e-01  9.400e-01  9.400e-01  9.400e-01  9.400e-01  9.400e-01  9.400e-01  9.400e-01  9.400e-01  9.400e-01  9.400e-01  9.400e-01  9.400e-01  9.400e-01  9.400e-01  9.400e-01  9.400e-01  9.400e-01  9.400e-01  9.400e-01  9.400e-01  9.400e-01  9.400e-01  9.400e-01  9.400e-01  9.400e-01  9.400e-01 	
 9.338e-01  9.338e-01  9.338e-01  9.338e-01  9.338e-01  9.338e-01  9.338e-01  9.338e-01  9.338e-01  9.338e-01  9.338e-01  9.338e-01  9.338e-01  9.338e-01  9.338e-01  9.338e-01  9.338e-01  9.338e-01  9.338e-01  9.338e-01  9.338e-01  9.338e-01  9.338e-01  9.338e-01  9.338e-01  9.338e-01  9.338e-01  9.338e-01  9.338e-01  9.338e-01  9.338e-01  9.338e-01  9.338e-01  9.338e-01  9.338e-01  9.338e-01  9.338e-01  9.338e-01  9.338e-01  9.338e-01  9.338e-01  9.338e-01  9.338e-01  9.338e-01  9.338e-01  9.338e-01  9.338e-01  9.338e-01  9.338e-01  9.338e-01 	
 9.139e-01  9.139e-01  9.139e-01  9.139e-01  9.139e-01  9.139e-01  9.139e-01  9.139e-01  9.139e-01  9.139e-01  9.139e-01  9.139e-01  9.139e-01  9.139e-01  9.139e-01  9.139e-01  9.139e-01  9.139e-01  9.139e-01  9.139e-01  9.139e-01  9.139e-01  9.139e-01  9.139e-01  9.139e-01  9.139e-01  9.139e-01  9.139e-01  9.139e-01  9.139e-01  9.139e-01  9.139e-01  9.139e-01  9.139e-01  9.139e-01  9.139e-01  9.139e-01  9.139e-01  9.139e-01  9.139e-01  9.139e-01  9.139e-01  9.139e-01  9.139e-01  9.139e-01  9.139e-01  9.139e-01  9.139e-01  9.139e-01  9.139e-01 	
 8.932e-01  8.932e-01  8.932e-01  8.932e-01  8.932e-01  8.932e-01  8.932e-01  8.932e-01  8.932e-01  8.932e-01  8.932e-01  8.932e-01  8.932e-01  8.932e-01  8.932e-01  8.932e-01  8.932e-01  8.932e-01  8.932e-01  8.932e-01  8.932e-01  8.932e-01  8.932e-01  8.932e-01  8.932e-01  8.932e-01  8.932e-01  8.932e-01  8.932e-01  8.932e-01  8.932e-01  8.932e-01  8.932e-01  8.932e-01  8.932e-01  8.932e-01  8.932e-01  8.932e-01  8.932e-01  8.932e-01  8.932e-01  8.932e-01  8.932e-01  8.932e-01  8.932e-01  8.932e-01  8.932e-01  8.932e-01  8.932e-01  8.932e-01 	
 8.508e-01  8.508e-01  8.508e-01  8.508e-01  8.508e-01  8.508e-01  8.508e-01  8.508e-01  8.508e-01  8.508e-01  8.508e-01  8.508e-01  8.508e-01  8.508e-01  8.508e-01  8.508e-01  8.508e-01  8.508e-01  8.508e-01  8.508e-01  8.508e-01  8.508e-01  8.508e-01  8.508e-01  8.508e-01  8.508e-01  8.508e-01  8.508e-01  8.508e-01  8.508e-01  8.508e-01  8.508e-01  8.508e-01  8.508e-01  8.508e-01  8.508e-01  8.508e-01  8.508e-01  8.508e-01  8.508e-01  8.508e-01  8.508e-01  8.508e-01  8.508e-01  8.508e-01  8.508e-01  8.508e-01  8.508e-01  8.508e-01  8.508e-01 	
 7.739e-01  7.739e-01  7.739e-01  7.739e-01  7.739e-01  7.739e-01  7.739e-01  7.739e-01  7.739e-01  7.739e-01  7.739e-01  7.739e-01  7.739e-01  7.739e-01  7.739e-01  7.739e-01  7.739e-01  7.739e-01  7.739e-01  7.739e-01  7.739e-01  7.739e-01  7.739e-01  7.739e-01  7.739e-01  7.739e-01  7.739e-01  7.739e-01  7.739e-01  7.739e-01  7.739e-01  7.739e-01  7.739e-01  7.739e-01  7.739e-01  7.739e-01  7.739e-01  7.739e-01  7.739e-01  7.739e-01  7.739e-01  7.739e-01  7.739e-01  7.739e-01  7.739e-01  7.739e-01  7.739e-01  7.739e-01  7.739e-01  7.739e-01 	
 7.227e-01  7.227e-01  7.227e-01  7.227e-01  7.227e-01  7.227e-01  7.227e-01  7.227e-01  7.227e-01  7.227e-01  7.227e-01  7.227e-01  7.227e-01  7.227e-01  7.227e-01  7.227e-01  7.227e-01  7.227e-01  7.227e-01  7.227e-01  7.227e-01  7.227e-01  7.227e-01  7.227e-01  7.227e-01  7.227e-01  7.227e-01  7.227e-01  7.227e-01  7.227e-01  7.227e-01  7.227e-01  7.227e-01  7.227e-01  7.227e-01  7.227e-01  7.227e-01  7.227e-01  7.227e-01  7.227e-01  7.227e-01  7.227e-01  7.227e-01  7.227e-01  7.227e-01  7.227e-01  7.227e-01  7.227e-01  7.227e-01  7.227e-01 	
 7.851e-01  7.851e-01  7.851e-01  7.851e-01  7.851e-01  7.851e-01  7.851e-01  7.851e-01  7.851e-01  7.851e-01  7.851e-01  7.851e-01  7.851e-01  7.851e-01  7.851e-01  7.851e-01  7.851e-01  7.851e-01  7.851e-01  7.851e-01  7.851e-01  7.851e-01  7.851e-01  7.851e-01  7.851e-01  7.851e-01  7.851e-01  7.851e-01  7.851e-01  7.851e-01  7.851e-01  7.851e-01  7.851e-01  7.851e-01  7.851e-01  7.851e-01  7.851e-01  7.851e-01  7.851e-01  7.851e-01  7.851e-01  7.851e-01  7.851e-01  7.851e-01  7.851e-01  7.851e-01  7.851e-01  7.851e-01  7.851e-01  7.851e-01 	
 7.920e-01  7.920e-01  7.920e-01  7.920e-01  7.920e-01  7.920e-01  7.920e-01  7.920e-01  7.920e-01  7.920e-01  7.920e-01  7.920e-01  7.920e-01  7.920e-01  7.920e-01  7.920e-01  7.920e-01  7.920e-01  7.920e-01  7.920e-01  7.920e-01  7.920e-01  7.920e-01  7.920e-01  7.920e-01  7.920e-01  7.920e-01  7.920e-01  7.920e-01  7.920e-01  7.920e-01  7.920e-01  7.920e-01  7.920e-01  7.920e-01  7.920e-01  7.920e-01  7.920e-01  7.920e-01  7.920e-01  7.920e-01  7.920e-01  7.920e-01  7.920e-01  7.920e-01  7.920e-01  7.920e-01  7.920e-01  7.920e-01  7.920e-01 	
 7.446e-01  7.446e-01  7.446e-01  7.446e-01  7.446e-01  7.446e-01  7.446e-01  7.446e-01  7.446e-01  7.446e-01  7.446e-01  7.446e-01  7.446e-01  7.446e-01  7.446e-01  7.446e-01  7.446e-01  7.446e-01  7.446e-01  7.446e-01  7.446e-01  7.446e-01  7.446e-01  7.446e-01  7.446e-01  7.446e-01  7.446e-01  7.446e-01  7.446e-01  7.446e-01  7.446e-01  7.446e-01  7.446e-01  7.446e-01  7.446e-01  7.446e-01  7.446e-01  7.446e-01  7.446e-01  7.446e-01  7.446e-01  7.446e-01  7.446e-01  7.446e-01  7.446e-01  7.446e-01  7.446e-01  7.446e-01  7.446e-01  7.446e-01 	
 6.891e-01  6.891e-01  6.891e-01  6.891e-01  6.891e-01  6.891e-01  6.891e-01  6.891e-01  6.891e-01  6.891e-01  6.891e-01  6.891e-01  6.891e-01  6.891e-01  6.891e-01  6.891e-01  6.891e-01  6.891e-01  6.891e-01  6.891e-01  6.891e-01  6.891e-01  6.891e-01  6.891e-01  6.891e-01  6.891e-01  6.891e-01  6.891e-01  6.891e-01  6.891e-01  6.891e-01  6.891e-01  6.891e-01  6.891e-01  6.891e-01  6.891e-01  6.891e-01  6.891e-01  6.891e-01  6.891e-01  6.891e-01  6.891e-01  6.891e-01  6.891e-01  6.891e-01  6.891e-01  6.891e-01  6.891e-01  6.891e-01  6.891e-01 	
 7.358e-01  7.358e-01  7.358e-01  7.358e-01  7.358e-01  7.358e-01  7.358e-01  7.358e-01  7.358e-01  7.358e-01  7.358e-01  7.358e-01  7.358e-01  7.358e-01  7.358e-01  7.358e-01  7.358e-01  7.358e-01  7.358e-01  7.358e-01  7.358e-01  7.358e-01  7.358e-01  7.358e-01  7.358e-01  7.358e-01  7.358e-01  7.358e-01  7.358e-01  7.358e-01  7.358e-01  7.358e-01  7.358e-01  7.358e-01  7.358e-01  7.358e-01  7.358e-01  7.358e-01  7.358e-01  7.358e-01  7.358e-01  7.358e-01  7.358e-01  7.358e-01  7.358e-01  7.358e-01  7.358e-01  7.358e-01  7.358e-01  7.358e-01 	
 6.820e-01  6.820e-01  6.820e-01  6.820e-01  6.820e-01  6.820e-01  6.820e-01  6.820e-01  6.820e-01  6.820e-01  6.820e-01  6.820e-01  6.820e-01  6.820e-01  6.820e-01  6.820e-01  6.820e-01  6.820e-01  6.820e-01  6.820e-01  6.820e-01  6.820e-01  6.820e-01  6.820e-01  6.820e-01  6.820e-01  6.820e-01  6.820e-01  6.820e-01  6.820e-01  6.820e-01  6.820e-01  6.820e-01  6.820e-01  6.820e-01  6.820e-01  6.820e-01  6.820e-01  6.820e-01  6.820e-01  6.820e-01  6.820e-01  6.820e-01  6.820e-01  6.820e-01  6.820e-01  6.820e-01  6.820e-01  6.820e-01  6.820e-01 	
 6.675e-01  6.675e-01  6.675e-01  6.675e-01  6.675e-01  6.675e-01  6.675e-01  6.675e-01  6.675e-01  6.675e-01  6.675e-01  6.675e-01  6.675e-01  6.675e-01  6.675e-01  6.675e-01  6.675e-01  6.675e-01  6.675e-01  6.675e-01  6.675e-01  6.675e-01  6.675e-01  6.675e-01  6.675e-01  6.675e-01  6.675e-01  6.675e-01  6.675e-01  6.675e-01  6.675e-01  6.675e-01  6.675e-01  6.675e-01  6.675e-01  6.675e-01  6.675e-01  6.675e-01  6.675e-01  6.675e-01  6.675e-01  6.675e-01  6.675e-01  6.675e-01  6.675e-01  6.675e-01  6.675e-01  6.675e-01  6.675e-01  6.675e-01 	
 6.444e-01  6.444e-01  6.444e-01  6.444e-01  6.444e-01  6.444e-01  6.444e-01  6.444e-01  6.444e-01  6.444e-01  6.444e-01  6.444e-01  6.444e-01  6.444e-01  6.444e-01  6.444e-01  6.444e-01  6.444e-01  6.444e-01  6.444e-01  6.444e-01  6.444e-01  6.444e-01  6.444e-01  6.444e-01  6.444e-01  6.444e-01  6.444e-01  6.444e-01  6.444e-01  6.444e-01  6.444e-01  6.444e-01  6.444e-01  6.444e-01  6.444e-01  6.444e-01  6.444e-01  6.444e-01  6.444e-01  6.444e-01  6.444e-01  6.444e-01  6.444e-01  6.444e-01  6.444e-01  6.444e-01  6.444e-01  6.444e-01  6.444e-01 	
 6.402e-01  6.402e-01  6.402e-01  6.402e-01  6.402e-01  6.402e-01  6.402e-01  6.402e-01  6.402e-01  6.402e-01  6.402e-01  6.402e-01  6.402e-01  6.402e-01  6.402e-01  6.402e-01  6.402e-01  6.402e-01  6.402e-01  6.402e-01  6.402e-01  6.402e-01  6.402e-01  6.402e-01  6.402e-01  6.402e-01  6.402e-01  6.402e-01  6.402e-01  6.402e-01  6.402e-01  6.402e-01  6.402e-01  6.402e-01  6.402e-01  6.402e-01  6.402e-01  6.402e-01  6.402e-01  6.402e-01  6.402e-01  6.402e-01  6.402e-01  6.402e-01  6.402e-01  6.402e-01  6.402e-01  6.402e-01  6.402e-01  6.402e-01 	
 5.995e-01  5.995e-01  5.995e-01  5.995e-01  5.995e-01  5.995e-01  5.995e-01  5.995e-01  5.995e-01  5.995e-01  5.995e-01  5.995e-01  5.995e-01  5.995e-01  5.995e-01  5.995e-01  5.995e-01  5.995e-01  5.995e-01  5.995e-01  5.995e-01  5.995e-01  5.995e-01  5.995e-01  5.995e-01  5.995e-01  5.995e-01  5.995e-01  5.995e-01  5.995e-01  5.995e-01  5.995e-01  5.995e-01  5.995e-01  5.995e-01  5.995e-01  5.995e-01  5.995e-01  5.995e-01  5.995e-01  5.995e-01  5.995e-01  5.995e-01  5.995e-01  5.995e-01  5.995e-01  5.995e-01  5.995e-01  5.995e-01  5.995e-01 	
 5.880e-01  5.880e-01  5.880e-01  5.880e-01  5.880e-01  5.880e-01  5.880e-01  5.880e-01  5.880e-01  5.880e-01  5.880e-01  5.880e-01  5.880e-01  5.880e-01  5.880e-01  5.880e-01  5.880e-01  5.880e-01  5.880e-01  5.880e-01  5.880e-01  5.880e-01  5.880e-01  5.880e-01  5.880e-01  5.880e-01  5.880e-01  5.880e-01  5.880e-01  5.880e-01  5.880e-01  5.880e-01  5.880e-01  5.880e-01  5.880e-01  5.880e-01  5.880e-01  5.880e-01  5.880e-01  5.880e-01  5.880e-01  5.880e-01  5.880e-01  5.880e-01  5.880e-01  5.880e-01  5.880e-01  5.880e-01  5.880e-01  5.880e-01 	
 5.785e-01  5.785e-01  5.785e-01  5.785e-01  5.785e-01  5.785e-01  5.785e-01  5.785e-01  5.785e-01  5.785e-01  5.785e-01  5.785e-01  5.785e-01  5.785e-01  5.785e-01  5.785e-01  5.785e-01  5.785e-01  5.785e-01  5.785e-01  5.785e-01  5.785e-01  5.785e-01  5.785e-01  5.785e-01  5.785e-01  5.785e-01  5.785e-01  5.785e-01  5.785e-01  5.785e-01  5.785e-01  5.785e-01  5.785e-01  5.785e-01  5.785e-01  5.785e-01  5.785e-01  5.785e-01  5.785e-01  5.785e-01  5.785e-01  5.785e-01  5.785e-01  5.785e-01  5.785e-01  5.785e-01  5.785e-01  5.785e-01  5.785e-01 	
 5.666e-01  5.666e-01  5.666e-01  5.666e-01  5.666e-01  5.666e-01  5.666e-01  5.666e-01  5.666e-01  5.666e-01  5.666e-01  5.666e-01  5.666e-01  5.666e-01  5.666e-01  5.666e-01  5.666e-01  5.666e-01  5.666e-01  5.666e-01  5.666e-01  5.666e-01  5.666e-01  5.666e-01  5.666e-01  5.666e-01  5.666e-01  5.666e-01  5.666e-01  5.666e-01  5.666e-01  5.666e-01  5.666e-01  5.666e-01  5.666e-01  5.666e-01  5.666e-01  5.666e-01  5.666e-01  5.666e-01  5.666e-01  5.666e-01  5.666e-01  5.666e-01  5.666e-01  5.666e-01  5.666e-01  5.666e-01  5.666e-01  5.666e-01 	
 5.594e-01  5.594e-01  5.594e-01  5.594e-01  5.594e-01  5.594e-01  5.594e-01  5.594e-01  5.594e-01  5.594e-01  5.594e-01  5.594e-01  5.594e-01  5.594e-01  5.594e-01  5.594e-01  5.594e-01  5.594e-01  5.594e-01  5.594e-01  5.594e-01  5.594e-01  5.594e-01  5.594e-01  5.594e-01  5.594e-01  5.594e-01  5.594e-01  5.594e-01  5.594e-01  5.594e-01  5.594e-01  5.594e-01  5.594e-01  5.594e-01  5.594e-01  5.594e-01  5.594e-01  5.594e-01  5.594e-01  5.594e-01  5.594e-01  5.594e-01  5.594e-01  5.594e-01  5.594e-01  5.594e-01  5.594e-01  5.594e-01  5.594e-01 	
 5.591e-01  5.591e-01  5.591e-01  5.591e-01  5.591e-01  5.591e-01  5.591e-01  5.591e-01  5.591e-01  5.591e-01  5.591e-01  5.591e-01  5.591e-01  5.591e-01  5.591e-01  5.591e-01  5.591e-01  5.591e-01  5.591e-01  5.591e-01  5.591e-01  5.591e-01  5.591e-01  5.591e-01  5.591e-01  5.591e-01  5.591e-01  5.591e-01  5.591e-01  5.591e-01  5.591e-01  5.591e-01  5.591e-01  5.591e-01  5.591e-01  5.591e-01  5.591e-01  5.591e-01  5.591e-01  5.591e-01  5.591e-01  5.591e-01  5.591e-01  5.591e-01  5.591e-01  5.591e-01  5.591e-01  5.591e-01  5.591e-01  5.591e-01 	
 5.512e-01  5.512e-01  5.512e-01  5.512e-01  5.512e-01  5.512e-01  5.512e-01  5.512e-01  5.512e-01  5.512e-01  5.512e-01  5.512e-01  5.512e-01  5.512e-01  5.512e-01  5.512e-01  5.512e-01  5.512e-01  5.512e-01  5.512e-01  5.512e-01  5.512e-01  5.512e-01  5.512e-01  5.512e-01  5.512e-01  5.512e-01  5.512e-01  5.512e-01  5.512e-01  5.512e-01  5.512e-01  5.512e-01  5.512e-01  5.512e-01  5.512e-01  5.512e-01  5.512e-01  5.512e-01  5.512e-01  5.512e-01  5.512e-01  5.512e-01  5.512e-01  5.512e-01  5.512e-01  5.512e-01  5.512e-01  5.512e-01  5.512e-01 	
 5.487e-01  5.487e-01  5.487e-01  5.487e-01  5.487e-01  5.487e-01  5.487e-01  5.487e-01  5.487e-01  5.487e-01  5.487e-01  5.487e-01  5.487e-01  5.487e-01  5.487e-01  5.487e-01  5.487e-01  5.487e-01  5.487e-01  5.487e-01  5.487e-01  5.487e-01  5.487e-01  5.487e-01  5.487e-01  5.487e-01  5.487e-01  5.487e-01  5.487e-01  5.487e-01  5.487e-01  5.487e-01  5.487e-01  5.487e-01  5.487e-01  5.487e-01  5.487e-01  5.487e-01  5.487e-01  5.487e-01  5.487e-01  5.487e-01  5.487e-01  5.487e-01  5.487e-01  5.487e-01  5.487e-01  5.487e-01  5.487e-01  5.487e-01 	
 5.486e-01  5.486e-01  5.486e-01  5.486e-01  5.486e-01  5.486e-01  5.486e-01  5.486e-01  5.486e-01  5.486e-01  5.486e-01  5.486e-01  5.486e-01  5.486e-01  5.486e-01  5.486e-01  5.486e-01  5.486e-01  5.486e-01  5.486e-01  5.486e-01  5.486e-01  5.486e-01  5.486e-01  5.486e-01  5.486e-01  5.486e-01  5.486e-01  5.486e-01  5.486e-01  5.486e-01  5.486e-01  5.486e-01  5.486e-01  5.486e-01  5.486e-01  5.486e-01  5.486e-01  5.486e-01  5.486e-01  5.486e-01  5.486e-01  5.486e-01  5.486e-01  5.486e-01  5.486e-01  5.486e-01  5.486e-01  5.486e-01  5.486e-01 	
 5.486e-01  5.486e-01  5.486e-01  5.486e-01  5.486e-01  5.486e-01  5.486e-01  5.486e-01  5.486e-01  5.486e-01  5.486e-01  5.486e-01  5.486e-01  5.486e-01  5.486e-01  5.486e-01  5.486e-01  5.486e-01  5.486e-01  5.486e-01  5.486e-01  5.486e-01  5.486e-01  5.486e-01  5.486e-01  5.486e-01  5.486e-01  5.486e-01  5.486e-01  5.486e-01  5.486e-01  5.486e-01  5.486e-01  5.486e-01  5.486e-01  5.486e-01  5.486e-01  5.486e-01  5.486e-01  5.486e-01  5.486e-01  5.486e-01  5.486e-01  5.486e-01  5.486e-01  5.486e-01  5.486e-01  5.486e-01  5.486e-01  5.486e-01 	
 5.490e-01  5.490e-01  5.490e-01  5.490e-01  5.490e-01  5.490e-01  5.490e-01  5.490e-01  5.490e-01  5.490e-01  5.490e-01  5.490e-01  5.490e-01  5.490e-01  5.490e-01  5.490e-01  5.490e-01  5.490e-01  5.490e-01  5.490e-01  5.490e-01  5.490e-01  5.490e-01  5.490e-01  5.490e-01  5.490e-01  5.490e-01  5.490e-01  5.490e-01  5.490e-01  5.490e-01  5.490e-01  5.490e-01  5.490e-01  5.490e-01  5.490e-01  5.490e-01  5.490e-01  5.490e-01  5.490e-01  5.490e-01  5.490e-01  5.490e-01  5.490e-01  5.490e-01  5.490e-01  5.490e-01  5.490e-01  5.490e-01  5.490e-01 	
 5.493e-01  5.493e-01  5.493e-01  5.493e-01  5.493e-01  5.493e-01  5.493e-01  5.493e-01  5.493e-01  5.493e-01  5.493e-01  5.493e-01  5.493e-01  5.493e-01  5.493e-01  5.493e-01  5.493e-01  5.493e-01  5.493e-01  5.493e-01  5.493e-01  5.493e-01  5.493e-01  5.493e-01  5.493e-01  5.493e-01  5.493e-01  5.493e-01  5.493e-01  5.493e-01  5.493e-01  5.493e-01  5.493e-01  5.493e-01  5.493e-01  5.493e-01  5.493e-01  5.493e-01  5.493e-01  5.493e-01  5.493e-01  5.493e-01  5.493e-01  5.493e-01  5.493e-01  5.493e-01  5.493e-01  5.493e-01  5.493e-01  5.493e-01 	
 5.500e-01  5.500e-01  5.500e-01  5.500e-01  5.500e-01  5.500e-01  5.500e-01  5.500e-01  5.500e-01  5.500e-01  5.500e-01  5.500e-01  5.500e-01  5.500e-01  5.500e-01  5.500e-01  5.500e-01  5.500e-01  5.500e-01  5.500e-01  5.500e-01  5.500e-01  5.500e-01  5.500e-01  5.500e-01  5.500e-01  5.500e-01  5.500e-01  5.500e-01  5.500e-01  5.500e-01  5.500e-01  5.500e-01  5.500e-01  5.500e-01  5.500e-01  5.500e-01  5.500e-01  5.500e-01  5.500e-01  5.500e-01  5.500e-01  5.500e-01  5.500e-01  5.500e-01  5.500e-01  5.500e-01  5.500e-01  5.500e-01  5.500e-01 	
 5.506e-01  5.506e-01  5.506e-01  5.506e-01  5.506e-01  5.506e-01  5.506e-01  5.506e-01  5.506e-01  5.506e-01  5.506e-01  5.506e-01  5.506e-01  5.506e-01  5.506e-01  5.506e-01  5.506e-01  5.506e-01  5.506e-01  5.506e-01  5.506e-01  5.506e-01  5.506e-01  5.506e-01  5.506e-01  5.506e-01  5.506e-01  5.506e-01  5.506e-01  5.506e-01  5.506e-01  5.506e-01  5.506e-01  5.506e-01  5.506e-01  5.506e-01  5.506e-01  5.506e-01  5.506e-01  5.506e-01  5.506e-01  5.506e-01  5.506e-01  5.506e-01  5.506e-01  5.506e-01  5.506e-01  5.506e-01  5.506e-01  5.506e-01 	
 5.511e-01  5.511e-01  5.511e-01  5.511e-01  5.511e-01  5.511e-01  5.511e-01  5.511e-01  5.511e-01  5.511e-01  5.511e-01  5.511e-01  5.511e-01  5.511e-01  5.511e-01  5.511e-01  5.511e-01  5.511e-01  5.511e-01  5.511e-01  5.511e-01  5.511e-01  5.511e-01  5.511e-01  5.511e-01  5.511e-01  5.511e-01  5.511e-01  5.511e-01  5.511e-01  5.511e-01  5.511e-01  5.511e-01  5.511e-01  5.511e-01  5.511e-01  5.511e-01  5.511e-01  5.511e-01  5.511e-01  5.511e-01  5.511e-01  5.511e-01  5.511e-01  5.511e-01  5.511e-01  5.511e-01  5.511e-01  5.511e-01  5.511e-01 	
 5.516e-01  5.516e-01  5.516e-01  5.516e-01  5.516e-01  5.516e-01  5.516e-01  5.516e-01  5.516e-01  5.516e-01  5.516e-01  5.516e-01  5.516e-01  5.516e-01  5.516e-01  5.516e-01  5.516e-01  5.516e-01  5.516e-01  5.516e-01  5.516e-01  5.516e-01  5.516e-01  5.516e-01  5.516e-01  5.516e-01  5.516e-01  5.516e-01  5.516e-01  5.516e-01  5.516e-01  5.516e-01  5.516e-01  5.516e-01  5.516e-01  5.516e-01  5.516e-01  5.516e-01  5.516e-01  5.516e-01  5.516e-01  5.516e-01  5.516e-01  5.516e-01  5.516e-01  5.516e-01  5.516e-01  5.516e-01  5.516e-01  5.516e-01 	
 5.520e-01  5.520e-01  5.520e-01  5.520e-01  5.520e-01  5.520e-01  5.520e-01  5.520e-01  5.520e-01  5.520e-01  5.520e-01  5.520e-01  5.520e-01  5.520e-01  5.520e-01  5.520e-01  5.520e-01  5.520e-01  5.520e-01  5.520e-01  5.520e-01  5.520e-01  5.520e-01  5.520e-01  5.520e-01  5.520e-01  5.520e-01  5.520e-01  5.520e-01  5.520e-01  5.520e-01  5.520e-01  5.520e-01  5.520e-01  5.520e-01  5.520e-01  5.520e-01  5.520e-01  5.520e-01  5.520e-01  5.520e-01  5.520e-01  5.520e-01  5.520e-01  5.520e-01  5.520e-01  5.520e-01  5.520e-01  5.520e-01  5.520e-01 	
