 3.691e-05  5.297e-05  7.224e-05  9.458e-05  1.198e-04  1.476e-04  1.778e-04  2.102e-04  2.444e-04  2.803e-04  3.177e-04  3.563e-04  3.960e-04  4.366e-04  4.779e-04  5.198e-04  5.623e-04  6.051e-04  6.482e-04  6.916e-04  7.350e-04  7.785e-04  8.220e-04  8.655e-04  9.089e-04  9.521e-04  9.951e-04  1.038e-03  1.081e-03  1.123e-03  1.165e-03  1.207e-03  1.248e-03  1.289e-03  1.330e-03  1.370e-03  1.410e-03  1.450e-03  1.490e-03  1.529e-03  1.567e-03  1.605e-03  1.643e-03  1.681e-03  1.718e-03  1.755e-03  1.791e-03  1.827e-03  1.863e-03  1.898e-03 	
 5.558e-05  7.954e-05  1.082e-04  1.412e-04  1.783e-04  2.191e-04  2.632e-04  3.102e-04  3.598e-04  4.115e-04  4.651e-04  5.202e-04  5.766e-04  6.341e-04  6.923e-04  7.512e-04  8.106e-04  8.703e-04  9.301e-04  9.900e-04  1.050e-03  1.109e-03  1.169e-03  1.228e-03  1.287e-03  1.345e-03  1.403e-03  1.461e-03  1.518e-03  1.575e-03  1.631e-03  1.686e-03  1.741e-03  1.795e-03  1.849e-03  1.902e-03  1.954e-03  2.006e-03  2.057e-03  2.108e-03  2.158e-03  2.207e-03  2.256e-03  2.304e-03  2.352e-03  2.399e-03  2.445e-03  2.491e-03  2.537e-03  2.582e-03 	
 8.324e-05  1.187e-04  1.608e-04  2.091e-04  2.630e-04  3.220e-04  3.855e-04  4.527e-04  5.231e-04  5.963e-04  6.717e-04  7.489e-04  8.275e-04  9.071e-04  9.875e-04  1.068e-03  1.150e-03  1.231e-03  1.312e-03  1.393e-03  1.473e-03  1.553e-03  1.632e-03  1.711e-03  1.789e-03  1.866e-03  1.942e-03  2.017e-03  2.092e-03  2.165e-03  2.238e-03  2.310e-03  2.380e-03  2.450e-03  2.519e-03  2.587e-03  2.654e-03  2.720e-03  2.785e-03  2.849e-03  2.912e-03  2.974e-03  3.036e-03  3.097e-03  3.156e-03  3.215e-03  3.273e-03  3.331e-03  3.387e-03  3.443e-03 	
 1.238e-04  1.756e-04  2.368e-04  3.064e-04  3.837e-04  4.676e-04  5.571e-04  6.514e-04  7.497e-04  8.510e-04  9.549e-04  1.061e-03  1.168e-03  1.275e-03  1.384e-03  1.492e-03  1.600e-03  1.708e-03  1.815e-03  1.922e-03  2.027e-03  2.131e-03  2.234e-03  2.336e-03  2.436e-03  2.535e-03  2.633e-03  2.729e-03  2.824e-03  2.917e-03  3.009e-03  3.100e-03  3.189e-03  3.276e-03  3.362e-03  3.447e-03  3.530e-03  3.612e-03  3.693e-03  3.773e-03  3.851e-03  3.928e-03  4.004e-03  4.078e-03  4.152e-03  4.224e-03  4.295e-03  4.365e-03  4.434e-03  4.502e-03 	
 1.825e-04  2.573e-04  3.447e-04  4.435e-04  5.521e-04  6.691e-04  7.930e-04  9.225e-04  1.056e-03  1.194e-03  1.333e-03  1.475e-03  1.617e-03  1.759e-03  1.902e-03  2.043e-03  2.184e-03  2.323e-03  2.461e-03  2.597e-03  2.732e-03  2.864e-03  2.995e-03  3.123e-03  3.250e-03  3.374e-03  3.496e-03  3.616e-03  3.733e-03  3.849e-03  3.963e-03  4.074e-03  4.183e-03  4.291e-03  4.396e-03  4.500e-03  4.602e-03  4.702e-03  4.800e-03  4.896e-03  4.991e-03  5.084e-03  5.176e-03  5.266e-03  5.355e-03  5.442e-03  5.528e-03  5.613e-03  5.696e-03  5.778e-03 	
 2.661e-04  3.723e-04  4.951e-04  6.326e-04  7.822e-04  9.420e-04  1.110e-03  1.284e-03  1.462e-03  1.643e-03  1.827e-03  2.011e-03  2.195e-03  2.379e-03  2.561e-03  2.741e-03  2.919e-03  3.095e-03  3.269e-03  3.439e-03  3.606e-03  3.771e-03  3.932e-03  4.091e-03  4.246e-03  4.398e-03  4.547e-03  4.693e-03  4.836e-03  4.976e-03  5.114e-03  5.248e-03  5.380e-03  5.510e-03  5.637e-03  5.761e-03  5.883e-03  6.003e-03  6.121e-03  6.236e-03  6.349e-03  6.461e-03  6.570e-03  6.678e-03  6.784e-03  6.888e-03  6.991e-03  7.092e-03  7.191e-03  7.289e-03 	
 3.833e-04  5.313e-04  7.007e-04  8.879e-04  1.090e-03  1.303e-03  1.525e-03  1.753e-03  1.985e-03  2.219e-03  2.454e-03  2.688e-03  2.921e-03  3.152e-03  3.380e-03  3.604e-03  3.825e-03  4.042e-03  4.254e-03  4.463e-03  4.667e-03  4.867e-03  5.062e-03  5.253e-03  5.440e-03  5.623e-03  5.802e-03  5.977e-03  6.148e-03  6.315e-03  6.479e-03  6.639e-03  6.796e-03  6.950e-03  7.100e-03  7.248e-03  7.393e-03  7.535e-03  7.675e-03  7.812e-03  7.946e-03  8.078e-03  8.209e-03  8.337e-03  8.463e-03  8.587e-03  8.709e-03  8.830e-03  8.949e-03  9.066e-03 	
 5.444e-04  7.469e-04  9.756e-04  1.225e-03  1.492e-03  1.770e-03  2.057e-03  2.349e-03  2.644e-03  2.939e-03  3.234e-03  3.525e-03  3.813e-03  4.097e-03  4.376e-03  4.649e-03  4.917e-03  5.179e-03  5.435e-03  5.686e-03  5.930e-03  6.168e-03  6.401e-03  6.629e-03  6.850e-03  7.067e-03  7.279e-03  7.485e-03  7.687e-03  7.885e-03  8.078e-03  8.267e-03  8.453e-03  8.634e-03  8.812e-03  8.986e-03  9.158e-03  9.326e-03  9.491e-03  9.654e-03  9.814e-03  9.972e-03  1.013e-02  1.028e-02  1.043e-02  1.058e-02  1.073e-02  1.087e-02  1.102e-02  1.116e-02 	
 7.619e-04  1.034e-03  1.336e-03  1.663e-03  2.007e-03  2.362e-03  2.726e-03  3.092e-03  3.459e-03  3.824e-03  4.185e-03  4.541e-03  4.891e-03  5.234e-03  5.569e-03  5.897e-03  6.216e-03  6.528e-03  6.832e-03  7.129e-03  7.417e-03  7.699e-03  7.973e-03  8.241e-03  8.502e-03  8.757e-03  9.005e-03  9.248e-03  9.486e-03  9.719e-03  9.947e-03  1.017e-02  1.039e-02  1.060e-02  1.081e-02  1.102e-02  1.123e-02  1.143e-02  1.163e-02  1.182e-02  1.201e-02  1.221e-02  1.239e-02  1.258e-02  1.277e-02  1.295e-02  1.313e-02  1.331e-02  1.350e-02  1.368e-02 	
 1.050e-03  1.408e-03  1.801e-03  2.219e-03  2.654e-03  3.100e-03  3.551e-03  4.003e-03  4.452e-03  4.895e-03  5.331e-03  5.759e-03  6.177e-03  6.585e-03  6.984e-03  7.371e-03  7.749e-03  8.117e-03  8.474e-03  8.823e-03  9.162e-03  9.492e-03  9.814e-03  1.013e-02  1.044e-02  1.074e-02  1.103e-02  1.132e-02  1.160e-02  1.187e-02  1.214e-02  1.241e-02  1.267e-02  1.293e-02  1.318e-02  1.344e-02  1.368e-02  1.393e-02  1.417e-02  1.442e-02  1.466e-02  1.490e-02  1.513e-02  1.537e-02  1.561e-02  1.585e-02  1.608e-02  1.632e-02  1.656e-02  1.680e-02 	
 1.427e-03  1.889e-03  2.390e-03  2.916e-03  3.458e-03  4.008e-03  4.559e-03  5.107e-03  5.649e-03  6.180e-03  6.701e-03  7.209e-03  7.705e-03  8.187e-03  8.656e-03  9.112e-03  9.556e-03  9.988e-03  1.041e-02  1.082e-02  1.122e-02  1.161e-02  1.199e-02  1.236e-02  1.272e-02  1.308e-02  1.343e-02  1.377e-02  1.411e-02  1.444e-02  1.477e-02  1.510e-02  1.542e-02  1.574e-02  1.606e-02  1.637e-02  1.669e-02  1.700e-02  1.732e-02  1.763e-02  1.795e-02  1.826e-02  1.858e-02  1.890e-02  1.923e-02  1.955e-02  1.988e-02  2.022e-02  2.055e-02  2.090e-02 	
 1.913e-03  2.501e-03  3.128e-03  3.781e-03  4.447e-03  5.116e-03  5.783e-03  6.441e-03  7.087e-03  7.720e-03  8.337e-03  8.937e-03  9.522e-03  1.009e-02  1.064e-02  1.118e-02  1.170e-02  1.221e-02  1.271e-02  1.319e-02  1.367e-02  1.413e-02  1.459e-02  1.504e-02  1.548e-02  1.591e-02  1.634e-02  1.676e-02  1.719e-02  1.761e-02  1.802e-02  1.844e-02  1.886e-02  1.927e-02  1.969e-02  2.011e-02  2.054e-02  2.097e-02  2.140e-02  2.184e-02  2.228e-02  2.273e-02  2.319e-02  2.366e-02  2.414e-02  2.463e-02  2.512e-02  2.563e-02  2.615e-02  2.668e-02 	
 2.535e-03  3.272e-03  4.050e-03  4.851e-03  5.660e-03  6.468e-03  7.268e-03  8.054e-03  8.823e-03  9.573e-03  1.030e-02  1.101e-02  1.171e-02  1.238e-02  1.303e-02  1.367e-02  1.430e-02  1.491e-02  1.550e-02  1.609e-02  1.667e-02  1.724e-02  1.780e-02  1.836e-02  1.891e-02  1.946e-02  2.002e-02  2.057e-02  2.112e-02  2.168e-02  2.224e-02  2.281e-02  2.339e-02  2.397e-02  2.457e-02  2.517e-02  2.579e-02  2.642e-02  2.707e-02  2.773e-02  2.841e-02  2.911e-02  2.983e-02  3.057e-02  3.133e-02  3.212e-02  3.293e-02  3.376e-02  3.462e-02  3.550e-02 	
 3.329e-03  4.245e-03  5.201e-03  6.176e-03  7.155e-03  8.127e-03  9.085e-03  1.002e-02  1.094e-02  1.183e-02  1.270e-02  1.355e-02  1.438e-02  1.519e-02  1.598e-02  1.675e-02  1.751e-02  1.826e-02  1.901e-02  1.974e-02  2.047e-02  2.120e-02  2.193e-02  2.267e-02  2.341e-02  2.415e-02  2.491e-02  2.568e-02  2.646e-02  2.726e-02  2.808e-02  2.892e-02  2.979e-02  3.068e-02  3.159e-02  3.254e-02  3.352e-02  3.452e-02  3.557e-02  3.665e-02  3.777e-02  3.892e-02  4.012e-02  4.136e-02  4.264e-02  4.397e-02  4.534e-02  4.676e-02  4.822e-02  4.973e-02 	
 4.346e-03  5.479e-03  6.650e-03  7.836e-03  9.020e-03  1.019e-02  1.134e-02  1.247e-02  1.357e-02  1.465e-02  1.570e-02  1.673e-02  1.774e-02  1.874e-02  1.972e-02  2.069e-02  2.166e-02  2.263e-02  2.360e-02  2.457e-02  2.555e-02  2.655e-02  2.757e-02  2.860e-02  2.967e-02  3.076e-02  3.188e-02  3.304e-02  3.425e-02  3.549e-02  3.678e-02  3.812e-02  3.951e-02  4.096e-02  4.247e-02  4.403e-02  4.566e-02  4.735e-02  4.911e-02  5.093e-02  5.283e-02  5.479e-02  5.683e-02  5.893e-02  6.111e-02  6.337e-02  6.569e-02  6.809e-02  7.056e-02  7.311e-02 	
 5.666e-03  7.066e-03  8.503e-03  9.951e-03  1.139e-02  1.282e-02  1.422e-02  1.559e-02  1.694e-02  1.827e-02  1.957e-02  2.086e-02  2.215e-02  2.342e-02  2.470e-02  2.599e-02  2.729e-02  2.862e-02  2.997e-02  3.135e-02  3.278e-02  3.425e-02  3.578e-02  3.736e-02  3.901e-02  4.073e-02  4.253e-02  4.441e-02  4.637e-02  4.842e-02  5.056e-02  5.279e-02  5.513e-02  5.756e-02  6.010e-02  6.274e-02  6.549e-02  6.834e-02  7.130e-02  7.436e-02  7.753e-02  8.081e-02  8.419e-02  8.768e-02  9.126e-02  9.495e-02  9.873e-02  1.026e-01  1.066e-01  1.106e-01 	
 7.408e-03  9.148e-03  1.093e-02  1.271e-02  1.449e-02  1.625e-02  1.799e-02  1.970e-02  2.140e-02  2.309e-02  2.478e-02  2.647e-02  2.818e-02  2.992e-02  3.170e-02  3.352e-02  3.540e-02  3.736e-02  3.939e-02  4.152e-02  4.374e-02  4.607e-02  4.853e-02  5.110e-02  5.381e-02  5.665e-02  5.964e-02  6.277e-02  6.605e-02  6.948e-02  7.307e-02  7.681e-02  8.070e-02  8.475e-02  8.895e-02  9.329e-02  9.779e-02  1.024e-01  1.072e-01  1.121e-01  1.171e-01  1.223e-01  1.276e-01  1.330e-01  1.384e-01  1.440e-01  1.497e-01  1.554e-01  1.613e-01  1.672e-01 	
 9.755e-03  1.194e-02  1.417e-02  1.641e-02  1.865e-02  2.088e-02  2.310e-02  2.532e-02  2.756e-02  2.982e-02  3.212e-02  3.448e-02  3.692e-02  3.945e-02  4.209e-02  4.486e-02  4.778e-02  5.086e-02  5.411e-02  5.755e-02  6.119e-02  6.503e-02  6.908e-02  7.334e-02  7.783e-02  8.254e-02  8.747e-02  9.262e-02  9.799e-02  1.036e-01  1.093e-01  1.153e-01  1.215e-01  1.278e-01  1.344e-01  1.410e-01  1.479e-01  1.548e-01  1.619e-01  1.690e-01  1.763e-01  1.837e-01  1.911e-01  1.985e-01  2.060e-01  2.136e-01  2.211e-01  2.286e-01  2.362e-01  2.436e-01 	
 1.298e-02  1.578e-02  1.863e-02  2.150e-02  2.440e-02  2.732e-02  3.028e-02  3.330e-02  3.640e-02  3.961e-02  4.296e-02  4.647e-02  5.018e-02  5.411e-02  5.829e-02  6.273e-02  6.746e-02  7.248e-02  7.781e-02  8.346e-02  8.942e-02  9.569e-02  1.023e-01  1.092e-01  1.164e-01  1.238e-01  1.316e-01  1.395e-01  1.478e-01  1.562e-01  1.648e-01  1.735e-01  1.824e-01  1.914e-01  2.006e-01  2.097e-01  2.189e-01  2.282e-01  2.374e-01  2.466e-01  2.557e-01  2.648e-01  2.738e-01  2.827e-01  2.915e-01  3.001e-01  3.086e-01  3.170e-01  3.251e-01  3.331e-01 	
 1.748e-02  2.113e-02  2.486e-02  2.867e-02  3.256e-02  3.656e-02  4.071e-02  4.505e-02  4.962e-02  5.446e-02  5.963e-02  6.515e-02  7.107e-02  7.740e-02  8.417e-02  9.139e-02  9.906e-02  1.072e-01  1.157e-01  1.247e-01  1.341e-01  1.438e-01  1.539e-01  1.642e-01  1.748e-01  1.857e-01  1.967e-01  2.079e-01  2.191e-01  2.304e-01  2.417e-01  2.530e-01  2.642e-01  2.753e-01  2.863e-01  2.971e-01  3.077e-01  3.181e-01  3.283e-01  3.382e-01  3.478e-01  3.572e-01  3.663e-01  3.750e-01  3.835e-01  3.916e-01  3.994e-01  4.070e-01  4.142e-01  4.211e-01 	
 2.384e-02  2.871e-02  3.375e-02  3.899e-02  4.446e-02  5.023e-02  5.637e-02  6.295e-02  7.002e-02  7.765e-02  8.587e-02  9.472e-02  1.042e-01  1.143e-01  1.251e-01  1.364e-01  1.482e-01  1.606e-01  1.734e-01  1.865e-01  2.000e-01  2.136e-01  2.274e-01  2.413e-01  2.551e-01  2.689e-01  2.825e-01  2.960e-01  3.092e-01  3.221e-01  3.347e-01  3.469e-01  3.586e-01  3.700e-01  3.809e-01  3.914e-01  4.014e-01  4.109e-01  4.200e-01  4.287e-01  4.368e-01  4.446e-01  4.519e-01  4.587e-01  4.652e-01  4.713e-01  4.770e-01  4.824e-01  4.874e-01  4.922e-01 	
 3.297e-02  3.967e-02  4.675e-02  5.428e-02  6.235e-02  7.107e-02  8.054e-02  9.082e-02  1.020e-01  1.140e-01  1.269e-01  1.407e-01  1.552e-01  1.704e-01  1.862e-01  2.025e-01  2.192e-01  2.360e-01  2.530e-01  2.699e-01  2.867e-01  3.032e-01  3.194e-01  3.351e-01  3.504e-01  3.650e-01  3.791e-01  3.925e-01  4.052e-01  4.173e-01  4.287e-01  4.393e-01  4.494e-01  4.587e-01  4.674e-01  4.756e-01  4.831e-01  4.900e-01  4.965e-01  5.024e-01  5.079e-01  5.129e-01  5.175e-01  5.217e-01  5.256e-01  5.291e-01  5.323e-01  5.352e-01  5.379e-01  5.403e-01 	
 4.634e-02  5.589e-02  6.623e-02  7.747e-02  8.977e-02  1.032e-01  1.179e-01  1.338e-01  1.508e-01  1.689e-01  1.879e-01  2.076e-01  2.279e-01  2.484e-01  2.691e-01  2.896e-01  3.099e-01  3.296e-01  3.488e-01  3.672e-01  3.848e-01  4.014e-01  4.171e-01  4.318e-01  4.455e-01  4.582e-01  4.699e-01  4.807e-01  4.906e-01  4.996e-01  5.078e-01  5.153e-01  5.220e-01  5.280e-01  5.335e-01  5.383e-01  5.427e-01  5.466e-01  5.500e-01  5.530e-01  5.557e-01  5.581e-01  5.601e-01  5.619e-01  5.634e-01  5.647e-01  5.658e-01  5.668e-01  5.675e-01  5.682e-01 	
 6.632e-02  8.037e-02  9.583e-02  1.129e-01  1.315e-01  1.518e-01  1.736e-01  1.966e-01  2.206e-01  2.453e-01  2.703e-01  2.952e-01  3.198e-01  3.437e-01  3.667e-01  3.886e-01  4.092e-01  4.285e-01  4.464e-01  4.628e-01  4.778e-01  4.914e-01  5.037e-01  5.147e-01  5.245e-01  5.332e-01  5.409e-01  5.477e-01  5.536e-01  5.587e-01  5.631e-01  5.669e-01  5.701e-01  5.729e-01  5.751e-01  5.770e-01  5.786e-01  5.798e-01  5.807e-01  5.815e-01  5.820e-01  5.823e-01  5.824e-01  5.824e-01  5.823e-01  5.821e-01  5.818e-01  5.814e-01  5.810e-01  5.805e-01 	
 9.631e-02  1.171e-01  1.401e-01  1.651e-01  1.921e-01  2.205e-01  2.500e-01  2.799e-01  3.098e-01  3.390e-01  3.673e-01  3.941e-01  4.193e-01  4.425e-01  4.638e-01  4.831e-01  5.004e-01  5.158e-01  5.294e-01  5.412e-01  5.515e-01  5.603e-01  5.679e-01  5.743e-01  5.796e-01  5.840e-01  5.877e-01  5.906e-01  5.929e-01  5.947e-01  5.960e-01  5.969e-01  5.974e-01  5.977e-01  5.977e-01  5.975e-01  5.971e-01  5.966e-01  5.959e-01  5.951e-01  5.943e-01  5.933e-01  5.924e-01  5.913e-01  5.903e-01  5.892e-01  5.881e-01  5.870e-01  5.859e-01  5.848e-01 	
 1.404e-01  1.703e-01  2.026e-01  2.367e-01  2.719e-01  3.074e-01  3.424e-01  3.760e-01  4.078e-01  4.372e-01  4.641e-01  4.882e-01  5.097e-01  5.284e-01  5.446e-01  5.585e-01  5.702e-01  5.800e-01  5.881e-01  5.947e-01  6.000e-01  6.041e-01  6.073e-01  6.096e-01  6.112e-01  6.122e-01  6.127e-01  6.127e-01  6.124e-01  6.118e-01  6.110e-01  6.100e-01  6.088e-01  6.075e-01  6.061e-01  6.047e-01  6.032e-01  6.016e-01  6.000e-01  5.984e-01  5.969e-01  5.953e-01  5.937e-01  5.922e-01  5.907e-01  5.892e-01  5.877e-01  5.863e-01  5.849e-01  5.835e-01 	
 2.016e-01  2.416e-01  2.828e-01  3.242e-01  3.645e-01  4.028e-01  4.383e-01  4.704e-01  4.990e-01  5.239e-01  5.454e-01  5.635e-01  5.786e-01  5.910e-01  6.010e-01  6.089e-01  6.150e-01  6.196e-01  6.229e-01  6.252e-01  6.265e-01  6.271e-01  6.271e-01  6.266e-01  6.256e-01  6.244e-01  6.229e-01  6.212e-01  6.194e-01  6.174e-01  6.154e-01  6.133e-01  6.112e-01  6.091e-01  6.070e-01  6.049e-01  6.029e-01  6.009e-01  5.989e-01  5.969e-01  5.951e-01  5.932e-01  5.914e-01  5.897e-01  5.880e-01  5.864e-01  5.849e-01  5.834e-01  5.819e-01  5.805e-01 	
 2.792e-01  3.268e-01  3.730e-01  4.166e-01  4.563e-01  4.917e-01  5.225e-01  5.487e-01  5.706e-01  5.885e-01  6.029e-01  6.142e-01  6.229e-01  6.294e-01  6.340e-01  6.370e-01  6.388e-01  6.395e-01  6.394e-01  6.387e-01  6.374e-01  6.357e-01  6.337e-01  6.315e-01  6.291e-01  6.265e-01  6.239e-01  6.213e-01  6.187e-01  6.160e-01  6.134e-01  6.109e-01  6.084e-01  6.059e-01  6.035e-01  6.012e-01  5.990e-01  5.968e-01  5.947e-01  5.927e-01  5.908e-01  5.889e-01  5.871e-01  5.854e-01  5.837e-01  5.822e-01  5.806e-01  5.792e-01  5.778e-01  5.765e-01 	
 3.651e-01  4.146e-01  4.596e-01  4.992e-01  5.331e-01  5.615e-01  5.847e-01  6.032e-01  6.176e-01  6.286e-01  6.367e-01  6.423e-01  6.459e-01  6.479e-01  6.487e-01  6.484e-01  6.473e-01  6.456e-01  6.434e-01  6.409e-01  6.381e-01  6.352e-01  6.321e-01  6.290e-01  6.259e-01  6.228e-01  6.197e-01  6.167e-01  6.138e-01  6.109e-01  6.081e-01  6.054e-01  6.028e-01  6.004e-01  5.980e-01  5.957e-01  5.935e-01  5.913e-01  5.893e-01  5.874e-01  5.855e-01  5.838e-01  5.821e-01  5.805e-01  5.790e-01  5.775e-01  5.761e-01  5.748e-01  5.735e-01  5.723e-01 	
 4.459e-01  4.906e-01  5.288e-01  5.605e-01  5.861e-01  6.064e-01  6.220e-01  6.336e-01  6.420e-01  6.476e-01  6.510e-01  6.527e-01  6.530e-01  6.523e-01  6.507e-01  6.485e-01  6.458e-01  6.428e-01  6.396e-01  6.362e-01  6.328e-01  6.293e-01  6.258e-01  6.224e-01  6.191e-01  6.159e-01  6.127e-01  6.097e-01  6.068e-01  6.039e-01  6.013e-01  5.987e-01  5.962e-01  5.938e-01  5.916e-01  5.895e-01  5.874e-01  5.855e-01  5.836e-01  5.819e-01  5.802e-01  5.786e-01  5.771e-01  5.757e-01  5.743e-01  5.730e-01  5.718e-01  5.706e-01  5.695e-01  5.684e-01 	
 5.084e-01  5.445e-01  5.738e-01  5.971e-01  6.152e-01  6.287e-01  6.385e-01  6.452e-01  6.494e-01  6.516e-01  6.523e-01  6.517e-01  6.501e-01  6.479e-01  6.451e-01  6.420e-01  6.386e-01  6.351e-01  6.315e-01  6.279e-01  6.243e-01  6.207e-01  6.173e-01  6.140e-01  6.107e-01  6.076e-01  6.046e-01  6.018e-01  5.990e-01  5.964e-01  5.940e-01  5.916e-01  5.894e-01  5.872e-01  5.852e-01  5.833e-01  5.815e-01  5.798e-01  5.781e-01  5.766e-01  5.751e-01  5.737e-01  5.724e-01  5.712e-01  5.700e-01  5.689e-01  5.678e-01  5.668e-01  5.659e-01  5.650e-01 	
 5.475e-01  5.748e-01  5.965e-01  6.132e-01  6.258e-01  6.348e-01  6.408e-01  6.445e-01  6.463e-01  6.466e-01  6.457e-01  6.439e-01  6.415e-01  6.386e-01  6.354e-01  6.320e-01  6.285e-01  6.250e-01  6.214e-01  6.179e-01  6.145e-01  6.111e-01  6.079e-01  6.048e-01  6.018e-01  5.990e-01  5.963e-01  5.937e-01  5.913e-01  5.890e-01  5.868e-01  5.847e-01  5.828e-01  5.809e-01  5.792e-01  5.775e-01  5.759e-01  5.745e-01  5.731e-01  5.717e-01  5.705e-01  5.693e-01  5.682e-01  5.672e-01  5.662e-01  5.652e-01  5.643e-01  5.635e-01  5.627e-01  5.620e-01 	
 5.667e-01  5.873e-01  6.035e-01  6.159e-01  6.249e-01  6.311e-01  6.349e-01  6.369e-01  6.374e-01  6.367e-01  6.351e-01  6.329e-01  6.302e-01  6.272e-01  6.240e-01  6.207e-01  6.174e-01  6.140e-01  6.107e-01  6.075e-01  6.044e-01  6.014e-01  5.985e-01  5.958e-01  5.932e-01  5.907e-01  5.883e-01  5.861e-01  5.840e-01  5.820e-01  5.801e-01  5.784e-01  5.767e-01  5.751e-01  5.737e-01  5.723e-01  5.709e-01  5.697e-01  5.685e-01  5.674e-01  5.664e-01  5.654e-01  5.645e-01  5.637e-01  5.628e-01  5.621e-01  5.614e-01  5.607e-01  5.600e-01  5.594e-01 	
 5.734e-01  5.893e-01  6.019e-01  6.113e-01  6.180e-01  6.225e-01  6.250e-01  6.260e-01  6.259e-01  6.248e-01  6.230e-01  6.207e-01  6.181e-01  6.152e-01  6.123e-01  6.092e-01  6.062e-01  6.032e-01  6.003e-01  5.975e-01  5.948e-01  5.922e-01  5.897e-01  5.874e-01  5.851e-01  5.830e-01  5.810e-01  5.792e-01  5.774e-01  5.757e-01  5.742e-01  5.727e-01  5.713e-01  5.700e-01  5.688e-01  5.677e-01  5.666e-01  5.656e-01  5.646e-01  5.638e-01  5.629e-01  5.621e-01  5.614e-01  5.607e-01  5.601e-01  5.594e-01  5.589e-01  5.583e-01  5.578e-01  5.573e-01 	
 5.739e-01  5.864e-01  5.963e-01  6.036e-01  6.087e-01  6.120e-01  6.137e-01  6.141e-01  6.136e-01  6.124e-01  6.106e-01  6.085e-01  6.061e-01  6.036e-01  6.009e-01  5.983e-01  5.957e-01  5.931e-01  5.907e-01  5.883e-01  5.860e-01  5.838e-01  5.817e-01  5.798e-01  5.779e-01  5.762e-01  5.746e-01  5.730e-01  5.716e-01  5.702e-01  5.690e-01  5.678e-01  5.667e-01  5.656e-01  5.647e-01  5.638e-01  5.629e-01  5.621e-01  5.614e-01  5.607e-01  5.600e-01  5.594e-01  5.588e-01  5.583e-01  5.578e-01  5.573e-01  5.568e-01  5.564e-01  5.560e-01  5.557e-01 	
 5.713e-01  5.811e-01  5.889e-01  5.946e-01  5.985e-01  6.009e-01  6.021e-01  6.022e-01  6.016e-01  6.004e-01  5.988e-01  5.970e-01  5.949e-01  5.927e-01  5.905e-01  5.883e-01  5.861e-01  5.840e-01  5.819e-01  5.800e-01  5.781e-01  5.763e-01  5.747e-01  5.731e-01  5.716e-01  5.702e-01  5.689e-01  5.677e-01  5.666e-01  5.655e-01  5.645e-01  5.636e-01  5.627e-01  5.619e-01  5.612e-01  5.605e-01  5.598e-01  5.592e-01  5.586e-01  5.581e-01  5.576e-01  5.571e-01  5.567e-01  5.563e-01  5.559e-01  5.556e-01  5.552e-01  5.549e-01  5.546e-01  5.543e-01 	
 5.665e-01  5.742e-01  5.803e-01  5.848e-01  5.878e-01  5.897e-01  5.905e-01  5.906e-01  5.900e-01  5.890e-01  5.877e-01  5.861e-01  5.844e-01  5.827e-01  5.809e-01  5.791e-01  5.774e-01  5.758e-01  5.741e-01  5.726e-01  5.712e-01  5.698e-01  5.685e-01  5.673e-01  5.662e-01  5.651e-01  5.641e-01  5.632e-01  5.623e-01  5.615e-01  5.608e-01  5.601e-01  5.594e-01  5.588e-01  5.583e-01  5.578e-01  5.573e-01  5.568e-01  5.564e-01  5.560e-01  5.557e-01  5.553e-01  5.550e-01  5.547e-01  5.544e-01  5.542e-01  5.539e-01  5.537e-01  5.535e-01  5.533e-01 	
 5.608e-01  5.667e-01  5.715e-01  5.751e-01  5.775e-01  5.790e-01  5.797e-01  5.797e-01  5.793e-01  5.786e-01  5.776e-01  5.764e-01  5.751e-01  5.738e-01  5.725e-01  5.712e-01  5.699e-01  5.686e-01  5.674e-01  5.663e-01  5.652e-01  5.642e-01  5.633e-01  5.624e-01  5.616e-01  5.608e-01  5.601e-01  5.594e-01  5.588e-01  5.582e-01  5.577e-01  5.572e-01  5.567e-01  5.563e-01  5.559e-01  5.556e-01  5.552e-01  5.549e-01  5.546e-01  5.544e-01  5.541e-01  5.539e-01  5.537e-01  5.535e-01  5.533e-01  5.531e-01  5.530e-01  5.528e-01  5.527e-01  5.526e-01 	
 5.555e-01  5.600e-01  5.636e-01  5.664e-01  5.683e-01  5.695e-01  5.701e-01  5.703e-01  5.701e-01  5.696e-01  5.689e-01  5.681e-01  5.672e-01  5.663e-01  5.654e-01  5.644e-01  5.635e-01  5.627e-01  5.619e-01  5.611e-01  5.603e-01  5.596e-01  5.590e-01  5.584e-01  5.578e-01  5.573e-01  5.568e-01  5.564e-01  5.560e-01  5.556e-01  5.553e-01  5.549e-01  5.546e-01  5.544e-01  5.541e-01  5.539e-01  5.537e-01  5.535e-01  5.533e-01  5.531e-01  5.530e-01  5.528e-01  5.527e-01  5.526e-01  5.525e-01  5.524e-01  5.523e-01  5.522e-01  5.521e-01  5.520e-01 	
 5.508e-01  5.541e-01  5.568e-01  5.589e-01  5.605e-01  5.615e-01  5.621e-01  5.623e-01  5.623e-01  5.620e-01  5.617e-01  5.612e-01  5.607e-01  5.601e-01  5.595e-01  5.590e-01  5.584e-01  5.579e-01  5.574e-01  5.569e-01  5.564e-01  5.560e-01  5.556e-01  5.553e-01  5.549e-01  5.546e-01  5.543e-01  5.541e-01  5.538e-01  5.536e-01  5.534e-01  5.532e-01  5.531e-01  5.529e-01  5.528e-01  5.526e-01  5.525e-01  5.524e-01  5.523e-01  5.522e-01  5.522e-01  5.521e-01  5.520e-01  5.520e-01  5.519e-01  5.519e-01  5.518e-01  5.518e-01  5.517e-01  5.517e-01 	
 5.472e-01  5.494e-01  5.514e-01  5.530e-01  5.542e-01  5.551e-01  5.556e-01  5.560e-01  5.561e-01  5.561e-01  5.560e-01  5.558e-01  5.556e-01  5.553e-01  5.550e-01  5.548e-01  5.545e-01  5.542e-01  5.540e-01  5.537e-01  5.535e-01  5.533e-01  5.531e-01  5.529e-01  5.528e-01  5.526e-01  5.525e-01  5.524e-01  5.523e-01  5.522e-01  5.521e-01  5.520e-01  5.520e-01  5.519e-01  5.518e-01  5.518e-01  5.518e-01  5.517e-01  5.517e-01  5.517e-01  5.516e-01  5.516e-01  5.516e-01  5.516e-01  5.516e-01  5.516e-01  5.516e-01  5.516e-01  5.516e-01  5.516e-01 	
 5.447e-01  5.460e-01  5.473e-01  5.485e-01  5.495e-01  5.502e-01  5.508e-01  5.512e-01  5.515e-01  5.517e-01  5.518e-01  5.518e-01  5.518e-01  5.518e-01  5.518e-01  5.517e-01  5.517e-01  5.516e-01  5.515e-01  5.515e-01  5.514e-01  5.514e-01  5.514e-01  5.513e-01  5.513e-01  5.513e-01  5.513e-01  5.513e-01  5.513e-01  5.513e-01  5.513e-01  5.513e-01  5.513e-01  5.513e-01  5.513e-01  5.513e-01  5.513e-01  5.513e-01  5.513e-01  5.514e-01  5.514e-01  5.514e-01  5.514e-01  5.514e-01  5.514e-01  5.515e-01  5.515e-01  5.515e-01  5.515e-01  5.515e-01 	
 5.433e-01  5.439e-01  5.447e-01  5.455e-01  5.463e-01  5.469e-01  5.475e-01  5.479e-01  5.483e-01  5.486e-01  5.489e-01  5.491e-01  5.493e-01  5.494e-01  5.496e-01  5.497e-01  5.498e-01  5.499e-01  5.500e-01  5.501e-01  5.501e-01  5.502e-01  5.503e-01  5.504e-01  5.504e-01  5.505e-01  5.506e-01  5.506e-01  5.507e-01  5.507e-01  5.508e-01  5.509e-01  5.509e-01  5.510e-01  5.510e-01  5.511e-01  5.511e-01  5.512e-01  5.512e-01  5.513e-01  5.513e-01  5.513e-01  5.514e-01  5.514e-01  5.515e-01  5.515e-01  5.515e-01  5.516e-01  5.516e-01  5.516e-01 	
 5.428e-01  5.429e-01  5.432e-01  5.438e-01  5.444e-01  5.449e-01  5.455e-01  5.460e-01  5.464e-01  5.468e-01  5.472e-01  5.475e-01  5.478e-01  5.481e-01  5.483e-01  5.485e-01  5.487e-01  5.489e-01  5.491e-01  5.493e-01  5.495e-01  5.496e-01  5.498e-01  5.499e-01  5.500e-01  5.501e-01  5.503e-01  5.504e-01  5.505e-01  5.506e-01  5.507e-01  5.508e-01  5.508e-01  5.509e-01  5.510e-01  5.511e-01  5.511e-01  5.512e-01  5.513e-01  5.513e-01  5.514e-01  5.514e-01  5.515e-01  5.515e-01  5.516e-01  5.516e-01  5.517e-01  5.517e-01  5.518e-01  5.518e-01 	
 5.431e-01  5.427e-01  5.428e-01  5.431e-01  5.435e-01  5.440e-01  5.445e-01  5.450e-01  5.455e-01  5.460e-01  5.464e-01  5.468e-01  5.471e-01  5.474e-01  5.478e-01  5.480e-01  5.483e-01  5.486e-01  5.488e-01  5.490e-01  5.492e-01  5.494e-01  5.496e-01  5.498e-01  5.499e-01  5.501e-01  5.502e-01  5.504e-01  5.505e-01  5.506e-01  5.507e-01  5.508e-01  5.509e-01  5.510e-01  5.511e-01  5.512e-01  5.513e-01  5.514e-01  5.514e-01  5.515e-01  5.516e-01  5.516e-01  5.517e-01  5.517e-01  5.518e-01  5.518e-01  5.519e-01  5.519e-01  5.520e-01  5.520e-01 	
 5.440e-01  5.433e-01  5.431e-01  5.432e-01  5.435e-01  5.439e-01  5.444e-01  5.449e-01  5.453e-01  5.458e-01  5.462e-01  5.466e-01  5.470e-01  5.474e-01  5.477e-01  5.480e-01  5.483e-01  5.486e-01  5.489e-01  5.491e-01  5.493e-01  5.496e-01  5.498e-01  5.499e-01  5.501e-01  5.503e-01  5.504e-01  5.506e-01  5.507e-01  5.508e-01  5.510e-01  5.511e-01  5.512e-01  5.513e-01  5.514e-01  5.515e-01  5.515e-01  5.516e-01  5.517e-01  5.518e-01  5.518e-01  5.519e-01  5.519e-01  5.520e-01  5.520e-01  5.521e-01  5.521e-01  5.522e-01  5.522e-01  5.522e-01 	
 5.452e-01  5.442e-01  5.439e-01  5.438e-01  5.441e-01  5.444e-01  5.448e-01  5.452e-01  5.457e-01  5.461e-01  5.465e-01  5.469e-01  5.473e-01  5.477e-01  5.480e-01  5.483e-01  5.486e-01  5.489e-01  5.492e-01  5.494e-01  5.497e-01  5.499e-01  5.501e-01  5.503e-01  5.504e-01  5.506e-01  5.507e-01  5.509e-01  5.510e-01  5.511e-01  5.513e-01  5.514e-01  5.515e-01  5.516e-01  5.517e-01  5.517e-01  5.518e-01  5.519e-01  5.520e-01  5.520e-01  5.521e-01  5.521e-01  5.522e-01  5.522e-01  5.523e-01  5.523e-01  5.524e-01  5.524e-01  5.524e-01  5.525e-01 	
 5.466e-01  5.454e-01  5.449e-01  5.448e-01  5.449e-01  5.451e-01  5.455e-01  5.458e-01  5.463e-01  5.467e-01  5.471e-01  5.474e-01  5.478e-01  5.482e-01  5.485e-01  5.488e-01  5.491e-01  5.493e-01  5.496e-01  5.498e-01  5.501e-01  5.503e-01  5.505e-01  5.506e-01  5.508e-01  5.509e-01  5.511e-01  5.512e-01  5.514e-01  5.515e-01  5.516e-01  5.517e-01  5.518e-01  5.519e-01  5.520e-01  5.520e-01  5.521e-01  5.522e-01  5.522e-01  5.523e-01  5.523e-01  5.524e-01  5.524e-01  5.525e-01  5.525e-01  5.526e-01  5.526e-01  5.526e-01  5.527e-01  5.527e-01 	
 5.480e-01  5.467e-01  5.460e-01  5.458e-01  5.458e-01  5.460e-01  5.463e-01  5.466e-01  5.470e-01  5.473e-01  5.477e-01  5.480e-01  5.484e-01  5.487e-01  5.490e-01  5.493e-01  5.496e-01  5.498e-01  5.501e-01  5.503e-01  5.505e-01  5.507e-01  5.508e-01  5.510e-01  5.512e-01  5.513e-01  5.514e-01  5.516e-01  5.517e-01  5.518e-01  5.519e-01  5.520e-01  5.521e-01  5.522e-01  5.522e-01  5.523e-01  5.524e-01  5.524e-01  5.525e-01  5.525e-01  5.526e-01  5.526e-01  5.527e-01  5.527e-01  5.527e-01  5.528e-01  5.528e-01  5.528e-01  5.529e-01  5.529e-01 	
 5.494e-01  5.479e-01  5.471e-01  5.468e-01  5.467e-01  5.469e-01  5.471e-01  5.473e-01  5.477e-01  5.480e-01  5.483e-01  5.486e-01  5.489e-01  5.492e-01  5.495e-01  5.498e-01  5.500e-01  5.503e-01  5.505e-01  5.507e-01  5.509e-01  5.511e-01  5.512e-01  5.514e-01  5.515e-01  5.516e-01  5.518e-01  5.519e-01  5.520e-01  5.521e-01  5.522e-01  5.523e-01  5.523e-01  5.524e-01  5.525e-01  5.525e-01  5.526e-01  5.526e-01  5.527e-01  5.527e-01  5.528e-01  5.528e-01  5.529e-01  5.529e-01  5.529e-01  5.530e-01  5.530e-01  5.530e-01  5.530e-01  5.530e-01 	
