 7.209e-01  7.209e-01  7.209e-01  7.209e-01  7.209e-01  7.209e-01  7.209e-01  7.209e-01  7.209e-01  7.209e-01  7.209e-01  7.209e-01  7.209e-01  7.209e-01  7.209e-01  7.209e-01  7.209e-01  7.209e-01  7.209e-01  7.209e-01  7.209e-01  7.209e-01  7.209e-01  7.209e-01  7.209e-01  7.209e-01  7.209e-01  7.209e-01  7.209e-01  7.209e-01  7.209e-01  7.209e-01  7.209e-01  7.209e-01  7.209e-01  7.209e-01  7.209e-01  7.209e-01  7.209e-01  7.209e-01  7.209e-01  7.209e-01  7.209e-01  7.209e-01  7.209e-01  7.209e-01  7.209e-01  7.209e-01  7.209e-01  7.209e-01 	
 7.712e-01  7.712e-01  7.712e-01  7.712e-01  7.712e-01  7.712e-01  7.712e-01  7.712e-01  7.712e-01  7.712e-01  7.712e-01  7.712e-01  7.712e-01  7.712e-01  7.712e-01  7.712e-01  7.712e-01  7.712e-01  7.712e-01  7.712e-01  7.712e-01  7.712e-01  7.712e-01  7.712e-01  7.712e-01  7.712e-01  7.712e-01  7.712e-01  7.712e-01  7.712e-01  7.712e-01  7.712e-01  7.712e-01  7.712e-01  7.712e-01  7.712e-01  7.712e-01  7.712e-01  7.712e-01  7.712e-01  7.712e-01  7.712e-01  7.712e-01  7.712e-01  7.712e-01  7.712e-01  7.712e-01  7.712e-01  7.712e-01  7.712e-01 	
 8.037e-01  8.037e-01  8.037e-01  8.037e-01  8.037e-01  8.037e-01  8.037e-01  8.037e-01  8.037e-01  8.037e-01  8.037e-01  8.037e-01  8.037e-01  8.037e-01  8.037e-01  8.037e-01  8.037e-01  8.037e-01  8.037e-01  8.037e-01  8.037e-01  8.037e-01  8.037e-01  8.037e-01  8.037e-01  8.037e-01  8.037e-01  8.037e-01  8.037e-01  8.037e-01  8.037e-01  8.037e-01  8.037e-01  8.037e-01  8.037e-01  8.037e-01  8.037e-01  8.037e-01  8.037e-01  8.037e-01  8.037e-01  8.037e-01  8.037e-01  8.037e-01  8.037e-01  8.037e-01  8.037e-01  8.037e-01  8.037e-01  8.037e-01 	
 8.226e-01  8.226e-01  8.226e-01  8.226e-01  8.226e-01  8.226e-01  8.226e-01  8.226e-01  8.226e-01  8.226e-01  8.226e-01  8.226e-01  8.226e-01  8.226e-01  8.226e-01  8.226e-01  8.226e-01  8.226e-01  8.226e-01  8.226e-01  8.226e-01  8.226e-01  8.226e-01  8.226e-01  8.226e-01  8.226e-01  8.226e-01  8.226e-01  8.226e-01  8.226e-01  8.226e-01  8.226e-01  8.226e-01  8.226e-01  8.226e-01  8.226e-01  8.226e-01  8.226e-01  8.226e-01  8.226e-01  8.226e-01  8.226e-01  8.226e-01  8.226e-01  8.226e-01  8.226e-01  8.226e-01  8.226e-01  8.226e-01  8.226e-01 	
 8.438e-01  8.438e-01  8.438e-01  8.438e-01  8.438e-01  8.438e-01  8.438e-01  8.438e-01  8.438e-01  8.438e-01  8.438e-01  8.438e-01  8.438e-01  8.438e-01  8.438e-01  8.438e-01  8.438e-01  8.438e-01  8.438e-01  8.438e-01  8.438e-01  8.438e-01  8.438e-01  8.438e-01  8.438e-01  8.438e-01  8.438e-01  8.438e-01  8.438e-01  8.438e-01  8.438e-01  8.438e-01  8.438e-01  8.438e-01  8.438e-01  8.438e-01  8.438e-01  8.438e-01  8.438e-01  8.438e-01  8.438e-01  8.438e-01  8.438e-01  8.438e-01  8.438e-01  8.438e-01  8.438e-01  8.438e-01  8.438e-01  8.438e-01 	
 8.702e-01  8.702e-01  8.702e-01  8.702e-01  8.702e-01  8.702e-01  8.702e-01  8.702e-01  8.702e-01  8.702e-01  8.702e-01  8.702e-01  8.702e-01  8.702e-01  8.702e-01  8.702e-01  8.702e-01  8.702e-01  8.702e-01  8.702e-01  8.702e-01  8.702e-01  8.702e-01  8.702e-01  8.702e-01  8.702e-01  8.702e-01  8.702e-01  8.702e-01  8.702e-01  8.702e-01  8.702e-01  8.702e-01  8.702e-01  8.702e-01  8.702e-01  8.702e-01  8.702e-01  8.702e-01  8.702e-01  8.702e-01  8.702e-01  8.702e-01  8.702e-01  8.702e-01  8.702e-01  8.702e-01  8.702e-01  8.702e-01  8.702e-01 	
 8.744e-01  8.744e-01  8.744e-01  8.744e-01  8.744e-01  8.744e-01  8.744e-01  8.744e-01  8.744e-01  8.744e-01  8.744e-01  8.744e-01  8.744e-01  8.744e-01  8.744e-01  8.744e-01  8.744e-01  8.744e-01  8.744e-01  8.744e-01  8.744e-01  8.744e-01  8.744e-01  8.744e-01  8.744e-01  8.744e-01  8.744e-01  8.744e-01  8.744e-01  8.744e-01  8.744e-01  8.744e-01  8.744e-01  8.744e-01  8.744e-01  8.744e-01  8.744e-01  8.744e-01  8.744e-01  8.744e-01  8.744e-01  8.744e-01  8.744e-01  8.744e-01  8.744e-01  8.744e-01  8.744e-01  8.744e-01  8.744e-01  8.744e-01 	
 8.738e-01  8.738e-01  8.738e-01  8.738e-01  8.738e-01  8.738e-01  8.738e-01  8.738e-01  8.738e-01  8.738e-01  8.738e-01  8.738e-01  8.738e-01  8.738e-01  8.738e-01  8.738e-01  8.738e-01  8.738e-01  8.738e-01  8.738e-01  8.738e-01  8.738e-01  8.738e-01  8.738e-01  8.738e-01  8.738e-01  8.738e-01  8.738e-01  8.738e-01  8.738e-01  8.738e-01  8.738e-01  8.738e-01  8.738e-01  8.738e-01  8.738e-01  8.738e-01  8.738e-01  8.738e-01  8.738e-01  8.738e-01  8.738e-01  8.738e-01  8.738e-01  8.738e-01  8.738e-01  8.738e-01  8.738e-01  8.738e-01  8.738e-01 	
 8.753e-01  8.753e-01  8.753e-01  8.753e-01  8.753e-01  8.753e-01  8.753e-01  8.753e-01  8.753e-01  8.753e-01  8.753e-01  8.753e-01  8.753e-01  8.753e-01  8.753e-01  8.753e-01  8.753e-01  8.753e-01  8.753e-01  8.753e-01  8.753e-01  8.753e-01  8.753e-01  8.753e-01  8.753e-01  8.753e-01  8.753e-01  8.753e-01  8.753e-01  8.753e-01  8.753e-01  8.753e-01  8.753e-01  8.753e-01  8.753e-01  8.753e-01  8.753e-01  8.753e-01  8.753e-01  8.753e-01  8.753e-01  8.753e-01  8.753e-01  8.753e-01  8.753e-01  8.753e-01  8.753e-01  8.753e-01  8.753e-01  8.753e-01 	
 8.643e-01  8.643e-01  8.643e-01  8.643e-01  8.643e-01  8.643e-01  8.643e-01  8.643e-01  8.643e-01  8.643e-01  8.643e-01  8.643e-01  8.643e-01  8.643e-01  8.643e-01  8.643e-01  8.643e-01  8.643e-01  8.643e-01  8.643e-01  8.643e-01  8.643e-01  8.643e-01  8.643e-01  8.643e-01  8.643e-01  8.643e-01  8.643e-01  8.643e-01  8.643e-01  8.643e-01  8.643e-01  8.643e-01  8.643e-01  8.643e-01  8.643e-01  8.643e-01  8.643e-01  8.643e-01  8.643e-01  8.643e-01  8.643e-01  8.643e-01  8.643e-01  8.643e-01  8.643e-01  8.643e-01  8.643e-01  8.643e-01  8.643e-01 	
 8.321e-01  8.321e-01  8.321e-01  8.321e-01  8.321e-01  8.321e-01  8.321e-01  8.321e-01  8.321e-01  8.321e-01  8.321e-01  8.321e-01  8.321e-01  8.321e-01  8.321e-01  8.321e-01  8.321e-01  8.321e-01  8.321e-01  8.321e-01  8.321e-01  8.321e-01  8.321e-01  8.321e-01  8.321e-01  8.321e-01  8.321e-01  8.321e-01  8.321e-01  8.321e-01  8.321e-01  8.321e-01  8.321e-01  8.321e-01  8.321e-01  8.321e-01  8.321e-01  8.321e-01  8.321e-01  8.321e-01  8.321e-01  8.321e-01  8.321e-01  8.321e-01  8.321e-01  8.321e-01  8.321e-01  8.321e-01  8.321e-01  8.321e-01 	
 7.966e-01  7.966e-01  7.966e-01  7.966e-01  7.966e-01  7.966e-01  7.966e-01  7.966e-01  7.966e-01  7.966e-01  7.966e-01  7.966e-01  7.966e-01  7.966e-01  7.966e-01  7.966e-01  7.966e-01  7.966e-01  7.966e-01  7.966e-01  7.966e-01  7.966e-01  7.966e-01  7.966e-01  7.966e-01  7.966e-01  7.966e-01  7.966e-01  7.966e-01  7.966e-01  7.966e-01  7.966e-01  7.966e-01  7.966e-01  7.966e-01  7.966e-01  7.966e-01  7.966e-01  7.966e-01  7.966e-01  7.966e-01  7.966e-01  7.966e-01  7.966e-01  7.966e-01  7.966e-01  7.966e-01  7.966e-01  7.966e-01  7.966e-01 	
 7.299e-01  7.299e-01  7.299e-01  7.299e-01  7.299e-01  7.299e-01  7.299e-01  7.299e-01  7.299e-01  7.299e-01  7.299e-01  7.299e-01  7.299e-01  7.299e-01  7.299e-01  7.299e-01  7.299e-01  7.299e-01  7.299e-01  7.299e-01  7.299e-01  7.299e-01  7.299e-01  7.299e-01  7.299e-01  7.299e-01  7.299e-01  7.299e-01  7.299e-01  7.299e-01  7.299e-01  7.299e-01  7.299e-01  7.299e-01  7.299e-01  7.299e-01  7.299e-01  7.299e-01  7.299e-01  7.299e-01  7.299e-01  7.299e-01  7.299e-01  7.299e-01  7.299e-01  7.299e-01  7.299e-01  7.299e-01  7.299e-01  7.299e-01 	
 6.295e-01  6.295e-01  6.295e-01  6.295e-01  6.295e-01  6.295e-01  6.295e-01  6.295e-01  6.295e-01  6.295e-01  6.295e-01  6.295e-01  6.295e-01  6.295e-01  6.295e-01  6.295e-01  6.295e-01  6.295e-01  6.295e-01  6.295e-01  6.295e-01  6.295e-01  6.295e-01  6.295e-01  6.295e-01  6.295e-01  6.295e-01  6.295e-01  6.295e-01  6.295e-01  6.295e-01  6.295e-01  6.295e-01  6.295e-01  6.295e-01  6.295e-01  6.295e-01  6.295e-01  6.295e-01  6.295e-01  6.295e-01  6.295e-01  6.295e-01  6.295e-01  6.295e-01  6.295e-01  6.295e-01  6.295e-01  6.295e-01  6.295e-01 	
 5.775e-01  5.775e-01  5.775e-01  5.775e-01  5.775e-01  5.775e-01  5.775e-01  5.775e-01  5.775e-01  5.775e-01  5.775e-01  5.775e-01  5.775e-01  5.775e-01  5.775e-01  5.775e-01  5.775e-01  5.775e-01  5.775e-01  5.775e-01  5.775e-01  5.775e-01  5.775e-01  5.775e-01  5.775e-01  5.775e-01  5.775e-01  5.775e-01  5.775e-01  5.775e-01  5.775e-01  5.775e-01  5.775e-01  5.775e-01  5.775e-01  5.775e-01  5.775e-01  5.775e-01  5.775e-01  5.775e-01  5.775e-01  5.775e-01  5.775e-01  5.775e-01  5.775e-01  5.775e-01  5.775e-01  5.775e-01  5.775e-01  5.775e-01 	
 6.392e-01  6.392e-01  6.392e-01  6.392e-01  6.392e-01  6.392e-01  6.392e-01  6.392e-01  6.392e-01  6.392e-01  6.392e-01  6.392e-01  6.392e-01  6.392e-01  6.392e-01  6.392e-01  6.392e-01  6.392e-01  6.392e-01  6.392e-01  6.392e-01  6.392e-01  6.392e-01  6.392e-01  6.392e-01  6.392e-01  6.392e-01  6.392e-01  6.392e-01  6.392e-01  6.392e-01  6.392e-01  6.392e-01  6.392e-01  6.392e-01  6.392e-01  6.392e-01  6.392e-01  6.392e-01  6.392e-01  6.392e-01  6.392e-01  6.392e-01  6.392e-01  6.392e-01  6.392e-01  6.392e-01  6.392e-01  6.392e-01  6.392e-01 	
 6.590e-01  6.590e-01  6.590e-01  6.590e-01  6.590e-01  6.590e-01  6.590e-01  6.590e-01  6.590e-01  6.590e-01  6.590e-01  6.590e-01  6.590e-01  6.590e-01  6.590e-01  6.590e-01  6.590e-01  6.590e-01  6.590e-01  6.590e-01  6.590e-01  6.590e-01  6.590e-01  6.590e-01  6.590e-01  6.590e-01  6.590e-01  6.590e-01  6.590e-01  6.590e-01  6.590e-01  6.590e-01  6.590e-01  6.590e-01  6.590e-01  6.590e-01  6.590e-01  6.590e-01  6.590e-01  6.590e-01  6.590e-01  6.590e-01  6.590e-01  6.590e-01  6.590e-01  6.590e-01  6.590e-01  6.590e-01  6.590e-01  6.590e-01 	
 6.133e-01  6.133e-01  6.133e-01  6.133e-01  6.133e-01  6.133e-01  6.133e-01  6.133e-01  6.133e-01  6.133e-01  6.133e-01  6.133e-01  6.133e-01  6.133e-01  6.133e-01  6.133e-01  6.133e-01  6.133e-01  6.133e-01  6.133e-01  6.133e-01  6.133e-01  6.133e-01  6.133e-01  6.133e-01  6.133e-01  6.133e-01  6.133e-01  6.133e-01  6.133e-01  6.133e-01  6.133e-01  6.133e-01  6.133e-01  6.133e-01  6.133e-01  6.133e-01  6.133e-01  6.133e-01  6.133e-01  6.133e-01  6.133e-01  6.133e-01  6.133e-01  6.133e-01  6.133e-01  6.133e-01  6.133e-01  6.133e-01  6.133e-01 	
 5.636e-01  5.636e-01  5.636e-01  5.636e-01  5.636e-01  5.636e-01  5.636e-01  5.636e-01  5.636e-01  5.636e-01  5.636e-01  5.636e-01  5.636e-01  5.636e-01  5.636e-01  5.636e-01  5.636e-01  5.636e-01  5.636e-01  5.636e-01  5.636e-01  5.636e-01  5.636e-01  5.636e-01  5.636e-01  5.636e-01  5.636e-01  5.636e-01  5.636e-01  5.636e-01  5.636e-01  5.636e-01  5.636e-01  5.636e-01  5.636e-01  5.636e-01  5.636e-01  5.636e-01  5.636e-01  5.636e-01  5.636e-01  5.636e-01  5.636e-01  5.636e-01  5.636e-01  5.636e-01  5.636e-01  5.636e-01  5.636e-01  5.636e-01 	
 5.980e-01  5.980e-01  5.980e-01  5.980e-01  5.980e-01  5.980e-01  5.980e-01  5.980e-01  5.980e-01  5.980e-01  5.980e-01  5.980e-01  5.980e-01  5.980e-01  5.980e-01  5.980e-01  5.980e-01  5.980e-01  5.980e-01  5.980e-01  5.980e-01  5.980e-01  5.980e-01  5.980e-01  5.980e-01  5.980e-01  5.980e-01  5.980e-01  5.980e-01  5.980e-01  5.980e-01  5.980e-01  5.980e-01  5.980e-01  5.980e-01  5.980e-01  5.980e-01  5.980e-01  5.980e-01  5.980e-01  5.980e-01  5.980e-01  5.980e-01  5.980e-01  5.980e-01  5.980e-01  5.980e-01  5.980e-01  5.980e-01  5.980e-01 	
 5.624e-01  5.624e-01  5.624e-01  5.624e-01  5.624e-01  5.624e-01  5.624e-01  5.624e-01  5.624e-01  5.624e-01  5.624e-01  5.624e-01  5.624e-01  5.624e-01  5.624e-01  5.624e-01  5.624e-01  5.624e-01  5.624e-01  5.624e-01  5.624e-01  5.624e-01  5.624e-01  5.624e-01  5.624e-01  5.624e-01  5.624e-01  5.624e-01  5.624e-01  5.624e-01  5.624e-01  5.624e-01  5.624e-01  5.624e-01  5.624e-01  5.624e-01  5.624e-01  5.624e-01  5.624e-01  5.624e-01  5.624e-01  5.624e-01  5.624e-01  5.624e-01  5.624e-01  5.624e-01  5.624e-01  5.624e-01  5.624e-01  5.624e-01 	
 5.532e-01  5.532e-01  5.532e-01  5.532e-01  5.532e-01  5.532e-01  5.532e-01  5.532e-01  5.532e-01  5.532e-01  5.532e-01  5.532e-01  5.532e-01  5.532e-01  5.532e-01  5.532e-01  5.532e-01  5.532e-01  5.532e-01  5.532e-01  5.532e-01  5.532e-01  5.532e-01  5.532e-01  5.532e-01  5.532e-01  5.532e-01  5.532e-01  5.532e-01  5.532e-01  5.532e-01  5.532e-01  5.532e-01  5.532e-01  5.532e-01  5.532e-01  5.532e-01  5.532e-01  5.532e-01  5.532e-01  5.532e-01  5.532e-01  5.532e-01  5.532e-01  5.532e-01  5.532e-01  5.532e-01  5.532e-01  5.532e-01  5.532e-01 	
 5.476e-01  5.476e-01  5.476e-01  5.476e-01  5.476e-01  5.476e-01  5.476e-01  5.476e-01  5.476e-01  5.476e-01  5.476e-01  5.476e-01  5.476e-01  5.476e-01  5.476e-01  5.476e-01  5.476e-01  5.476e-01  5.476e-01  5.476e-01  5.476e-01  5.476e-01  5.476e-01  5.476e-01  5.476e-01  5.476e-01  5.476e-01  5.476e-01  5.476e-01  5.476e-01  5.476e-01  5.476e-01  5.476e-01  5.476e-01  5.476e-01  5.476e-01  5.476e-01  5.476e-01  5.476e-01  5.476e-01  5.476e-01  5.476e-01  5.476e-01  5.476e-01  5.476e-01  5.476e-01  5.476e-01  5.476e-01  5.476e-01  5.476e-01 	
 5.471e-01  5.471e-01  5.471e-01  5.471e-01  5.471e-01  5.471e-01  5.471e-01  5.471e-01  5.471e-01  5.471e-01  5.471e-01  5.471e-01  5.471e-01  5.471e-01  5.471e-01  5.471e-01  5.471e-01  5.471e-01  5.471e-01  5.471e-01  5.471e-01  5.471e-01  5.471e-01  5.471e-01  5.471e-01  5.471e-01  5.471e-01  5.471e-01  5.471e-01  5.471e-01  5.471e-01  5.471e-01  5.471e-01  5.471e-01  5.471e-01  5.471e-01  5.471e-01  5.471e-01  5.471e-01  5.471e-01  5.471e-01  5.471e-01  5.471e-01  5.471e-01  5.471e-01  5.471e-01  5.471e-01  5.471e-01  5.471e-01  5.471e-01 	
 5.346e-01  5.346e-01  5.346e-01  5.346e-01  5.346e-01  5.346e-01  5.346e-01  5.346e-01  5.346e-01  5.346e-01  5.346e-01  5.346e-01  5.346e-01  5.346e-01  5.346e-01  5.346e-01  5.346e-01  5.346e-01  5.346e-01  5.346e-01  5.346e-01  5.346e-01  5.346e-01  5.346e-01  5.346e-01  5.346e-01  5.346e-01  5.346e-01  5.346e-01  5.346e-01  5.346e-01  5.346e-01  5.346e-01  5.346e-01  5.346e-01  5.346e-01  5.346e-01  5.346e-01  5.346e-01  5.346e-01  5.346e-01  5.346e-01  5.346e-01  5.346e-01  5.346e-01  5.346e-01  5.346e-01  5.346e-01  5.346e-01  5.346e-01 	
 5.359e-01  5.359e-01  5.359e-01  5.359e-01  5.359e-01  5.359e-01  5.359e-01  5.359e-01  5.359e-01  5.359e-01  5.359e-01  5.359e-01  5.359e-01  5.359e-01  5.359e-01  5.359e-01  5.359e-01  5.359e-01  5.359e-01  5.359e-01  5.359e-01  5.359e-01  5.359e-01  5.359e-01  5.359e-01  5.359e-01  5.359e-01  5.359e-01  5.359e-01  5.359e-01  5.359e-01  5.359e-01  5.359e-01  5.359e-01  5.359e-01  5.359e-01  5.359e-01  5.359e-01  5.359e-01  5.359e-01  5.359e-01  5.359e-01  5.359e-01  5.359e-01  5.359e-01  5.359e-01  5.359e-01  5.359e-01  5.359e-01  5.359e-01 	
 5.374e-01  5.374e-01  5.374e-01  5.374e-01  5.374e-01  5.374e-01  5.374e-01  5.374e-01  5.374e-01  5.374e-01  5.374e-01  5.374e-01  5.374e-01  5.374e-01  5.374e-01  5.374e-01  5.374e-01  5.374e-01  5.374e-01  5.374e-01  5.374e-01  5.374e-01  5.374e-01  5.374e-01  5.374e-01  5.374e-01  5.374e-01  5.374e-01  5.374e-01  5.374e-01  5.374e-01  5.374e-01  5.374e-01  5.374e-01  5.374e-01  5.374e-01  5.374e-01  5.374e-01  5.374e-01  5.374e-01  5.374e-01  5.374e-01  5.374e-01  5.374e-01  5.374e-01  5.374e-01  5.374e-01  5.374e-01  5.374e-01  5.374e-01 	
 5.380e-01  5.380e-01  5.380e-01  5.380e-01  5.380e-01  5.380e-01  5.380e-01  5.380e-01  5.380e-01  5.380e-01  5.380e-01  5.380e-01  5.380e-01  5.380e-01  5.380e-01  5.380e-01  5.380e-01  5.380e-01  5.380e-01  5.380e-01  5.380e-01  5.380e-01  5.380e-01  5.380e-01  5.380e-01  5.380e-01  5.380e-01  5.380e-01  5.380e-01  5.380e-01  5.380e-01  5.380e-01  5.380e-01  5.380e-01  5.380e-01  5.380e-01  5.380e-01  5.380e-01  5.380e-01  5.380e-01  5.380e-01  5.380e-01  5.380e-01  5.380e-01  5.380e-01  5.380e-01  5.380e-01  5.380e-01  5.380e-01  5.380e-01 	
 5.395e-01  5.395e-01  5.395e-01  5.395e-01  5.395e-01  5.395e-01  5.395e-01  5.395e-01  5.395e-01  5.395e-01  5.395e-01  5.395e-01  5.395e-01  5.395e-01  5.395e-01  5.395e-01  5.395e-01  5.395e-01  5.395e-01  5.395e-01  5.395e-01  5.395e-01  5.395e-01  5.395e-01  5.395e-01  5.395e-01  5.395e-01  5.395e-01  5.395e-01  5.395e-01  5.395e-01  5.395e-01  5.395e-01  5.395e-01  5.395e-01  5.395e-01  5.395e-01  5.395e-01  5.395e-01  5.395e-01  5.395e-01  5.395e-01  5.395e-01  5.395e-01  5.395e-01  5.395e-01  5.395e-01  5.395e-01  5.395e-01  5.395e-01 	
 5.420e-01  5.420e-01  5.420e-01  5.420e-01  5.420e-01  5.420e-01  5.420e-01  5.420e-01  5.420e-01  5.420e-01  5.420e-01  5.420e-01  5.420e-01  5.420e-01  5.420e-01  5.420e-01  5.420e-01  5.420e-01  5.420e-01  5.420e-01  5.420e-01  5.420e-01  5.420e-01  5.420e-01  5.420e-01  5.420e-01  5.420e-01  5.420e-01  5.420e-01  5.420e-01  5.420e-01  5.420e-01  5.420e-01  5.420e-01  5.420e-01  5.420e-01  5.420e-01  5.420e-01  5.420e-01  5.420e-01  5.420e-01  5.420e-01  5.420e-01  5.420e-01  5.420e-01  5.420e-01  5.420e-01  5.420e-01  5.420e-01  5.420e-01 	
 5.432e-01  5.432e-01  5.432e-01  5.432e-01  5.432e-01  5.432e-01  5.432e-01  5.432e-01  5.432e-01  5.432e-01  5.432e-01  5.432e-01  5.432e-01  5.432e-01  5.432e-01  5.432e-01  5.432e-01  5.432e-01  5.432e-01  5.432e-01  5.432e-01  5.432e-01  5.432e-01  5.432e-01  5.432e-01  5.432e-01  5.432e-01  5.432e-01  5.432e-01  5.432e-01  5.432e-01  5.432e-01  5.432e-01  5.432e-01  5.432e-01  5.432e-01  5.432e-01  5.432e-01  5.432e-01  5.432e-01  5.432e-01  5.432e-01  5.432e-01  5.432e-01  5.432e-01  5.432e-01  5.432e-01  5.432e-01  5.432e-01  5.432e-01 	
 5.447e-01  5.447e-01  5.447e-01  5.447e-01  5.447e-01  5.447e-01  5.447e-01  5.447e-01  5.447e-01  5.447e-01  5.447e-01  5.447e-01  5.447e-01  5.447e-01  5.447e-01  5.447e-01  5.447e-01  5.447e-01  5.447e-01  5.447e-01  5.447e-01  5.447e-01  5.447e-01  5.447e-01  5.447e-01  5.447e-01  5.447e-01  5.447e-01  5.447e-01  5.447e-01  5.447e-01  5.447e-01  5.447e-01  5.447e-01  5.447e-01  5.447e-01  5.447e-01  5.447e-01  5.447e-01  5.447e-01  5.447e-01  5.447e-01  5.447e-01  5.447e-01  5.447e-01  5.447e-01  5.447e-01  5.447e-01  5.447e-01  5.447e-01 	
 5.461e-01  5.461e-01  5.461e-01  5.461e-01  5.461e-01  5.461e-01  5.461e-01  5.461e-01  5.461e-01  5.461e-01  5.461e-01  5.461e-01  5.461e-01  5.461e-01  5.461e-01  5.461e-01  5.461e-01  5.461e-01  5.461e-01  5.461e-01  5.461e-01  5.461e-01  5.461e-01  5.461e-01  5.461e-01  5.461e-01  5.461e-01  5.461e-01  5.461e-01  5.461e-01  5.461e-01  5.461e-01  5.461e-01  5.461e-01  5.461e-01  5.461e-01  5.461e-01  5.461e-01  5.461e-01  5.461e-01  5.461e-01  5.461e-01  5.461e-01  5.461e-01  5.461e-01  5.461e-01  5.461e-01  5.461e-01  5.461e-01  5.461e-01 	
 5.473e-01  5.473e-01  5.473e-01  5.473e-01  5.473e-01  5.473e-01  5.473e-01  5.473e-01  5.473e-01  5.473e-01  5.473e-01  5.473e-01  5.473e-01  5.473e-01  5.473e-01  5.473e-01  5.473e-01  5.473e-01  5.473e-01  5.473e-01  5.473e-01  5.473e-01  5.473e-01  5.473e-01  5.473e-01  5.473e-01  5.473e-01  5.473e-01  5.473e-01  5.473e-01  5.473e-01  5.473e-01  5.473e-01  5.473e-01  5.473e-01  5.473e-01  5.473e-01  5.473e-01  5.473e-01  5.473e-01  5.473e-01  5.473e-01  5.473e-01  5.473e-01  5.473e-01  5.473e-01  5.473e-01  5.473e-01  5.473e-01  5.473e-01 	
 5.484e-01  5.484e-01  5.484e-01  5.484e-01  5.484e-01  5.484e-01  5.484e-01  5.484e-01  5.484e-01  5.484e-01  5.484e-01  5.484e-01  5.484e-01  5.484e-01  5.484e-01  5.484e-01  5.484e-01  5.484e-01  5.484e-01  5.484e-01  5.484e-01  5.484e-01  5.484e-01  5.484e-01  5.484e-01  5.484e-01  5.484e-01  5.484e-01  5.484e-01  5.484e-01  5.484e-01  5.484e-01  5.484e-01  5.484e-01  5.484e-01  5.484e-01  5.484e-01  5.484e-01  5.484e-01  5.484e-01  5.484e-01  5.484e-01  5.484e-01  5.484e-01  5.484e-01  5.484e-01  5.484e-01  5.484e-01  5.484e-01  5.484e-01 	
 5.492e-01  5.492e-01  5.492e-01  5.492e-01  5.492e-01  5.492e-01  5.492e-01  5.492e-01  5.492e-01  5.492e-01  5.492e-01  5.492e-01  5.492e-01  5.492e-01  5.492e-01  5.492e-01  5.492e-01  5.492e-01  5.492e-01  5.492e-01  5.492e-01  5.492e-01  5.492e-01  5.492e-01  5.492e-01  5.492e-01  5.492e-01  5.492e-01  5.492e-01  5.492e-01  5.492e-01  5.492e-01  5.492e-01  5.492e-01  5.492e-01  5.492e-01  5.492e-01  5.492e-01  5.492e-01  5.492e-01  5.492e-01  5.492e-01  5.492e-01  5.492e-01  5.492e-01  5.492e-01  5.492e-01  5.492e-01  5.492e-01  5.492e-01 	
 5.500e-01  5.500e-01  5.500e-01  5.500e-01  5.500e-01  5.500e-01  5.500e-01  5.500e-01  5.500e-01  5.500e-01  5.500e-01  5.500e-01  5.500e-01  5.500e-01  5.500e-01  5.500e-01  5.500e-01  5.500e-01  5.500e-01  5.500e-01  5.500e-01  5.500e-01  5.500e-01  5.500e-01  5.500e-01  5.500e-01  5.500e-01  5.500e-01  5.500e-01  5.500e-01  5.500e-01  5.500e-01  5.500e-01  5.500e-01  5.500e-01  5.500e-01  5.500e-01  5.500e-01  5.500e-01  5.500e-01  5.500e-01  5.500e-01  5.500e-01  5.500e-01  5.500e-01  5.500e-01  5.500e-01  5.500e-01  5.500e-01  5.500e-01 	
 5.506e-01  5.506e-01  5.506e-01  5.506e-01  5.506e-01  5.506e-01  5.506e-01  5.506e-01  5.506e-01  5.506e-01  5.506e-01  5.506e-01  5.506e-01  5.506e-01  5.506e-01  5.506e-01  5.506e-01  5.506e-01  5.506e-01  5.506e-01  5.506e-01  5.506e-01  5.506e-01  5.506e-01  5.506e-01  5.506e-01  5.506e-01  5.506e-01  5.506e-01  5.506e-01  5.506e-01  5.506e-01  5.506e-01  5.506e-01  5.506e-01  5.506e-01  5.506e-01  5.506e-01  5.506e-01  5.506e-01  5.506e-01  5.506e-01  5.506e-01  5.506e-01  5.506e-01  5.506e-01  5.506e-01  5.506e-01  5.506e-01  5.506e-01 	
 5.512e-01  5.512e-01  5.512e-01  5.512e-01  5.512e-01  5.512e-01  5.512e-01  5.512e-01  5.512e-01  5.512e-01  5.512e-01  5.512e-01  5.512e-01  5.512e-01  5.512e-01  5.512e-01  5.512e-01  5.512e-01  5.512e-01  5.512e-01  5.512e-01  5.512e-01  5.512e-01  5.512e-01  5.512e-01  5.512e-01  5.512e-01  5.512e-01  5.512e-01  5.512e-01  5.512e-01  5.512e-01  5.512e-01  5.512e-01  5.512e-01  5.512e-01  5.512e-01  5.512e-01  5.512e-01  5.512e-01  5.512e-01  5.512e-01  5.512e-01  5.512e-01  5.512e-01  5.512e-01  5.512e-01  5.512e-01  5.512e-01  5.512e-01 	
 5.516e-01  5.516e-01  5.516e-01  5.516e-01  5.516e-01  5.516e-01  5.516e-01  5.516e-01  5.516e-01  5.516e-01  5.516e-01  5.516e-01  5.516e-01  5.516e-01  5.516e-01  5.516e-01  5.516e-01  5.516e-01  5.516e-01  5.516e-01  5.516e-01  5.516e-01  5.516e-01  5.516e-01  5.516e-01  5.516e-01  5.516e-01  5.516e-01  5.516e-01  5.516e-01  5.516e-01  5.516e-01  5.516e-01  5.516e-01  5.516e-01  5.516e-01  5.516e-01  5.516e-01  5.516e-01  5.516e-01  5.516e-01  5.516e-01  5.516e-01  5.516e-01  5.516e-01  5.516e-01  5.516e-01  5.516e-01  5.516e-01  5.516e-01 	
 5.520e-01  5.520e-01  5.520e-01  5.520e-01  5.520e-01  5.520e-01  5.520e-01  5.520e-01  5.520e-01  5.520e-01  5.520e-01  5.520e-01  5.520e-01  5.520e-01  5.520e-01  5.520e-01  5.520e-01  5.520e-01  5.520e-01  5.520e-01  5.520e-01  5.520e-01  5.520e-01  5.520e-01  5.520e-01  5.520e-01  5.520e-01  5.520e-01  5.520e-01  5.520e-01  5.520e-01  5.520e-01  5.520e-01  5.520e-01  5.520e-01  5.520e-01  5.520e-01  5.520e-01  5.520e-01  5.520e-01  5.520e-01  5.520e-01  5.520e-01  5.520e-01  5.520e-01  5.520e-01  5.520e-01  5.520e-01  5.520e-01  5.520e-01 	
 5.523e-01  5.523e-01  5.523e-01  5.523e-01  5.523e-01  5.523e-01  5.523e-01  5.523e-01  5.523e-01  5.523e-01  5.523e-01  5.523e-01  5.523e-01  5.523e-01  5.523e-01  5.523e-01  5.523e-01  5.523e-01  5.523e-01  5.523e-01  5.523e-01  5.523e-01  5.523e-01  5.523e-01  5.523e-01  5.523e-01  5.523e-01  5.523e-01  5.523e-01  5.523e-01  5.523e-01  5.523e-01  5.523e-01  5.523e-01  5.523e-01  5.523e-01  5.523e-01  5.523e-01  5.523e-01  5.523e-01  5.523e-01  5.523e-01  5.523e-01  5.523e-01  5.523e-01  5.523e-01  5.523e-01  5.523e-01  5.523e-01  5.523e-01 	
 5.526e-01  5.526e-01  5.526e-01  5.526e-01  5.526e-01  5.526e-01  5.526e-01  5.526e-01  5.526e-01  5.526e-01  5.526e-01  5.526e-01  5.526e-01  5.526e-01  5.526e-01  5.526e-01  5.526e-01  5.526e-01  5.526e-01  5.526e-01  5.526e-01  5.526e-01  5.526e-01  5.526e-01  5.526e-01  5.526e-01  5.526e-01  5.526e-01  5.526e-01  5.526e-01  5.526e-01  5.526e-01  5.526e-01  5.526e-01  5.526e-01  5.526e-01  5.526e-01  5.526e-01  5.526e-01  5.526e-01  5.526e-01  5.526e-01  5.526e-01  5.526e-01  5.526e-01  5.526e-01  5.526e-01  5.526e-01  5.526e-01  5.526e-01 	
 5.528e-01  5.528e-01  5.528e-01  5.528e-01  5.528e-01  5.528e-01  5.528e-01  5.528e-01  5.528e-01  5.528e-01  5.528e-01  5.528e-01  5.528e-01  5.528e-01  5.528e-01  5.528e-01  5.528e-01  5.528e-01  5.528e-01  5.528e-01  5.528e-01  5.528e-01  5.528e-01  5.528e-01  5.528e-01  5.528e-01  5.528e-01  5.528e-01  5.528e-01  5.528e-01  5.528e-01  5.528e-01  5.528e-01  5.528e-01  5.528e-01  5.528e-01  5.528e-01  5.528e-01  5.528e-01  5.528e-01  5.528e-01  5.528e-01  5.528e-01  5.528e-01  5.528e-01  5.528e-01  5.528e-01  5.528e-01  5.528e-01  5.528e-01 	
 5.530e-01  5.530e-01  5.530e-01  5.530e-01  5.530e-01  5.530e-01  5.530e-01  5.530e-01  5.530e-01  5.530e-01  5.530e-01  5.530e-01  5.530e-01  5.530e-01  5.530e-01  5.530e-01  5.530e-01  5.530e-01  5.530e-01  5.530e-01  5.530e-01  5.530e-01  5.530e-01  5.530e-01  5.530e-01  5.530e-01  5.530e-01  5.530e-01  5.530e-01  5.530e-01  5.530e-01  5.530e-01  5.530e-01  5.530e-01  5.530e-01  5.530e-01  5.530e-01  5.530e-01  5.530e-01  5.530e-01  5.530e-01  5.530e-01  5.530e-01  5.530e-01  5.530e-01  5.530e-01  5.530e-01  5.530e-01  5.530e-01  5.530e-01 	
 5.531e-01  5.531e-01  5.531e-01  5.531e-01  5.531e-01  5.531e-01  5.531e-01  5.531e-01  5.531e-01  5.531e-01  5.531e-01  5.531e-01  5.531e-01  5.531e-01  5.531e-01  5.531e-01  5.531e-01  5.531e-01  5.531e-01  5.531e-01  5.531e-01  5.531e-01  5.531e-01  5.531e-01  5.531e-01  5.531e-01  5.531e-01  5.531e-01  5.531e-01  5.531e-01  5.531e-01  5.531e-01  5.531e-01  5.531e-01  5.531e-01  5.531e-01  5.531e-01  5.531e-01  5.531e-01  5.531e-01  5.531e-01  5.531e-01  5.531e-01  5.531e-01  5.531e-01  5.531e-01  5.531e-01  5.531e-01  5.531e-01  5.531e-01 	
 5.532e-01  5.532e-01  5.532e-01  5.532e-01  5.532e-01  5.532e-01  5.532e-01  5.532e-01  5.532e-01  5.532e-01  5.532e-01  5.532e-01  5.532e-01  5.532e-01  5.532e-01  5.532e-01  5.532e-01  5.532e-01  5.532e-01  5.532e-01  5.532e-01  5.532e-01  5.532e-01  5.532e-01  5.532e-01  5.532e-01  5.532e-01  5.532e-01  5.532e-01  5.532e-01  5.532e-01  5.532e-01  5.532e-01  5.532e-01  5.532e-01  5.532e-01  5.532e-01  5.532e-01  5.532e-01  5.532e-01  5.532e-01  5.532e-01  5.532e-01  5.532e-01  5.532e-01  5.532e-01  5.532e-01  5.532e-01  5.532e-01  5.532e-01 	
 5.532e-01  5.532e-01  5.532e-01  5.532e-01  5.532e-01  5.532e-01  5.532e-01  5.532e-01  5.532e-01  5.532e-01  5.532e-01  5.532e-01  5.532e-01  5.532e-01  5.532e-01  5.532e-01  5.532e-01  5.532e-01  5.532e-01  5.532e-01  5.532e-01  5.532e-01  5.532e-01  5.532e-01  5.532e-01  5.532e-01  5.532e-01  5.532e-01  5.532e-01  5.532e-01  5.532e-01  5.532e-01  5.532e-01  5.532e-01  5.532e-01  5.532e-01  5.532e-01  5.532e-01  5.532e-01  5.532e-01  5.532e-01  5.532e-01  5.532e-01  5.532e-01  5.532e-01  5.532e-01  5.532e-01  5.532e-01  5.532e-01  5.532e-01 	
 5.533e-01  5.533e-01  5.533e-01  5.533e-01  5.533e-01  5.533e-01  5.533e-01  5.533e-01  5.533e-01  5.533e-01  5.533e-01  5.533e-01  5.533e-01  5.533e-01  5.533e-01  5.533e-01  5.533e-01  5.533e-01  5.533e-01  5.533e-01  5.533e-01  5.533e-01  5.533e-01  5.533e-01  5.533e-01  5.533e-01  5.533e-01  5.533e-01  5.533e-01  5.533e-01  5.533e-01  5.533e-01  5.533e-01  5.533e-01  5.533e-01  5.533e-01  5.533e-01  5.533e-01  5.533e-01  5.533e-01  5.533e-01  5.533e-01  5.533e-01  5.533e-01  5.533e-01  5.533e-01  5.533e-01  5.533e-01  5.533e-01  5.533e-01 	
 5.533e-01  5.533e-01  5.533e-01  5.533e-01  5.533e-01  5.533e-01  5.533e-01  5.533e-01  5.533e-01  5.533e-01  5.533e-01  5.533e-01  5.533e-01  5.533e-01  5.533e-01  5.533e-01  5.533e-01  5.533e-01  5.533e-01  5.533e-01  5.533e-01  5.533e-01  5.533e-01  5.533e-01  5.533e-01  5.533e-01  5.533e-01  5.533e-01  5.533e-01  5.533e-01  5.533e-01  5.533e-01  5.533e-01  5.533e-01  5.533e-01  5.533e-01  5.533e-01  5.533e-01  5.533e-01  5.533e-01  5.533e-01  5.533e-01  5.533e-01  5.533e-01  5.533e-01  5.533e-01  5.533e-01  5.533e-01  5.533e-01  5.533e-01 	
