 1.070e-05  1.600e-05  2.359e-05  3.400e-05  4.770e-05  6.499e-05  8.607e-05  1.110e-04  1.397e-04  1.720e-04  2.078e-04  2.466e-04  2.883e-04  3.325e-04  3.788e-04  4.270e-04  4.767e-04  5.278e-04  5.798e-04  6.326e-04  6.859e-04  7.396e-04  7.935e-04  8.475e-04  9.013e-04  9.549e-04  1.008e-03  1.061e-03  1.113e-03  1.165e-03  1.217e-03  1.267e-03  1.317e-03  1.366e-03  1.415e-03  1.463e-03  1.510e-03  1.556e-03  1.601e-03  1.646e-03  1.690e-03  1.733e-03  1.775e-03  1.817e-03  1.858e-03  1.898e-03  1.937e-03  1.976e-03  2.014e-03  2.051e-03 	
 1.538e-05  2.223e-05  3.164e-05  4.413e-05  6.011e-05  7.986e-05  1.035e-04  1.311e-04  1.626e-04  1.976e-04  2.361e-04  2.776e-04  3.219e-04  3.686e-04  4.174e-04  4.680e-04  5.200e-04  5.732e-04  6.273e-04  6.821e-04  7.373e-04  7.929e-04  8.485e-04  9.040e-04  9.594e-04  1.014e-03  1.069e-03  1.123e-03  1.177e-03  1.230e-03  1.282e-03  1.334e-03  1.385e-03  1.435e-03  1.485e-03  1.534e-03  1.581e-03  1.628e-03  1.675e-03  1.720e-03  1.765e-03  1.809e-03  1.852e-03  1.894e-03  1.936e-03  1.976e-03  2.016e-03  2.056e-03  2.094e-03  2.132e-03 	
 2.236e-05  3.147e-05  4.350e-05  5.893e-05  7.812e-05  1.013e-04  1.285e-04  1.597e-04  1.948e-04  2.336e-04  2.756e-04  3.207e-04  3.685e-04  4.185e-04  4.705e-04  5.242e-04  5.792e-04  6.352e-04  6.920e-04  7.493e-04  8.070e-04  8.648e-04  9.226e-04  9.803e-04  1.038e-03  1.095e-03  1.151e-03  1.207e-03  1.262e-03  1.317e-03  1.371e-03  1.424e-03  1.476e-03  1.528e-03  1.579e-03  1.629e-03  1.678e-03  1.726e-03  1.773e-03  1.820e-03  1.865e-03  1.910e-03  1.954e-03  1.998e-03  2.040e-03  2.082e-03  2.123e-03  2.163e-03  2.203e-03  2.241e-03 	
 3.277e-05  4.512e-05  6.088e-05  8.045e-05  1.041e-04  1.320e-04  1.640e-04  2.002e-04  2.402e-04  2.839e-04  3.307e-04  3.805e-04  4.328e-04  4.872e-04  5.435e-04  6.011e-04  6.600e-04  7.196e-04  7.799e-04  8.406e-04  9.014e-04  9.623e-04  1.023e-03  1.083e-03  1.143e-03  1.203e-03  1.262e-03  1.320e-03  1.377e-03  1.434e-03  1.490e-03  1.545e-03  1.599e-03  1.652e-03  1.705e-03  1.757e-03  1.807e-03  1.857e-03  1.906e-03  1.954e-03  2.001e-03  2.048e-03  2.093e-03  2.138e-03  2.182e-03  2.225e-03  2.267e-03  2.309e-03  2.350e-03  2.390e-03 	
 4.819e-05  6.516e-05  8.617e-05  1.115e-04  1.413e-04  1.756e-04  2.142e-04  2.570e-04  3.037e-04  3.538e-04  4.070e-04  4.629e-04  5.212e-04  5.813e-04  6.430e-04  7.059e-04  7.697e-04  8.342e-04  8.990e-04  9.640e-04  1.029e-03  1.094e-03  1.158e-03  1.222e-03  1.285e-03  1.348e-03  1.410e-03  1.471e-03  1.532e-03  1.591e-03  1.650e-03  1.708e-03  1.764e-03  1.820e-03  1.875e-03  1.929e-03  1.982e-03  2.034e-03  2.085e-03  2.136e-03  2.185e-03  2.233e-03  2.281e-03  2.328e-03  2.374e-03  2.419e-03  2.464e-03  2.507e-03  2.550e-03  2.592e-03 	
 7.085e-05  9.433e-05  1.226e-04  1.559e-04  1.940e-04  2.369e-04  2.843e-04  3.359e-04  3.912e-04  4.498e-04  5.113e-04  5.753e-04  6.412e-04  7.087e-04  7.775e-04  8.472e-04  9.174e-04  9.880e-04  1.059e-03  1.129e-03  1.200e-03  1.269e-03  1.339e-03  1.407e-03  1.475e-03  1.542e-03  1.609e-03  1.674e-03  1.738e-03  1.801e-03  1.864e-03  1.925e-03  1.985e-03  2.045e-03  2.103e-03  2.160e-03  2.216e-03  2.272e-03  2.326e-03  2.380e-03  2.432e-03  2.484e-03  2.534e-03  2.584e-03  2.633e-03  2.682e-03  2.729e-03  2.776e-03  2.822e-03  2.867e-03 	
 1.039e-04  1.364e-04  1.747e-04  2.185e-04  2.678e-04  3.221e-04  3.810e-04  4.439e-04  5.104e-04  5.800e-04  6.521e-04  7.262e-04  8.020e-04  8.789e-04  9.567e-04  1.035e-03  1.114e-03  1.192e-03  1.270e-03  1.348e-03  1.425e-03  1.502e-03  1.577e-03  1.652e-03  1.726e-03  1.799e-03  1.871e-03  1.941e-03  2.011e-03  2.079e-03  2.147e-03  2.213e-03  2.278e-03  2.342e-03  2.405e-03  2.467e-03  2.528e-03  2.588e-03  2.647e-03  2.705e-03  2.761e-03  2.818e-03  2.873e-03  2.927e-03  2.980e-03  3.033e-03  3.085e-03  3.136e-03  3.186e-03  3.236e-03 	
 1.518e-04  1.966e-04  2.481e-04  3.061e-04  3.698e-04  4.388e-04  5.123e-04  5.898e-04  6.705e-04  7.538e-04  8.392e-04  9.262e-04  1.014e-03  1.103e-03  1.192e-03  1.281e-03  1.370e-03  1.459e-03  1.546e-03  1.633e-03  1.720e-03  1.805e-03  1.889e-03  1.971e-03  2.053e-03  2.133e-03  2.213e-03  2.290e-03  2.367e-03  2.443e-03  2.517e-03  2.590e-03  2.662e-03  2.732e-03  2.802e-03  2.870e-03  2.937e-03  3.004e-03  3.069e-03  3.133e-03  3.197e-03  3.259e-03  3.320e-03  3.381e-03  3.441e-03  3.500e-03  3.559e-03  3.616e-03  3.673e-03  3.730e-03 	
 2.208e-04  2.820e-04  3.510e-04  4.272e-04  5.095e-04  5.971e-04  6.891e-04  7.846e-04  8.829e-04  9.833e-04  1.085e-03  1.188e-03  1.291e-03  1.395e-03  1.498e-03  1.601e-03  1.702e-03  1.803e-03  1.903e-03  2.002e-03  2.099e-03  2.196e-03  2.290e-03  2.383e-03  2.475e-03  2.566e-03  2.655e-03  2.742e-03  2.828e-03  2.913e-03  2.997e-03  3.079e-03  3.160e-03  3.239e-03  3.318e-03  3.396e-03  3.472e-03  3.547e-03  3.622e-03  3.695e-03  3.768e-03  3.840e-03  3.911e-03  3.981e-03  4.050e-03  4.119e-03  4.188e-03  4.255e-03  4.322e-03  4.389e-03 	
 3.194e-04  4.024e-04  4.943e-04  5.938e-04  6.996e-04  8.106e-04  9.254e-04  1.043e-03  1.163e-03  1.285e-03  1.407e-03  1.529e-03  1.651e-03  1.773e-03  1.893e-03  2.013e-03  2.131e-03  2.247e-03  2.362e-03  2.476e-03  2.588e-03  2.698e-03  2.807e-03  2.913e-03  3.019e-03  3.122e-03  3.224e-03  3.325e-03  3.424e-03  3.521e-03  3.617e-03  3.712e-03  3.806e-03  3.899e-03  3.990e-03  4.081e-03  4.170e-03  4.259e-03  4.347e-03  4.434e-03  4.521e-03  4.607e-03  4.692e-03  4.777e-03  4.861e-03  4.946e-03  5.030e-03  5.113e-03  5.197e-03  5.281e-03 	
 4.599e-04  5.716e-04  6.930e-04  8.223e-04  9.578e-04  1.098e-03  1.241e-03  1.386e-03  1.533e-03  1.680e-03  1.827e-03  1.973e-03  2.118e-03  2.262e-03  2.404e-03  2.545e-03  2.683e-03  2.820e-03  2.954e-03  3.087e-03  3.217e-03  3.346e-03  3.473e-03  3.597e-03  3.721e-03  3.842e-03  3.962e-03  4.080e-03  4.197e-03  4.312e-03  4.427e-03  4.540e-03  4.652e-03  4.764e-03  4.875e-03  4.985e-03  5.094e-03  5.203e-03  5.312e-03  5.420e-03  5.529e-03  5.637e-03  5.746e-03  5.855e-03  5.964e-03  6.074e-03  6.185e-03  6.296e-03  6.408e-03  6.521e-03 	
 6.589e-04  8.083e-04  9.680e-04  1.135e-03  1.308e-03  1.485e-03  1.663e-03  1.843e-03  2.023e-03  2.202e-03  2.379e-03  2.555e-03  2.729e-03  2.901e-03  3.071e-03  3.237e-03  3.402e-03  3.564e-03  3.724e-03  3.881e-03  4.037e-03  4.190e-03  4.341e-03  4.490e-03  4.638e-03  4.784e-03  4.929e-03  5.073e-03  5.216e-03  5.358e-03  5.500e-03  5.641e-03  5.781e-03  5.922e-03  6.063e-03  6.204e-03  6.346e-03  6.488e-03  6.631e-03  6.776e-03  6.922e-03  7.069e-03  7.218e-03  7.369e-03  7.523e-03  7.678e-03  7.837e-03  7.998e-03  8.162e-03  8.330e-03 	
 9.396e-04  1.138e-03  1.347e-03  1.563e-03  1.784e-03  2.006e-03  2.230e-03  2.452e-03  2.673e-03  2.893e-03  3.109e-03  3.323e-03  3.534e-03  3.741e-03  3.946e-03  4.147e-03  4.346e-03  4.542e-03  4.736e-03  4.927e-03  5.117e-03  5.304e-03  5.490e-03  5.675e-03  5.859e-03  6.042e-03  6.225e-03  6.408e-03  6.591e-03  6.774e-03  6.959e-03  7.145e-03  7.332e-03  7.522e-03  7.714e-03  7.908e-03  8.106e-03  8.307e-03  8.512e-03  8.721e-03  8.935e-03  9.154e-03  9.378e-03  9.608e-03  9.844e-03  1.009e-02  1.034e-02  1.059e-02  1.086e-02  1.113e-02 	
 1.334e-03  1.597e-03  1.870e-03  2.149e-03  2.430e-03  2.711e-03  2.991e-03  3.269e-03  3.543e-03  3.813e-03  4.080e-03  4.342e-03  4.601e-03  4.856e-03  5.108e-03  5.356e-03  5.602e-03  5.845e-03  6.087e-03  6.326e-03  6.565e-03  6.804e-03  7.042e-03  7.281e-03  7.521e-03  7.763e-03  8.007e-03  8.254e-03  8.505e-03  8.759e-03  9.018e-03  9.283e-03  9.554e-03  9.831e-03  1.012e-02  1.041e-02  1.071e-02  1.102e-02  1.134e-02  1.167e-02  1.202e-02  1.237e-02  1.274e-02  1.312e-02  1.352e-02  1.392e-02  1.435e-02  1.479e-02  1.524e-02  1.572e-02 	
 1.885e-03  2.233e-03  2.590e-03  2.949e-03  3.309e-03  3.666e-03  4.019e-03  4.367e-03  4.710e-03  5.048e-03  5.381e-03  5.709e-03  6.033e-03  6.353e-03  6.670e-03  6.985e-03  7.299e-03  7.612e-03  7.925e-03  8.240e-03  8.556e-03  8.876e-03  9.200e-03  9.529e-03  9.864e-03  1.021e-02  1.056e-02  1.092e-02  1.129e-02  1.167e-02  1.207e-02  1.248e-02  1.291e-02  1.335e-02  1.381e-02  1.429e-02  1.479e-02  1.532e-02  1.586e-02  1.643e-02  1.702e-02  1.763e-02  1.827e-02  1.894e-02  1.963e-02  2.036e-02  2.111e-02  2.189e-02  2.270e-02  2.355e-02 	
 2.655e-03  3.114e-03  3.579e-03  4.045e-03  4.507e-03  4.963e-03  5.413e-03  5.856e-03  6.292e-03  6.722e-03  7.146e-03  7.566e-03  7.983e-03  8.399e-03  8.814e-03  9.230e-03  9.649e-03  1.007e-02  1.050e-02  1.094e-02  1.139e-02  1.185e-02  1.232e-02  1.281e-02  1.332e-02  1.385e-02  1.440e-02  1.498e-02  1.558e-02  1.621e-02  1.687e-02  1.756e-02  1.828e-02  1.904e-02  1.984e-02  2.067e-02  2.155e-02  2.246e-02  2.342e-02  2.443e-02  2.548e-02  2.657e-02  2.771e-02  2.890e-02  3.014e-02  3.143e-02  3.277e-02  3.416e-02  3.561e-02  3.710e-02 	
 3.730e-03  4.336e-03  4.944e-03  5.550e-03  6.148e-03  6.738e-03  7.319e-03  7.892e-03  8.457e-03  9.017e-03  9.575e-03  1.013e-02  1.069e-02  1.125e-02  1.182e-02  1.240e-02  1.300e-02  1.361e-02  1.425e-02  1.491e-02  1.559e-02  1.631e-02  1.707e-02  1.786e-02  1.869e-02  1.957e-02  2.050e-02  2.148e-02  2.251e-02  2.360e-02  2.475e-02  2.597e-02  2.724e-02  2.859e-02  3.000e-02  3.148e-02  3.304e-02  3.467e-02  3.637e-02  3.815e-02  4.001e-02  4.194e-02  4.395e-02  4.605e-02  4.822e-02  5.047e-02  5.281e-02  5.522e-02  5.772e-02  6.030e-02 	
 5.235e-03  6.035e-03  6.835e-03  7.628e-03  8.411e-03  9.183e-03  9.947e-03  1.070e-02  1.146e-02  1.221e-02  1.297e-02  1.374e-02  1.453e-02  1.534e-02  1.617e-02  1.704e-02  1.795e-02  1.891e-02  1.992e-02  2.099e-02  2.212e-02  2.332e-02  2.460e-02  2.595e-02  2.739e-02  2.893e-02  3.055e-02  3.227e-02  3.410e-02  3.602e-02  3.806e-02  4.020e-02  4.246e-02  4.482e-02  4.731e-02  4.991e-02  5.262e-02  5.546e-02  5.841e-02  6.148e-02  6.468e-02  6.799e-02  7.142e-02  7.497e-02  7.864e-02  8.243e-02  8.633e-02  9.035e-02  9.449e-02  9.874e-02 	
 7.351e-03  8.413e-03  9.472e-03  1.052e-02  1.156e-02  1.259e-02  1.362e-02  1.465e-02  1.569e-02  1.676e-02  1.785e-02  1.898e-02  2.016e-02  2.140e-02  2.272e-02  2.411e-02  2.560e-02  2.719e-02  2.890e-02  3.072e-02  3.267e-02  3.476e-02  3.699e-02  3.936e-02  4.189e-02  4.458e-02  4.743e-02  5.045e-02  5.363e-02  5.698e-02  6.050e-02  6.420e-02  6.807e-02  7.211e-02  7.633e-02  8.072e-02  8.528e-02  9.001e-02  9.491e-02  9.998e-02  1.052e-01  1.106e-01  1.162e-01  1.219e-01  1.277e-01  1.338e-01  1.399e-01  1.462e-01  1.527e-01  1.592e-01 	
 1.034e-02  1.177e-02  1.319e-02  1.460e-02  1.601e-02  1.743e-02  1.887e-02  2.034e-02  2.185e-02  2.344e-02  2.511e-02  2.688e-02  2.878e-02  3.081e-02  3.300e-02  3.536e-02  3.790e-02  4.064e-02  4.360e-02  4.676e-02  5.016e-02  5.379e-02  5.765e-02  6.176e-02  6.612e-02  7.072e-02  7.557e-02  8.067e-02  8.602e-02  9.162e-02  9.746e-02  1.035e-01  1.099e-01  1.164e-01  1.232e-01  1.302e-01  1.374e-01  1.449e-01  1.525e-01  1.603e-01  1.683e-01  1.765e-01  1.849e-01  1.935e-01  2.022e-01  2.110e-01  2.200e-01  2.291e-01  2.383e-01  2.476e-01 	
 1.460e-02  1.653e-02  1.846e-02  2.041e-02  2.239e-02  2.442e-02  2.652e-02  2.872e-02  3.106e-02  3.357e-02  3.627e-02  3.919e-02  4.237e-02  4.581e-02  4.955e-02  5.360e-02  5.797e-02  6.268e-02  6.773e-02  7.313e-02  7.888e-02  8.498e-02  9.144e-02  9.825e-02  1.054e-01  1.129e-01  1.207e-01  1.289e-01  1.374e-01  1.461e-01  1.552e-01  1.646e-01  1.742e-01  1.841e-01  1.942e-01  2.045e-01  2.151e-01  2.258e-01  2.368e-01  2.478e-01  2.591e-01  2.704e-01  2.819e-01  2.934e-01  3.050e-01  3.167e-01  3.284e-01  3.401e-01  3.519e-01  3.636e-01 	
 2.066e-02  2.331e-02  2.601e-02  2.877e-02  3.164e-02  3.467e-02  3.789e-02  4.137e-02  4.514e-02  4.926e-02  5.376e-02  5.868e-02  6.404e-02  6.986e-02  7.616e-02  8.295e-02  9.024e-02  9.802e-02  1.063e-01  1.150e-01  1.243e-01  1.340e-01  1.441e-01  1.547e-01  1.657e-01  1.770e-01  1.888e-01  2.008e-01  2.132e-01  2.259e-01  2.388e-01  2.519e-01  2.653e-01  2.788e-01  2.925e-01  3.063e-01  3.201e-01  3.341e-01  3.480e-01  3.620e-01  3.759e-01  3.898e-01  4.036e-01  4.174e-01  4.310e-01  4.445e-01  4.578e-01  4.710e-01  4.840e-01  4.969e-01 	
 2.932e-02  3.303e-02  3.689e-02  4.095e-02  4.530e-02  5.000e-02  5.513e-02  6.077e-02  6.696e-02  7.376e-02  8.120e-02  8.931e-02  9.809e-02  1.076e-01  1.177e-01  1.285e-01  1.400e-01  1.520e-01  1.647e-01  1.779e-01  1.917e-01  2.059e-01  2.205e-01  2.356e-01  2.510e-01  2.667e-01  2.826e-01  2.988e-01  3.151e-01  3.315e-01  3.479e-01  3.644e-01  3.809e-01  3.973e-01  4.136e-01  4.297e-01  4.457e-01  4.615e-01  4.771e-01  4.924e-01  5.075e-01  5.222e-01  5.367e-01  5.508e-01  5.647e-01  5.781e-01  5.913e-01  6.041e-01  6.165e-01  6.286e-01 	
 4.172e-02  4.705e-02  5.274e-02  5.890e-02  6.564e-02  7.307e-02  8.128e-02  9.033e-02  1.003e-01  1.111e-01  1.229e-01  1.356e-01  1.491e-01  1.635e-01  1.787e-01  1.946e-01  2.112e-01  2.284e-01  2.461e-01  2.643e-01  2.829e-01  3.018e-01  3.209e-01  3.401e-01  3.594e-01  3.788e-01  3.980e-01  4.171e-01  4.361e-01  4.548e-01  4.732e-01  4.913e-01  5.091e-01  5.264e-01  5.434e-01  5.599e-01  5.759e-01  5.915e-01  6.066e-01  6.212e-01  6.353e-01  6.489e-01  6.621e-01  6.748e-01  6.870e-01  6.988e-01  7.101e-01  7.209e-01  7.314e-01  7.414e-01 	
 5.956e-02  6.737e-02  7.591e-02  8.532e-02  9.573e-02  1.072e-01  1.199e-01  1.338e-01  1.488e-01  1.650e-01  1.822e-01  2.005e-01  2.197e-01  2.397e-01  2.604e-01  2.816e-01  3.034e-01  3.255e-01  3.477e-01  3.701e-01  3.925e-01  4.148e-01  4.368e-01  4.586e-01  4.799e-01  5.009e-01  5.213e-01  5.412e-01  5.605e-01  5.792e-01  5.972e-01  6.146e-01  6.314e-01  6.475e-01  6.629e-01  6.777e-01  6.919e-01  7.054e-01  7.183e-01  7.307e-01  7.424e-01  7.537e-01  7.643e-01  7.745e-01  7.842e-01  7.934e-01  8.022e-01  8.105e-01  8.185e-01  8.260e-01 	
 8.504e-02  9.654e-02  1.092e-01  1.232e-01  1.387e-01  1.555e-01  1.738e-01  1.935e-01  2.144e-01  2.364e-01  2.594e-01  2.832e-01  3.077e-01  3.326e-01  3.578e-01  3.831e-01  4.084e-01  4.335e-01  4.583e-01  4.826e-01  5.063e-01  5.294e-01  5.518e-01  5.735e-01  5.943e-01  6.143e-01  6.335e-01  6.518e-01  6.692e-01  6.858e-01  7.016e-01  7.166e-01  7.308e-01  7.443e-01  7.570e-01  7.691e-01  7.805e-01  7.913e-01  8.014e-01  8.111e-01  8.201e-01  8.287e-01  8.368e-01  8.445e-01  8.517e-01  8.585e-01  8.650e-01  8.710e-01  8.768e-01  8.823e-01 	
 1.206e-01  1.371e-01  1.553e-01  1.751e-01  1.965e-01  2.194e-01  2.436e-01  2.689e-01  2.952e-01  3.222e-01  3.497e-01  3.774e-01  4.051e-01  4.327e-01  4.599e-01  4.866e-01  5.126e-01  5.378e-01  5.621e-01  5.856e-01  6.080e-01  6.294e-01  6.498e-01  6.692e-01  6.875e-01  7.049e-01  7.213e-01  7.367e-01  7.513e-01  7.650e-01  7.779e-01  7.900e-01  8.013e-01  8.120e-01  8.220e-01  8.314e-01  8.402e-01  8.485e-01  8.563e-01  8.636e-01  8.705e-01  8.769e-01  8.830e-01  8.887e-01  8.940e-01  8.991e-01  9.038e-01  9.083e-01  9.125e-01  9.165e-01 	
 1.682e-01  1.909e-01  2.154e-01  2.415e-01  2.689e-01  2.975e-01  3.268e-01  3.567e-01  3.868e-01  4.169e-01  4.467e-01  4.760e-01  5.045e-01  5.322e-01  5.589e-01  5.846e-01  6.090e-01  6.323e-01  6.544e-01  6.752e-01  6.949e-01  7.134e-01  7.308e-01  7.471e-01  7.623e-01  7.766e-01  7.899e-01  8.024e-01  8.140e-01  8.249e-01  8.350e-01  8.444e-01  8.533e-01  8.615e-01  8.692e-01  8.764e-01  8.831e-01  8.894e-01  8.952e-01  9.007e-01  9.058e-01  9.106e-01  9.151e-01  9.194e-01  9.233e-01  9.271e-01  9.306e-01  9.338e-01  9.369e-01  9.398e-01 	
 2.280e-01  2.568e-01  2.870e-01  3.182e-01  3.501e-01  3.823e-01  4.145e-01  4.464e-01  4.777e-01  5.083e-01  5.378e-01  5.662e-01  5.933e-01  6.191e-01  6.436e-01  6.666e-01  6.883e-01  7.087e-01  7.277e-01  7.455e-01  7.621e-01  7.775e-01  7.919e-01  8.052e-01  8.176e-01  8.291e-01  8.398e-01  8.497e-01  8.589e-01  8.674e-01  8.754e-01  8.827e-01  8.896e-01  8.959e-01  9.019e-01  9.074e-01  9.125e-01  9.173e-01  9.218e-01  9.259e-01  9.298e-01  9.335e-01  9.369e-01  9.401e-01  9.430e-01  9.458e-01  9.485e-01  9.509e-01  9.533e-01  9.554e-01 	
 2.950e-01  3.271e-01  3.595e-01  3.919e-01  4.241e-01  4.557e-01  4.867e-01  5.168e-01  5.459e-01  5.739e-01  6.007e-01  6.261e-01  6.503e-01  6.731e-01  6.946e-01  7.147e-01  7.336e-01  7.512e-01  7.677e-01  7.830e-01  7.972e-01  8.104e-01  8.227e-01  8.341e-01  8.447e-01  8.545e-01  8.636e-01  8.720e-01  8.798e-01  8.871e-01  8.938e-01  9.001e-01  9.059e-01  9.113e-01  9.163e-01  9.210e-01  9.254e-01  9.294e-01  9.332e-01  9.368e-01  9.401e-01  9.432e-01  9.461e-01  9.488e-01  9.513e-01  9.537e-01  9.559e-01  9.580e-01  9.600e-01  9.618e-01 	
 3.609e-01  3.921e-01  4.226e-01  4.523e-01  4.811e-01  5.091e-01  5.363e-01  5.625e-01  5.878e-01  6.121e-01  6.354e-01  6.576e-01  6.787e-01  6.987e-01  7.176e-01  7.354e-01  7.522e-01  7.679e-01  7.826e-01  7.963e-01  8.092e-01  8.212e-01  8.323e-01  8.428e-01  8.524e-01  8.615e-01  8.698e-01  8.776e-01  8.849e-01  8.917e-01  8.980e-01  9.038e-01  9.093e-01  9.144e-01  9.191e-01  9.235e-01  9.277e-01  9.315e-01  9.351e-01  9.385e-01  9.417e-01  9.446e-01  9.474e-01  9.500e-01  9.524e-01  9.547e-01  9.569e-01  9.589e-01  9.608e-01  9.626e-01 	
 4.204e-01  4.486e-01  4.757e-01  5.019e-01  5.273e-01  5.520e-01  5.760e-01  5.993e-01  6.218e-01  6.436e-01  6.645e-01  6.845e-01  7.036e-01  7.218e-01  7.390e-01  7.553e-01  7.706e-01  7.849e-01  7.984e-01  8.111e-01  8.229e-01  8.339e-01  8.442e-01  8.538e-01  8.627e-01  8.711e-01  8.788e-01  8.860e-01  8.928e-01  8.990e-01  9.048e-01  9.103e-01  9.153e-01  9.201e-01  9.245e-01  9.286e-01  9.324e-01  9.360e-01  9.394e-01  9.425e-01  9.454e-01  9.482e-01  9.508e-01  9.532e-01  9.555e-01  9.576e-01  9.596e-01  9.615e-01  9.632e-01  9.649e-01 	
 4.686e-01  4.928e-01  5.162e-01  5.390e-01  5.613e-01  5.831e-01  6.046e-01  6.256e-01  6.460e-01  6.658e-01  6.850e-01  7.034e-01  7.210e-01  7.378e-01  7.538e-01  7.689e-01  7.832e-01  7.966e-01  8.092e-01  8.210e-01  8.321e-01  8.424e-01  8.521e-01  8.611e-01  8.695e-01  8.774e-01  8.847e-01  8.915e-01  8.979e-01  9.038e-01  9.093e-01  9.144e-01  9.192e-01  9.237e-01  9.279e-01  9.318e-01  9.354e-01  9.388e-01  9.420e-01  9.450e-01  9.478e-01  9.504e-01  9.529e-01  9.552e-01  9.573e-01  9.594e-01  9.613e-01  9.631e-01  9.648e-01  9.664e-01 	
 4.992e-01  5.179e-01  5.363e-01  5.546e-01  5.730e-01  5.916e-01  6.102e-01  6.287e-01  6.472e-01  6.653e-01  6.831e-01  7.004e-01  7.171e-01  7.332e-01  7.486e-01  7.633e-01  7.773e-01  7.905e-01  8.030e-01  8.148e-01  8.258e-01  8.362e-01  8.460e-01  8.551e-01  8.637e-01  8.717e-01  8.791e-01  8.861e-01  8.926e-01  8.987e-01  9.044e-01  9.098e-01  9.147e-01  9.194e-01  9.237e-01  9.278e-01  9.316e-01  9.351e-01  9.385e-01  9.416e-01  9.445e-01  9.473e-01  9.499e-01  9.523e-01  9.546e-01  9.567e-01  9.587e-01  9.606e-01  9.624e-01  9.641e-01 	
 5.197e-01  5.345e-01  5.497e-01  5.654e-01  5.817e-01  5.984e-01  6.156e-01  6.330e-01  6.504e-01  6.677e-01  6.848e-01  7.015e-01  7.177e-01  7.334e-01  7.485e-01  7.629e-01  7.767e-01  7.897e-01  8.021e-01  8.137e-01  8.247e-01  8.351e-01  8.448e-01  8.539e-01  8.624e-01  8.704e-01  8.779e-01  8.849e-01  8.914e-01  8.975e-01  9.033e-01  9.086e-01  9.136e-01  9.183e-01  9.226e-01  9.267e-01  9.306e-01  9.342e-01  9.375e-01  9.407e-01  9.436e-01  9.464e-01  9.490e-01  9.515e-01  9.538e-01  9.560e-01  9.580e-01  9.599e-01  9.617e-01  9.635e-01 	
 5.324e-01  5.442e-01  5.570e-01  5.706e-01  5.852e-01  6.006e-01  6.166e-01  6.331e-01  6.497e-01  6.664e-01  6.830e-01  6.993e-01  7.152e-01  7.307e-01  7.456e-01  7.599e-01  7.736e-01  7.866e-01  7.990e-01  8.106e-01  8.217e-01  8.321e-01  8.418e-01  8.510e-01  8.596e-01  8.677e-01  8.753e-01  8.824e-01  8.890e-01  8.952e-01  9.010e-01  9.064e-01  9.115e-01  9.163e-01  9.207e-01  9.249e-01  9.288e-01  9.325e-01  9.359e-01  9.391e-01  9.422e-01  9.450e-01  9.477e-01  9.502e-01  9.525e-01  9.547e-01  9.568e-01  9.588e-01  9.607e-01  9.624e-01 	
 5.384e-01  5.479e-01  5.587e-01  5.708e-01  5.841e-01  5.984e-01  6.135e-01  6.293e-01  6.453e-01  6.616e-01  6.778e-01  6.939e-01  7.096e-01  7.250e-01  7.398e-01  7.541e-01  7.678e-01  7.809e-01  7.934e-01  8.052e-01  8.163e-01  8.269e-01  8.368e-01  8.461e-01  8.549e-01  8.632e-01  8.709e-01  8.781e-01  8.849e-01  8.913e-01  8.973e-01  9.028e-01  9.081e-01  9.130e-01  9.176e-01  9.219e-01  9.259e-01  9.297e-01  9.332e-01  9.366e-01  9.397e-01  9.426e-01  9.454e-01  9.480e-01  9.505e-01  9.528e-01  9.549e-01  9.570e-01  9.589e-01  9.607e-01 	
 5.417e-01  5.496e-01  5.590e-01  5.700e-01  5.824e-01  5.959e-01  6.104e-01  6.257e-01  6.413e-01  6.573e-01  6.732e-01  6.891e-01  7.047e-01  7.200e-01  7.348e-01  7.492e-01  7.629e-01  7.760e-01  7.886e-01  8.005e-01  8.117e-01  8.224e-01  8.325e-01  8.419e-01  8.509e-01  8.592e-01  8.671e-01  8.745e-01  8.814e-01  8.879e-01  8.940e-01  8.997e-01  9.051e-01  9.101e-01  9.148e-01  9.193e-01  9.234e-01  9.273e-01  9.309e-01  9.344e-01  9.376e-01  9.406e-01  9.435e-01  9.462e-01  9.487e-01  9.511e-01  9.533e-01  9.554e-01  9.574e-01  9.593e-01 	
 5.438e-01  5.505e-01  5.590e-01  5.692e-01  5.809e-01  5.940e-01  6.080e-01  6.229e-01  6.383e-01  6.540e-01  6.698e-01  6.855e-01  7.011e-01  7.163e-01  7.311e-01  7.454e-01  7.592e-01  7.724e-01  7.850e-01  7.970e-01  8.083e-01  8.191e-01  8.292e-01  8.388e-01  8.478e-01  8.563e-01  8.643e-01  8.718e-01  8.788e-01  8.854e-01  8.916e-01  8.974e-01  9.029e-01  9.080e-01  9.128e-01  9.173e-01  9.215e-01  9.255e-01  9.292e-01  9.327e-01  9.360e-01  9.391e-01  9.420e-01  9.448e-01  9.473e-01  9.498e-01  9.521e-01  9.542e-01  9.563e-01  9.582e-01 	
 5.451e-01  5.510e-01  5.587e-01  5.682e-01  5.794e-01  5.920e-01  6.057e-01  6.202e-01  6.354e-01  6.509e-01  6.666e-01  6.822e-01  6.977e-01  7.129e-01  7.277e-01  7.420e-01  7.558e-01  7.690e-01  7.817e-01  7.937e-01  8.052e-01  8.160e-01  8.262e-01  8.359e-01  8.450e-01  8.536e-01  8.617e-01  8.693e-01  8.764e-01  8.831e-01  8.894e-01  8.953e-01  9.008e-01  9.060e-01  9.109e-01  9.155e-01  9.198e-01  9.238e-01  9.276e-01  9.312e-01  9.345e-01  9.377e-01  9.407e-01  9.435e-01  9.461e-01  9.486e-01  9.509e-01  9.531e-01  9.552e-01  9.572e-01 	
 5.464e-01  5.515e-01  5.586e-01  5.676e-01  5.783e-01  5.904e-01  6.038e-01  6.180e-01  6.329e-01  6.482e-01  6.637e-01  6.792e-01  6.946e-01  7.097e-01  7.245e-01  7.388e-01  7.526e-01  7.659e-01  7.785e-01  7.906e-01  8.021e-01  8.130e-01  8.234e-01  8.331e-01  8.423e-01  8.510e-01  8.591e-01  8.668e-01  8.740e-01  8.808e-01  8.872e-01  8.932e-01  8.988e-01  9.041e-01  9.090e-01  9.137e-01  9.180e-01  9.222e-01  9.260e-01  9.296e-01  9.331e-01  9.363e-01  9.393e-01  9.421e-01  9.448e-01  9.474e-01  9.497e-01  9.520e-01  9.541e-01  9.561e-01 	
 5.478e-01  5.523e-01  5.588e-01  5.673e-01  5.776e-01  5.894e-01  6.024e-01  6.164e-01  6.310e-01  6.461e-01  6.615e-01  6.769e-01  6.921e-01  7.072e-01  7.219e-01  7.362e-01  7.500e-01  7.632e-01  7.760e-01  7.881e-01  7.996e-01  8.106e-01  8.210e-01  8.308e-01  8.400e-01  8.488e-01  8.570e-01  8.648e-01  8.721e-01  8.789e-01  8.853e-01  8.914e-01  8.971e-01  9.024e-01  9.074e-01  9.122e-01  9.166e-01  9.207e-01  9.247e-01  9.283e-01  9.318e-01  9.351e-01  9.381e-01  9.410e-01  9.438e-01  9.463e-01  9.488e-01  9.511e-01  9.532e-01  9.553e-01 	
 5.495e-01  5.534e-01  5.595e-01  5.676e-01  5.775e-01  5.889e-01  6.017e-01  6.154e-01  6.298e-01  6.447e-01  6.599e-01  6.752e-01  6.904e-01  7.053e-01  7.200e-01  7.342e-01  7.480e-01  7.613e-01  7.740e-01  7.861e-01  7.977e-01  8.087e-01  8.191e-01  8.290e-01  8.383e-01  8.471e-01  8.553e-01  8.631e-01  8.705e-01  8.774e-01  8.839e-01  8.900e-01  8.957e-01  9.011e-01  9.062e-01  9.109e-01  9.154e-01  9.196e-01  9.236e-01  9.273e-01  9.308e-01  9.341e-01  9.372e-01  9.401e-01  9.429e-01  9.455e-01  9.480e-01  9.503e-01  9.525e-01  9.545e-01 	
 5.513e-01  5.548e-01  5.604e-01  5.681e-01  5.777e-01  5.889e-01  6.013e-01  6.148e-01  6.291e-01  6.438e-01  6.589e-01  6.740e-01  6.891e-01  7.040e-01  7.186e-01  7.328e-01  7.465e-01  7.597e-01  7.725e-01  7.846e-01  7.962e-01  8.072e-01  8.176e-01  8.275e-01  8.368e-01  8.457e-01  8.540e-01  8.618e-01  8.692e-01  8.761e-01  8.827e-01  8.888e-01  8.946e-01  9.000e-01  9.051e-01  9.099e-01  9.144e-01  9.187e-01  9.227e-01  9.264e-01  9.300e-01  9.333e-01  9.364e-01  9.394e-01  9.422e-01  9.448e-01  9.473e-01  9.496e-01  9.519e-01  9.539e-01 	
 5.533e-01  5.564e-01  5.616e-01  5.690e-01  5.783e-01  5.892e-01  6.014e-01  6.147e-01  6.288e-01  6.434e-01  6.583e-01  6.733e-01  6.883e-01  7.031e-01  7.176e-01  7.318e-01  7.455e-01  7.587e-01  7.714e-01  7.835e-01  7.951e-01  8.061e-01  8.165e-01  8.264e-01  8.358e-01  8.446e-01  8.530e-01  8.608e-01  8.682e-01  8.752e-01  8.817e-01  8.879e-01  8.937e-01  8.992e-01  9.043e-01  9.091e-01  9.137e-01  9.179e-01  9.220e-01  9.257e-01  9.293e-01  9.327e-01  9.358e-01  9.388e-01  9.416e-01  9.443e-01  9.468e-01  9.491e-01  9.514e-01  9.535e-01 	
 5.552e-01  5.579e-01  5.629e-01  5.700e-01  5.790e-01  5.896e-01  6.016e-01  6.147e-01  6.286e-01  6.430e-01  6.577e-01  6.726e-01  6.875e-01  7.022e-01  7.167e-01  7.308e-01  7.444e-01  7.576e-01  7.703e-01  7.824e-01  7.939e-01  8.050e-01  8.154e-01  8.253e-01  8.347e-01  8.436e-01  8.519e-01  8.598e-01  8.672e-01  8.742e-01  8.808e-01  8.870e-01  8.928e-01  8.983e-01  9.035e-01  9.083e-01  9.129e-01  9.172e-01  9.212e-01  9.251e-01  9.286e-01  9.320e-01  9.352e-01  9.382e-01  9.410e-01  9.437e-01  9.462e-01  9.486e-01  9.509e-01  9.530e-01 	
 5.571e-01  5.595e-01  5.642e-01  5.710e-01  5.798e-01  5.902e-01  6.020e-01  6.149e-01  6.286e-01  6.429e-01  6.575e-01  6.723e-01  6.871e-01  7.017e-01  7.161e-01  7.301e-01  7.437e-01  7.569e-01  7.695e-01  7.816e-01  7.931e-01  8.041e-01  8.146e-01  8.245e-01  8.339e-01  8.427e-01  8.511e-01  8.590e-01  8.665e-01  8.735e-01  8.801e-01  8.863e-01  8.921e-01  8.977e-01  9.028e-01  9.077e-01  9.123e-01  9.166e-01  9.207e-01  9.245e-01  9.281e-01  9.315e-01  9.347e-01  9.377e-01  9.406e-01  9.433e-01  9.458e-01  9.482e-01  9.505e-01  9.526e-01 	
 5.590e-01  5.611e-01  5.655e-01  5.721e-01  5.806e-01  5.908e-01  6.024e-01  6.151e-01  6.287e-01  6.428e-01  6.573e-01  6.720e-01  6.866e-01  7.012e-01  7.155e-01  7.294e-01  7.430e-01  7.561e-01  7.687e-01  7.808e-01  7.923e-01  8.033e-01  8.138e-01  8.237e-01  8.331e-01  8.419e-01  8.503e-01  8.582e-01  8.657e-01  8.727e-01  8.793e-01  8.856e-01  8.915e-01  8.970e-01  9.022e-01  9.071e-01  9.117e-01  9.160e-01  9.201e-01  9.239e-01  9.276e-01  9.310e-01  9.342e-01  9.372e-01  9.401e-01  9.428e-01  9.454e-01  9.478e-01  9.501e-01  9.522e-01 	
 5.607e-01  5.626e-01  5.668e-01  5.731e-01  5.814e-01  5.914e-01  6.028e-01  6.154e-01  6.288e-01  6.427e-01  6.571e-01  6.717e-01  6.863e-01  7.007e-01  7.150e-01  7.289e-01  7.424e-01  7.554e-01  7.680e-01  7.801e-01  7.916e-01  8.026e-01  8.130e-01  8.229e-01  8.323e-01  8.412e-01  8.496e-01  8.575e-01  8.650e-01  8.720e-01  8.787e-01  8.849e-01  8.908e-01  8.964e-01  9.016e-01  9.065e-01  9.111e-01  9.155e-01  9.196e-01  9.234e-01  9.271e-01  9.305e-01  9.337e-01  9.368e-01  9.397e-01  9.424e-01  9.450e-01  9.474e-01  9.497e-01  9.518e-01 	
 5.623e-01  5.640e-01  5.680e-01  5.741e-01  5.822e-01  5.920e-01  6.033e-01  6.156e-01  6.289e-01  6.427e-01  6.570e-01  6.714e-01  6.859e-01  7.003e-01  7.145e-01  7.283e-01  7.418e-01  7.548e-01  7.674e-01  7.794e-01  7.909e-01  8.019e-01  8.123e-01  8.222e-01  8.316e-01  8.405e-01  8.489e-01  8.568e-01  8.643e-01  8.714e-01  8.780e-01  8.843e-01  8.902e-01  8.958e-01  9.010e-01  9.059e-01  9.106e-01  9.149e-01  9.191e-01  9.229e-01  9.266e-01  9.300e-01  9.333e-01  9.364e-01  9.393e-01  9.420e-01  9.446e-01  9.470e-01  9.493e-01  9.515e-01 	
