 9.778e-01  9.778e-01  9.778e-01  9.778e-01  9.778e-01  9.778e-01  9.778e-01  9.778e-01  9.778e-01  9.778e-01  9.778e-01  9.778e-01  9.778e-01  9.778e-01  9.778e-01  9.778e-01  9.778e-01  9.778e-01  9.778e-01  9.778e-01  9.778e-01  9.778e-01  9.778e-01  9.778e-01  9.778e-01  9.778e-01  9.778e-01  9.778e-01  9.778e-01  9.778e-01  9.778e-01  9.778e-01  9.778e-01  9.778e-01  9.778e-01  9.778e-01  9.778e-01  9.778e-01  9.778e-01  9.778e-01  9.778e-01  9.778e-01  9.778e-01  9.778e-01  9.778e-01  9.778e-01  9.778e-01  9.778e-01  9.778e-01  9.778e-01 	
 9.851e-01  9.851e-01  9.851e-01  9.851e-01  9.851e-01  9.851e-01  9.851e-01  9.851e-01  9.851e-01  9.851e-01  9.851e-01  9.851e-01  9.851e-01  9.851e-01  9.851e-01  9.851e-01  9.851e-01  9.851e-01  9.851e-01  9.851e-01  9.851e-01  9.851e-01  9.851e-01  9.851e-01  9.851e-01  9.851e-01  9.851e-01  9.851e-01  9.851e-01  9.851e-01  9.851e-01  9.851e-01  9.851e-01  9.851e-01  9.851e-01  9.851e-01  9.851e-01  9.851e-01  9.851e-01  9.851e-01  9.851e-01  9.851e-01  9.851e-01  9.851e-01  9.851e-01  9.851e-01  9.851e-01  9.851e-01  9.851e-01  9.851e-01 	
 9.899e-01  9.899e-01  9.899e-01  9.899e-01  9.899e-01  9.899e-01  9.899e-01  9.899e-01  9.899e-01  9.899e-01  9.899e-01  9.899e-01  9.899e-01  9.899e-01  9.899e-01  9.899e-01  9.899e-01  9.899e-01  9.899e-01  9.899e-01  9.899e-01  9.899e-01  9.899e-01  9.899e-01  9.899e-01  9.899e-01  9.899e-01  9.899e-01  9.899e-01  9.899e-01  9.899e-01  9.899e-01  9.899e-01  9.899e-01  9.899e-01  9.899e-01  9.899e-01  9.899e-01  9.899e-01  9.899e-01  9.899e-01  9.899e-01  9.899e-01  9.899e-01  9.899e-01  9.899e-01  9.899e-01  9.899e-01  9.899e-01  9.899e-01 	
 9.931e-01  9.931e-01  9.931e-01  9.931e-01  9.931e-01  9.931e-01  9.931e-01  9.931e-01  9.931e-01  9.931e-01  9.931e-01  9.931e-01  9.931e-01  9.931e-01  9.931e-01  9.931e-01  9.931e-01  9.931e-01  9.931e-01  9.931e-01  9.931e-01  9.931e-01  9.931e-01  9.931e-01  9.931e-01  9.931e-01  9.931e-01  9.931e-01  9.931e-01  9.931e-01  9.931e-01  9.931e-01  9.931e-01  9.931e-01  9.931e-01  9.931e-01  9.931e-01  9.931e-01  9.931e-01  9.931e-01  9.931e-01  9.931e-01  9.931e-01  9.931e-01  9.931e-01  9.931e-01  9.931e-01  9.931e-01  9.931e-01  9.931e-01 	
 9.953e-01  9.953e-01  9.953e-01  9.953e-01  9.953e-01  9.953e-01  9.953e-01  9.953e-01  9.953e-01  9.953e-01  9.953e-01  9.953e-01  9.953e-01  9.953e-01  9.953e-01  9.953e-01  9.953e-01  9.953e-01  9.953e-01  9.953e-01  9.953e-01  9.953e-01  9.953e-01  9.953e-01  9.953e-01  9.953e-01  9.953e-01  9.953e-01  9.953e-01  9.953e-01  9.953e-01  9.953e-01  9.953e-01  9.953e-01  9.953e-01  9.953e-01  9.953e-01  9.953e-01  9.953e-01  9.953e-01  9.953e-01  9.953e-01  9.953e-01  9.953e-01  9.953e-01  9.953e-01  9.953e-01  9.953e-01  9.953e-01  9.953e-01 	
 9.967e-01  9.967e-01  9.967e-01  9.967e-01  9.967e-01  9.967e-01  9.967e-01  9.967e-01  9.967e-01  9.967e-01  9.967e-01  9.967e-01  9.967e-01  9.967e-01  9.967e-01  9.967e-01  9.967e-01  9.967e-01  9.967e-01  9.967e-01  9.967e-01  9.967e-01  9.967e-01  9.967e-01  9.967e-01  9.967e-01  9.967e-01  9.967e-01  9.967e-01  9.967e-01  9.967e-01  9.967e-01  9.967e-01  9.967e-01  9.967e-01  9.967e-01  9.967e-01  9.967e-01  9.967e-01  9.967e-01  9.967e-01  9.967e-01  9.967e-01  9.967e-01  9.967e-01  9.967e-01  9.967e-01  9.967e-01  9.967e-01  9.967e-01 	
 9.977e-01  9.977e-01  9.977e-01  9.977e-01  9.977e-01  9.977e-01  9.977e-01  9.977e-01  9.977e-01  9.977e-01  9.977e-01  9.977e-01  9.977e-01  9.977e-01  9.977e-01  9.977e-01  9.977e-01  9.977e-01  9.977e-01  9.977e-01  9.977e-01  9.977e-01  9.977e-01  9.977e-01  9.977e-01  9.977e-01  9.977e-01  9.977e-01  9.977e-01  9.977e-01  9.977e-01  9.977e-01  9.977e-01  9.977e-01  9.977e-01  9.977e-01  9.977e-01  9.977e-01  9.977e-01  9.977e-01  9.977e-01  9.977e-01  9.977e-01  9.977e-01  9.977e-01  9.977e-01  9.977e-01  9.977e-01  9.977e-01  9.977e-01 	
 9.983e-01  9.983e-01  9.983e-01  9.983e-01  9.983e-01  9.983e-01  9.983e-01  9.983e-01  9.983e-01  9.983e-01  9.983e-01  9.983e-01  9.983e-01  9.983e-01  9.983e-01  9.983e-01  9.983e-01  9.983e-01  9.983e-01  9.983e-01  9.983e-01  9.983e-01  9.983e-01  9.983e-01  9.983e-01  9.983e-01  9.983e-01  9.983e-01  9.983e-01  9.983e-01  9.983e-01  9.983e-01  9.983e-01  9.983e-01  9.983e-01  9.983e-01  9.983e-01  9.983e-01  9.983e-01  9.983e-01  9.983e-01  9.983e-01  9.983e-01  9.983e-01  9.983e-01  9.983e-01  9.983e-01  9.983e-01  9.983e-01  9.983e-01 	
 9.987e-01  9.987e-01  9.987e-01  9.987e-01  9.987e-01  9.987e-01  9.987e-01  9.987e-01  9.987e-01  9.987e-01  9.987e-01  9.987e-01  9.987e-01  9.987e-01  9.987e-01  9.987e-01  9.987e-01  9.987e-01  9.987e-01  9.987e-01  9.987e-01  9.987e-01  9.987e-01  9.987e-01  9.987e-01  9.987e-01  9.987e-01  9.987e-01  9.987e-01  9.987e-01  9.987e-01  9.987e-01  9.987e-01  9.987e-01  9.987e-01  9.987e-01  9.987e-01  9.987e-01  9.987e-01  9.987e-01  9.987e-01  9.987e-01  9.987e-01  9.987e-01  9.987e-01  9.987e-01  9.987e-01  9.987e-01  9.987e-01  9.987e-01 	
 9.988e-01  9.988e-01  9.988e-01  9.988e-01  9.988e-01  9.988e-01  9.988e-01  9.988e-01  9.988e-01  9.988e-01  9.988e-01  9.988e-01  9.988e-01  9.988e-01  9.988e-01  9.988e-01  9.988e-01  9.988e-01  9.988e-01  9.988e-01  9.988e-01  9.988e-01  9.988e-01  9.988e-01  9.988e-01  9.988e-01  9.988e-01  9.988e-01  9.988e-01  9.988e-01  9.988e-01  9.988e-01  9.988e-01  9.988e-01  9.988e-01  9.988e-01  9.988e-01  9.988e-01  9.988e-01  9.988e-01  9.988e-01  9.988e-01  9.988e-01  9.988e-01  9.988e-01  9.988e-01  9.988e-01  9.988e-01  9.988e-01  9.988e-01 	
 9.988e-01  9.988e-01  9.988e-01  9.988e-01  9.988e-01  9.988e-01  9.988e-01  9.988e-01  9.988e-01  9.988e-01  9.988e-01  9.988e-01  9.988e-01  9.988e-01  9.988e-01  9.988e-01  9.988e-01  9.988e-01  9.988e-01  9.988e-01  9.988e-01  9.988e-01  9.988e-01  9.988e-01  9.988e-01  9.988e-01  9.988e-01  9.988e-01  9.988e-01  9.988e-01  9.988e-01  9.988e-01  9.988e-01  9.988e-01  9.988e-01  9.988e-01  9.988e-01  9.988e-01  9.988e-01  9.988e-01  9.988e-01  9.988e-01  9.988e-01  9.988e-01  9.988e-01  9.988e-01  9.988e-01  9.988e-01  9.988e-01  9.988e-01 	
 9.988e-01  9.988e-01  9.988e-01  9.988e-01  9.988e-01  9.988e-01  9.988e-01  9.988e-01  9.988e-01  9.988e-01  9.988e-01  9.988e-01  9.988e-01  9.988e-01  9.988e-01  9.988e-01  9.988e-01  9.988e-01  9.988e-01  9.988e-01  9.988e-01  9.988e-01  9.988e-01  9.988e-01  9.988e-01  9.988e-01  9.988e-01  9.988e-01  9.988e-01  9.988e-01  9.988e-01  9.988e-01  9.988e-01  9.988e-01  9.988e-01  9.988e-01  9.988e-01  9.988e-01  9.988e-01  9.988e-01  9.988e-01  9.988e-01  9.988e-01  9.988e-01  9.988e-01  9.988e-01  9.988e-01  9.988e-01  9.988e-01  9.988e-01 	
 9.993e-01  9.993e-01  9.993e-01  9.993e-01  9.993e-01  9.993e-01  9.993e-01  9.993e-01  9.993e-01  9.993e-01  9.993e-01  9.993e-01  9.993e-01  9.993e-01  9.993e-01  9.993e-01  9.993e-01  9.993e-01  9.993e-01  9.993e-01  9.993e-01  9.993e-01  9.993e-01  9.993e-01  9.993e-01  9.993e-01  9.993e-01  9.993e-01  9.993e-01  9.993e-01  9.993e-01  9.993e-01  9.993e-01  9.993e-01  9.993e-01  9.993e-01  9.993e-01  9.993e-01  9.993e-01  9.993e-01  9.993e-01  9.993e-01  9.993e-01  9.993e-01  9.993e-01  9.993e-01  9.993e-01  9.993e-01  9.993e-01  9.993e-01 	
 9.989e-01  9.989e-01  9.989e-01  9.989e-01  9.989e-01  9.989e-01  9.989e-01  9.989e-01  9.989e-01  9.989e-01  9.989e-01  9.989e-01  9.989e-01  9.989e-01  9.989e-01  9.989e-01  9.989e-01  9.989e-01  9.989e-01  9.989e-01  9.989e-01  9.989e-01  9.989e-01  9.989e-01  9.989e-01  9.989e-01  9.989e-01  9.989e-01  9.989e-01  9.989e-01  9.989e-01  9.989e-01  9.989e-01  9.989e-01  9.989e-01  9.989e-01  9.989e-01  9.989e-01  9.989e-01  9.989e-01  9.989e-01  9.989e-01  9.989e-01  9.989e-01  9.989e-01  9.989e-01  9.989e-01  9.989e-01  9.989e-01  9.989e-01 	
 9.985e-01  9.985e-01  9.985e-01  9.985e-01  9.985e-01  9.985e-01  9.985e-01  9.985e-01  9.985e-01  9.985e-01  9.985e-01  9.985e-01  9.985e-01  9.985e-01  9.985e-01  9.985e-01  9.985e-01  9.985e-01  9.985e-01  9.985e-01  9.985e-01  9.985e-01  9.985e-01  9.985e-01  9.985e-01  9.985e-01  9.985e-01  9.985e-01  9.985e-01  9.985e-01  9.985e-01  9.985e-01  9.985e-01  9.985e-01  9.985e-01  9.985e-01  9.985e-01  9.985e-01  9.985e-01  9.985e-01  9.985e-01  9.985e-01  9.985e-01  9.985e-01  9.985e-01  9.985e-01  9.985e-01  9.985e-01  9.985e-01  9.985e-01 	
 9.982e-01  9.982e-01  9.982e-01  9.982e-01  9.982e-01  9.982e-01  9.982e-01  9.982e-01  9.982e-01  9.982e-01  9.982e-01  9.982e-01  9.982e-01  9.982e-01  9.982e-01  9.982e-01  9.982e-01  9.982e-01  9.982e-01  9.982e-01  9.982e-01  9.982e-01  9.982e-01  9.982e-01  9.982e-01  9.982e-01  9.982e-01  9.982e-01  9.982e-01  9.982e-01  9.982e-01  9.982e-01  9.982e-01  9.982e-01  9.982e-01  9.982e-01  9.982e-01  9.982e-01  9.982e-01  9.982e-01  9.982e-01  9.982e-01  9.982e-01  9.982e-01  9.982e-01  9.982e-01  9.982e-01  9.982e-01  9.982e-01  9.982e-01 	
 9.962e-01  9.962e-01  9.962e-01  9.962e-01  9.962e-01  9.962e-01  9.962e-01  9.962e-01  9.962e-01  9.962e-01  9.962e-01  9.962e-01  9.962e-01  9.962e-01  9.962e-01  9.962e-01  9.962e-01  9.962e-01  9.962e-01  9.962e-01  9.962e-01  9.962e-01  9.962e-01  9.962e-01  9.962e-01  9.962e-01  9.962e-01  9.962e-01  9.962e-01  9.962e-01  9.962e-01  9.962e-01  9.962e-01  9.962e-01  9.962e-01  9.962e-01  9.962e-01  9.962e-01  9.962e-01  9.962e-01  9.962e-01  9.962e-01  9.962e-01  9.962e-01  9.962e-01  9.962e-01  9.962e-01  9.962e-01  9.962e-01  9.962e-01 	
 9.921e-01  9.921e-01  9.921e-01  9.921e-01  9.921e-01  9.921e-01  9.921e-01  9.921e-01  9.921e-01  9.921e-01  9.921e-01  9.921e-01  9.921e-01  9.921e-01  9.921e-01  9.921e-01  9.921e-01  9.921e-01  9.921e-01  9.921e-01  9.921e-01  9.921e-01  9.921e-01  9.921e-01  9.921e-01  9.921e-01  9.921e-01  9.921e-01  9.921e-01  9.921e-01  9.921e-01  9.921e-01  9.921e-01  9.921e-01  9.921e-01  9.921e-01  9.921e-01  9.921e-01  9.921e-01  9.921e-01  9.921e-01  9.921e-01  9.921e-01  9.921e-01  9.921e-01  9.921e-01  9.921e-01  9.921e-01  9.921e-01  9.921e-01 	
 9.938e-01  9.938e-01  9.938e-01  9.938e-01  9.938e-01  9.938e-01  9.938e-01  9.938e-01  9.938e-01  9.938e-01  9.938e-01  9.938e-01  9.938e-01  9.938e-01  9.938e-01  9.938e-01  9.938e-01  9.938e-01  9.938e-01  9.938e-01  9.938e-01  9.938e-01  9.938e-01  9.938e-01  9.938e-01  9.938e-01  9.938e-01  9.938e-01  9.938e-01  9.938e-01  9.938e-01  9.938e-01  9.938e-01  9.938e-01  9.938e-01  9.938e-01  9.938e-01  9.938e-01  9.938e-01  9.938e-01  9.938e-01  9.938e-01  9.938e-01  9.938e-01  9.938e-01  9.938e-01  9.938e-01  9.938e-01  9.938e-01  9.938e-01 	
 9.960e-01  9.960e-01  9.960e-01  9.960e-01  9.960e-01  9.960e-01  9.960e-01  9.960e-01  9.960e-01  9.960e-01  9.960e-01  9.960e-01  9.960e-01  9.960e-01  9.960e-01  9.960e-01  9.960e-01  9.960e-01  9.960e-01  9.960e-01  9.960e-01  9.960e-01  9.960e-01  9.960e-01  9.960e-01  9.960e-01  9.960e-01  9.960e-01  9.960e-01  9.960e-01  9.960e-01  9.960e-01  9.960e-01  9.960e-01  9.960e-01  9.960e-01  9.960e-01  9.960e-01  9.960e-01  9.960e-01  9.960e-01  9.960e-01  9.960e-01  9.960e-01  9.960e-01  9.960e-01  9.960e-01  9.960e-01  9.960e-01  9.960e-01 	
 9.963e-01  9.963e-01  9.963e-01  9.963e-01  9.963e-01  9.963e-01  9.963e-01  9.963e-01  9.963e-01  9.963e-01  9.963e-01  9.963e-01  9.963e-01  9.963e-01  9.963e-01  9.963e-01  9.963e-01  9.963e-01  9.963e-01  9.963e-01  9.963e-01  9.963e-01  9.963e-01  9.963e-01  9.963e-01  9.963e-01  9.963e-01  9.963e-01  9.963e-01  9.963e-01  9.963e-01  9.963e-01  9.963e-01  9.963e-01  9.963e-01  9.963e-01  9.963e-01  9.963e-01  9.963e-01  9.963e-01  9.963e-01  9.963e-01  9.963e-01  9.963e-01  9.963e-01  9.963e-01  9.963e-01  9.963e-01  9.963e-01  9.963e-01 	
 9.947e-01  9.947e-01  9.947e-01  9.947e-01  9.947e-01  9.947e-01  9.947e-01  9.947e-01  9.947e-01  9.947e-01  9.947e-01  9.947e-01  9.947e-01  9.947e-01  9.947e-01  9.947e-01  9.947e-01  9.947e-01  9.947e-01  9.947e-01  9.947e-01  9.947e-01  9.947e-01  9.947e-01  9.947e-01  9.947e-01  9.947e-01  9.947e-01  9.947e-01  9.947e-01  9.947e-01  9.947e-01  9.947e-01  9.947e-01  9.947e-01  9.947e-01  9.947e-01  9.947e-01  9.947e-01  9.947e-01  9.947e-01  9.947e-01  9.947e-01  9.947e-01  9.947e-01  9.947e-01  9.947e-01  9.947e-01  9.947e-01  9.947e-01 	
 9.915e-01  9.915e-01  9.915e-01  9.915e-01  9.915e-01  9.915e-01  9.915e-01  9.915e-01  9.915e-01  9.915e-01  9.915e-01  9.915e-01  9.915e-01  9.915e-01  9.915e-01  9.915e-01  9.915e-01  9.915e-01  9.915e-01  9.915e-01  9.915e-01  9.915e-01  9.915e-01  9.915e-01  9.915e-01  9.915e-01  9.915e-01  9.915e-01  9.915e-01  9.915e-01  9.915e-01  9.915e-01  9.915e-01  9.915e-01  9.915e-01  9.915e-01  9.915e-01  9.915e-01  9.915e-01  9.915e-01  9.915e-01  9.915e-01  9.915e-01  9.915e-01  9.915e-01  9.915e-01  9.915e-01  9.915e-01  9.915e-01  9.915e-01 	
 9.928e-01  9.928e-01  9.928e-01  9.928e-01  9.928e-01  9.928e-01  9.928e-01  9.928e-01  9.928e-01  9.928e-01  9.928e-01  9.928e-01  9.928e-01  9.928e-01  9.928e-01  9.928e-01  9.928e-01  9.928e-01  9.928e-01  9.928e-01  9.928e-01  9.928e-01  9.928e-01  9.928e-01  9.928e-01  9.928e-01  9.928e-01  9.928e-01  9.928e-01  9.928e-01  9.928e-01  9.928e-01  9.928e-01  9.928e-01  9.928e-01  9.928e-01  9.928e-01  9.928e-01  9.928e-01  9.928e-01  9.928e-01  9.928e-01  9.928e-01  9.928e-01  9.928e-01  9.928e-01  9.928e-01  9.928e-01  9.928e-01  9.928e-01 	
 9.900e-01  9.900e-01  9.900e-01  9.900e-01  9.900e-01  9.900e-01  9.900e-01  9.900e-01  9.900e-01  9.900e-01  9.900e-01  9.900e-01  9.900e-01  9.900e-01  9.900e-01  9.900e-01  9.900e-01  9.900e-01  9.900e-01  9.900e-01  9.900e-01  9.900e-01  9.900e-01  9.900e-01  9.900e-01  9.900e-01  9.900e-01  9.900e-01  9.900e-01  9.900e-01  9.900e-01  9.900e-01  9.900e-01  9.900e-01  9.900e-01  9.900e-01  9.900e-01  9.900e-01  9.900e-01  9.900e-01  9.900e-01  9.900e-01  9.900e-01  9.900e-01  9.900e-01  9.900e-01  9.900e-01  9.900e-01  9.900e-01  9.900e-01 	
 9.909e-01  9.909e-01  9.909e-01  9.909e-01  9.909e-01  9.909e-01  9.909e-01  9.909e-01  9.909e-01  9.909e-01  9.909e-01  9.909e-01  9.909e-01  9.909e-01  9.909e-01  9.909e-01  9.909e-01  9.909e-01  9.909e-01  9.909e-01  9.909e-01  9.909e-01  9.909e-01  9.909e-01  9.909e-01  9.909e-01  9.909e-01  9.909e-01  9.909e-01  9.909e-01  9.909e-01  9.909e-01  9.909e-01  9.909e-01  9.909e-01  9.909e-01  9.909e-01  9.909e-01  9.909e-01  9.909e-01  9.909e-01  9.909e-01  9.909e-01  9.909e-01  9.909e-01  9.909e-01  9.909e-01  9.909e-01  9.909e-01  9.909e-01 	
 9.883e-01  9.883e-01  9.883e-01  9.883e-01  9.883e-01  9.883e-01  9.883e-01  9.883e-01  9.883e-01  9.883e-01  9.883e-01  9.883e-01  9.883e-01  9.883e-01  9.883e-01  9.883e-01  9.883e-01  9.883e-01  9.883e-01  9.883e-01  9.883e-01  9.883e-01  9.883e-01  9.883e-01  9.883e-01  9.883e-01  9.883e-01  9.883e-01  9.883e-01  9.883e-01  9.883e-01  9.883e-01  9.883e-01  9.883e-01  9.883e-01  9.883e-01  9.883e-01  9.883e-01  9.883e-01  9.883e-01  9.883e-01  9.883e-01  9.883e-01  9.883e-01  9.883e-01  9.883e-01  9.883e-01  9.883e-01  9.883e-01  9.883e-01 	
 9.891e-01  9.891e-01  9.891e-01  9.891e-01  9.891e-01  9.891e-01  9.891e-01  9.891e-01  9.891e-01  9.891e-01  9.891e-01  9.891e-01  9.891e-01  9.891e-01  9.891e-01  9.891e-01  9.891e-01  9.891e-01  9.891e-01  9.891e-01  9.891e-01  9.891e-01  9.891e-01  9.891e-01  9.891e-01  9.891e-01  9.891e-01  9.891e-01  9.891e-01  9.891e-01  9.891e-01  9.891e-01  9.891e-01  9.891e-01  9.891e-01  9.891e-01  9.891e-01  9.891e-01  9.891e-01  9.891e-01  9.891e-01  9.891e-01  9.891e-01  9.891e-01  9.891e-01  9.891e-01  9.891e-01  9.891e-01  9.891e-01  9.891e-01 	
 9.867e-01  9.867e-01  9.867e-01  9.867e-01  9.867e-01  9.867e-01  9.867e-01  9.867e-01  9.867e-01  9.867e-01  9.867e-01  9.867e-01  9.867e-01  9.867e-01  9.867e-01  9.867e-01  9.867e-01  9.867e-01  9.867e-01  9.867e-01  9.867e-01  9.867e-01  9.867e-01  9.867e-01  9.867e-01  9.867e-01  9.867e-01  9.867e-01  9.867e-01  9.867e-01  9.867e-01  9.867e-01  9.867e-01  9.867e-01  9.867e-01  9.867e-01  9.867e-01  9.867e-01  9.867e-01  9.867e-01  9.867e-01  9.867e-01  9.867e-01  9.867e-01  9.867e-01  9.867e-01  9.867e-01  9.867e-01  9.867e-01  9.867e-01 	
 9.769e-01  9.769e-01  9.769e-01  9.769e-01  9.769e-01  9.769e-01  9.769e-01  9.769e-01  9.769e-01  9.769e-01  9.769e-01  9.769e-01  9.769e-01  9.769e-01  9.769e-01  9.769e-01  9.769e-01  9.769e-01  9.769e-01  9.769e-01  9.769e-01  9.769e-01  9.769e-01  9.769e-01  9.769e-01  9.769e-01  9.769e-01  9.769e-01  9.769e-01  9.769e-01  9.769e-01  9.769e-01  9.769e-01  9.769e-01  9.769e-01  9.769e-01  9.769e-01  9.769e-01  9.769e-01  9.769e-01  9.769e-01  9.769e-01  9.769e-01  9.769e-01  9.769e-01  9.769e-01  9.769e-01  9.769e-01  9.769e-01  9.769e-01 	
 9.822e-01  9.822e-01  9.822e-01  9.822e-01  9.822e-01  9.822e-01  9.822e-01  9.822e-01  9.822e-01  9.822e-01  9.822e-01  9.822e-01  9.822e-01  9.822e-01  9.822e-01  9.822e-01  9.822e-01  9.822e-01  9.822e-01  9.822e-01  9.822e-01  9.822e-01  9.822e-01  9.822e-01  9.822e-01  9.822e-01  9.822e-01  9.822e-01  9.822e-01  9.822e-01  9.822e-01  9.822e-01  9.822e-01  9.822e-01  9.822e-01  9.822e-01  9.822e-01  9.822e-01  9.822e-01  9.822e-01  9.822e-01  9.822e-01  9.822e-01  9.822e-01  9.822e-01  9.822e-01  9.822e-01  9.822e-01  9.822e-01  9.822e-01 	
 9.757e-01  9.757e-01  9.757e-01  9.757e-01  9.757e-01  9.757e-01  9.757e-01  9.757e-01  9.757e-01  9.757e-01  9.757e-01  9.757e-01  9.757e-01  9.757e-01  9.757e-01  9.757e-01  9.757e-01  9.757e-01  9.757e-01  9.757e-01  9.757e-01  9.757e-01  9.757e-01  9.757e-01  9.757e-01  9.757e-01  9.757e-01  9.757e-01  9.757e-01  9.757e-01  9.757e-01  9.757e-01  9.757e-01  9.757e-01  9.757e-01  9.757e-01  9.757e-01  9.757e-01  9.757e-01  9.757e-01  9.757e-01  9.757e-01  9.757e-01  9.757e-01  9.757e-01  9.757e-01  9.757e-01  9.757e-01  9.757e-01  9.757e-01 	
 9.824e-01  9.824e-01  9.824e-01  9.824e-01  9.824e-01  9.824e-01  9.824e-01  9.824e-01  9.824e-01  9.824e-01  9.824e-01  9.824e-01  9.824e-01  9.824e-01  9.824e-01  9.824e-01  9.824e-01  9.824e-01  9.824e-01  9.824e-01  9.824e-01  9.824e-01  9.824e-01  9.824e-01  9.824e-01  9.824e-01  9.824e-01  9.824e-01  9.824e-01  9.824e-01  9.824e-01  9.824e-01  9.824e-01  9.824e-01  9.824e-01  9.824e-01  9.824e-01  9.824e-01  9.824e-01  9.824e-01  9.824e-01  9.824e-01  9.824e-01  9.824e-01  9.824e-01  9.824e-01  9.824e-01  9.824e-01  9.824e-01  9.824e-01 	
 9.807e-01  9.807e-01  9.807e-01  9.807e-01  9.807e-01  9.807e-01  9.807e-01  9.807e-01  9.807e-01  9.807e-01  9.807e-01  9.807e-01  9.807e-01  9.807e-01  9.807e-01  9.807e-01  9.807e-01  9.807e-01  9.807e-01  9.807e-01  9.807e-01  9.807e-01  9.807e-01  9.807e-01  9.807e-01  9.807e-01  9.807e-01  9.807e-01  9.807e-01  9.807e-01  9.807e-01  9.807e-01  9.807e-01  9.807e-01  9.807e-01  9.807e-01  9.807e-01  9.807e-01  9.807e-01  9.807e-01  9.807e-01  9.807e-01  9.807e-01  9.807e-01  9.807e-01  9.807e-01  9.807e-01  9.807e-01  9.807e-01  9.807e-01 	
 9.754e-01  9.754e-01  9.754e-01  9.754e-01  9.754e-01  9.754e-01  9.754e-01  9.754e-01  9.754e-01  9.754e-01  9.754e-01  9.754e-01  9.754e-01  9.754e-01  9.754e-01  9.754e-01  9.754e-01  9.754e-01  9.754e-01  9.754e-01  9.754e-01  9.754e-01  9.754e-01  9.754e-01  9.754e-01  9.754e-01  9.754e-01  9.754e-01  9.754e-01  9.754e-01  9.754e-01  9.754e-01  9.754e-01  9.754e-01  9.754e-01  9.754e-01  9.754e-01  9.754e-01  9.754e-01  9.754e-01  9.754e-01  9.754e-01  9.754e-01  9.754e-01  9.754e-01  9.754e-01  9.754e-01  9.754e-01  9.754e-01  9.754e-01 	
 9.674e-01  9.674e-01  9.674e-01  9.674e-01  9.674e-01  9.674e-01  9.674e-01  9.674e-01  9.674e-01  9.674e-01  9.674e-01  9.674e-01  9.674e-01  9.674e-01  9.674e-01  9.674e-01  9.674e-01  9.674e-01  9.674e-01  9.674e-01  9.674e-01  9.674e-01  9.674e-01  9.674e-01  9.674e-01  9.674e-01  9.674e-01  9.674e-01  9.674e-01  9.674e-01  9.674e-01  9.674e-01  9.674e-01  9.674e-01  9.674e-01  9.674e-01  9.674e-01  9.674e-01  9.674e-01  9.674e-01  9.674e-01  9.674e-01  9.674e-01  9.674e-01  9.674e-01  9.674e-01  9.674e-01  9.674e-01  9.674e-01  9.674e-01 	
 9.649e-01  9.649e-01  9.649e-01  9.649e-01  9.649e-01  9.649e-01  9.649e-01  9.649e-01  9.649e-01  9.649e-01  9.649e-01  9.649e-01  9.649e-01  9.649e-01  9.649e-01  9.649e-01  9.649e-01  9.649e-01  9.649e-01  9.649e-01  9.649e-01  9.649e-01  9.649e-01  9.649e-01  9.649e-01  9.649e-01  9.649e-01  9.649e-01  9.649e-01  9.649e-01  9.649e-01  9.649e-01  9.649e-01  9.649e-01  9.649e-01  9.649e-01  9.649e-01  9.649e-01  9.649e-01  9.649e-01  9.649e-01  9.649e-01  9.649e-01  9.649e-01  9.649e-01  9.649e-01  9.649e-01  9.649e-01  9.649e-01  9.649e-01 	
 9.640e-01  9.640e-01  9.640e-01  9.640e-01  9.640e-01  9.640e-01  9.640e-01  9.640e-01  9.640e-01  9.640e-01  9.640e-01  9.640e-01  9.640e-01  9.640e-01  9.640e-01  9.640e-01  9.640e-01  9.640e-01  9.640e-01  9.640e-01  9.640e-01  9.640e-01  9.640e-01  9.640e-01  9.640e-01  9.640e-01  9.640e-01  9.640e-01  9.640e-01  9.640e-01  9.640e-01  9.640e-01  9.640e-01  9.640e-01  9.640e-01  9.640e-01  9.640e-01  9.640e-01  9.640e-01  9.640e-01  9.640e-01  9.640e-01  9.640e-01  9.640e-01  9.640e-01  9.640e-01  9.640e-01  9.640e-01  9.640e-01  9.640e-01 	
 9.609e-01  9.609e-01  9.609e-01  9.609e-01  9.609e-01  9.609e-01  9.609e-01  9.609e-01  9.609e-01  9.609e-01  9.609e-01  9.609e-01  9.609e-01  9.609e-01  9.609e-01  9.609e-01  9.609e-01  9.609e-01  9.609e-01  9.609e-01  9.609e-01  9.609e-01  9.609e-01  9.609e-01  9.609e-01  9.609e-01  9.609e-01  9.609e-01  9.609e-01  9.609e-01  9.609e-01  9.609e-01  9.609e-01  9.609e-01  9.609e-01  9.609e-01  9.609e-01  9.609e-01  9.609e-01  9.609e-01  9.609e-01  9.609e-01  9.609e-01  9.609e-01  9.609e-01  9.609e-01  9.609e-01  9.609e-01  9.609e-01  9.609e-01 	
 9.522e-01  9.522e-01  9.522e-01  9.522e-01  9.522e-01  9.522e-01  9.522e-01  9.522e-01  9.522e-01  9.522e-01  9.522e-01  9.522e-01  9.522e-01  9.522e-01  9.522e-01  9.522e-01  9.522e-01  9.522e-01  9.522e-01  9.522e-01  9.522e-01  9.522e-01  9.522e-01  9.522e-01  9.522e-01  9.522e-01  9.522e-01  9.522e-01  9.522e-01  9.522e-01  9.522e-01  9.522e-01  9.522e-01  9.522e-01  9.522e-01  9.522e-01  9.522e-01  9.522e-01  9.522e-01  9.522e-01  9.522e-01  9.522e-01  9.522e-01  9.522e-01  9.522e-01  9.522e-01  9.522e-01  9.522e-01  9.522e-01  9.522e-01 	
 9.449e-01  9.449e-01  9.449e-01  9.449e-01  9.449e-01  9.449e-01  9.449e-01  9.449e-01  9.449e-01  9.449e-01  9.449e-01  9.449e-01  9.449e-01  9.449e-01  9.449e-01  9.449e-01  9.449e-01  9.449e-01  9.449e-01  9.449e-01  9.449e-01  9.449e-01  9.449e-01  9.449e-01  9.449e-01  9.449e-01  9.449e-01  9.449e-01  9.449e-01  9.449e-01  9.449e-01  9.449e-01  9.449e-01  9.449e-01  9.449e-01  9.449e-01  9.449e-01  9.449e-01  9.449e-01  9.449e-01  9.449e-01  9.449e-01  9.449e-01  9.449e-01  9.449e-01  9.449e-01  9.449e-01  9.449e-01  9.449e-01  9.449e-01 	
 9.405e-01  9.405e-01  9.405e-01  9.405e-01  9.405e-01  9.405e-01  9.405e-01  9.405e-01  9.405e-01  9.405e-01  9.405e-01  9.405e-01  9.405e-01  9.405e-01  9.405e-01  9.405e-01  9.405e-01  9.405e-01  9.405e-01  9.405e-01  9.405e-01  9.405e-01  9.405e-01  9.405e-01  9.405e-01  9.405e-01  9.405e-01  9.405e-01  9.405e-01  9.405e-01  9.405e-01  9.405e-01  9.405e-01  9.405e-01  9.405e-01  9.405e-01  9.405e-01  9.405e-01  9.405e-01  9.405e-01  9.405e-01  9.405e-01  9.405e-01  9.405e-01  9.405e-01  9.405e-01  9.405e-01  9.405e-01  9.405e-01  9.405e-01 	
 9.287e-01  9.287e-01  9.287e-01  9.287e-01  9.287e-01  9.287e-01  9.287e-01  9.287e-01  9.287e-01  9.287e-01  9.287e-01  9.287e-01  9.287e-01  9.287e-01  9.287e-01  9.287e-01  9.287e-01  9.287e-01  9.287e-01  9.287e-01  9.287e-01  9.287e-01  9.287e-01  9.287e-01  9.287e-01  9.287e-01  9.287e-01  9.287e-01  9.287e-01  9.287e-01  9.287e-01  9.287e-01  9.287e-01  9.287e-01  9.287e-01  9.287e-01  9.287e-01  9.287e-01  9.287e-01  9.287e-01  9.287e-01  9.287e-01  9.287e-01  9.287e-01  9.287e-01  9.287e-01  9.287e-01  9.287e-01  9.287e-01  9.287e-01 	
 9.234e-01  9.234e-01  9.234e-01  9.234e-01  9.234e-01  9.234e-01  9.234e-01  9.234e-01  9.234e-01  9.234e-01  9.234e-01  9.234e-01  9.234e-01  9.234e-01  9.234e-01  9.234e-01  9.234e-01  9.234e-01  9.234e-01  9.234e-01  9.234e-01  9.234e-01  9.234e-01  9.234e-01  9.234e-01  9.234e-01  9.234e-01  9.234e-01  9.234e-01  9.234e-01  9.234e-01  9.234e-01  9.234e-01  9.234e-01  9.234e-01  9.234e-01  9.234e-01  9.234e-01  9.234e-01  9.234e-01  9.234e-01  9.234e-01  9.234e-01  9.234e-01  9.234e-01  9.234e-01  9.234e-01  9.234e-01  9.234e-01  9.234e-01 	
 9.165e-01  9.165e-01  9.165e-01  9.165e-01  9.165e-01  9.165e-01  9.165e-01  9.165e-01  9.165e-01  9.165e-01  9.165e-01  9.165e-01  9.165e-01  9.165e-01  9.165e-01  9.165e-01  9.165e-01  9.165e-01  9.165e-01  9.165e-01  9.165e-01  9.165e-01  9.165e-01  9.165e-01  9.165e-01  9.165e-01  9.165e-01  9.165e-01  9.165e-01  9.165e-01  9.165e-01  9.165e-01  9.165e-01  9.165e-01  9.165e-01  9.165e-01  9.165e-01  9.165e-01  9.165e-01  9.165e-01  9.165e-01  9.165e-01  9.165e-01  9.165e-01  9.165e-01  9.165e-01  9.165e-01  9.165e-01  9.165e-01  9.165e-01 	
 9.058e-01  9.058e-01  9.058e-01  9.058e-01  9.058e-01  9.058e-01  9.058e-01  9.058e-01  9.058e-01  9.058e-01  9.058e-01  9.058e-01  9.058e-01  9.058e-01  9.058e-01  9.058e-01  9.058e-01  9.058e-01  9.058e-01  9.058e-01  9.058e-01  9.058e-01  9.058e-01  9.058e-01  9.058e-01  9.058e-01  9.058e-01  9.058e-01  9.058e-01  9.058e-01  9.058e-01  9.058e-01  9.058e-01  9.058e-01  9.058e-01  9.058e-01  9.058e-01  9.058e-01  9.058e-01  9.058e-01  9.058e-01  9.058e-01  9.058e-01  9.058e-01  9.058e-01  9.058e-01  9.058e-01  9.058e-01  9.058e-01  9.058e-01 	
 8.923e-01  8.923e-01  8.923e-01  8.923e-01  8.923e-01  8.923e-01  8.923e-01  8.923e-01  8.923e-01  8.923e-01  8.923e-01  8.923e-01  8.923e-01  8.923e-01  8.923e-01  8.923e-01  8.923e-01  8.923e-01  8.923e-01  8.923e-01  8.923e-01  8.923e-01  8.923e-01  8.923e-01  8.923e-01  8.923e-01  8.923e-01  8.923e-01  8.923e-01  8.923e-01  8.923e-01  8.923e-01  8.923e-01  8.923e-01  8.923e-01  8.923e-01  8.923e-01  8.923e-01  8.923e-01  8.923e-01  8.923e-01  8.923e-01  8.923e-01  8.923e-01  8.923e-01  8.923e-01  8.923e-01  8.923e-01  8.923e-01  8.923e-01 	
 8.804e-01  8.804e-01  8.804e-01  8.804e-01  8.804e-01  8.804e-01  8.804e-01  8.804e-01  8.804e-01  8.804e-01  8.804e-01  8.804e-01  8.804e-01  8.804e-01  8.804e-01  8.804e-01  8.804e-01  8.804e-01  8.804e-01  8.804e-01  8.804e-01  8.804e-01  8.804e-01  8.804e-01  8.804e-01  8.804e-01  8.804e-01  8.804e-01  8.804e-01  8.804e-01  8.804e-01  8.804e-01  8.804e-01  8.804e-01  8.804e-01  8.804e-01  8.804e-01  8.804e-01  8.804e-01  8.804e-01  8.804e-01  8.804e-01  8.804e-01  8.804e-01  8.804e-01  8.804e-01  8.804e-01  8.804e-01  8.804e-01  8.804e-01 	
 8.703e-01  8.703e-01  8.703e-01  8.703e-01  8.703e-01  8.703e-01  8.703e-01  8.703e-01  8.703e-01  8.703e-01  8.703e-01  8.703e-01  8.703e-01  8.703e-01  8.703e-01  8.703e-01  8.703e-01  8.703e-01  8.703e-01  8.703e-01  8.703e-01  8.703e-01  8.703e-01  8.703e-01  8.703e-01  8.703e-01  8.703e-01  8.703e-01  8.703e-01  8.703e-01  8.703e-01  8.703e-01  8.703e-01  8.703e-01  8.703e-01  8.703e-01  8.703e-01  8.703e-01  8.703e-01  8.703e-01  8.703e-01  8.703e-01  8.703e-01  8.703e-01  8.703e-01  8.703e-01  8.703e-01  8.703e-01  8.703e-01  8.703e-01 	
 8.520e-01  8.520e-01  8.520e-01  8.520e-01  8.520e-01  8.520e-01  8.520e-01  8.520e-01  8.520e-01  8.520e-01  8.520e-01  8.520e-01  8.520e-01  8.520e-01  8.520e-01  8.520e-01  8.520e-01  8.520e-01  8.520e-01  8.520e-01  8.520e-01  8.520e-01  8.520e-01  8.520e-01  8.520e-01  8.520e-01  8.520e-01  8.520e-01  8.520e-01  8.520e-01  8.520e-01  8.520e-01  8.520e-01  8.520e-01  8.520e-01  8.520e-01  8.520e-01  8.520e-01  8.520e-01  8.520e-01  8.520e-01  8.520e-01  8.520e-01  8.520e-01  8.520e-01  8.520e-01  8.520e-01  8.520e-01  8.520e-01  8.520e-01 	
