 9.916e-01  9.916e-01  9.916e-01  9.916e-01  9.916e-01  9.916e-01  9.916e-01  9.916e-01  9.916e-01  9.916e-01  9.916e-01  9.916e-01  9.916e-01  9.916e-01  9.916e-01  9.916e-01  9.916e-01  9.916e-01  9.916e-01  9.916e-01  9.916e-01  9.916e-01  9.916e-01  9.916e-01  9.916e-01  9.916e-01  9.916e-01  9.916e-01  9.916e-01  9.916e-01  9.916e-01  9.916e-01  9.916e-01  9.916e-01  9.916e-01  9.916e-01  9.916e-01  9.916e-01  9.916e-01  9.916e-01  9.916e-01  9.916e-01  9.916e-01  9.916e-01  9.916e-01  9.916e-01  9.916e-01  9.916e-01  9.916e-01  9.916e-01 	
 9.947e-01  9.947e-01  9.947e-01  9.947e-01  9.947e-01  9.947e-01  9.947e-01  9.947e-01  9.947e-01  9.947e-01  9.947e-01  9.947e-01  9.947e-01  9.947e-01  9.947e-01  9.947e-01  9.947e-01  9.947e-01  9.947e-01  9.947e-01  9.947e-01  9.947e-01  9.947e-01  9.947e-01  9.947e-01  9.947e-01  9.947e-01  9.947e-01  9.947e-01  9.947e-01  9.947e-01  9.947e-01  9.947e-01  9.947e-01  9.947e-01  9.947e-01  9.947e-01  9.947e-01  9.947e-01  9.947e-01  9.947e-01  9.947e-01  9.947e-01  9.947e-01  9.947e-01  9.947e-01  9.947e-01  9.947e-01  9.947e-01  9.947e-01 	
 9.910e-01  9.910e-01  9.910e-01  9.910e-01  9.910e-01  9.910e-01  9.910e-01  9.910e-01  9.910e-01  9.910e-01  9.910e-01  9.910e-01  9.910e-01  9.910e-01  9.910e-01  9.910e-01  9.910e-01  9.910e-01  9.910e-01  9.910e-01  9.910e-01  9.910e-01  9.910e-01  9.910e-01  9.910e-01  9.910e-01  9.910e-01  9.910e-01  9.910e-01  9.910e-01  9.910e-01  9.910e-01  9.910e-01  9.910e-01  9.910e-01  9.910e-01  9.910e-01  9.910e-01  9.910e-01  9.910e-01  9.910e-01  9.910e-01  9.910e-01  9.910e-01  9.910e-01  9.910e-01  9.910e-01  9.910e-01  9.910e-01  9.910e-01 	
 9.883e-01  9.883e-01  9.883e-01  9.883e-01  9.883e-01  9.883e-01  9.883e-01  9.883e-01  9.883e-01  9.883e-01  9.883e-01  9.883e-01  9.883e-01  9.883e-01  9.883e-01  9.883e-01  9.883e-01  9.883e-01  9.883e-01  9.883e-01  9.883e-01  9.883e-01  9.883e-01  9.883e-01  9.883e-01  9.883e-01  9.883e-01  9.883e-01  9.883e-01  9.883e-01  9.883e-01  9.883e-01  9.883e-01  9.883e-01  9.883e-01  9.883e-01  9.883e-01  9.883e-01  9.883e-01  9.883e-01  9.883e-01  9.883e-01  9.883e-01  9.883e-01  9.883e-01  9.883e-01  9.883e-01  9.883e-01  9.883e-01  9.883e-01 	
 9.844e-01  9.844e-01  9.844e-01  9.844e-01  9.844e-01  9.844e-01  9.844e-01  9.844e-01  9.844e-01  9.844e-01  9.844e-01  9.844e-01  9.844e-01  9.844e-01  9.844e-01  9.844e-01  9.844e-01  9.844e-01  9.844e-01  9.844e-01  9.844e-01  9.844e-01  9.844e-01  9.844e-01  9.844e-01  9.844e-01  9.844e-01  9.844e-01  9.844e-01  9.844e-01  9.844e-01  9.844e-01  9.844e-01  9.844e-01  9.844e-01  9.844e-01  9.844e-01  9.844e-01  9.844e-01  9.844e-01  9.844e-01  9.844e-01  9.844e-01  9.844e-01  9.844e-01  9.844e-01  9.844e-01  9.844e-01  9.844e-01  9.844e-01 	
 9.657e-01  9.657e-01  9.657e-01  9.657e-01  9.657e-01  9.657e-01  9.657e-01  9.657e-01  9.657e-01  9.657e-01  9.657e-01  9.657e-01  9.657e-01  9.657e-01  9.657e-01  9.657e-01  9.657e-01  9.657e-01  9.657e-01  9.657e-01  9.657e-01  9.657e-01  9.657e-01  9.657e-01  9.657e-01  9.657e-01  9.657e-01  9.657e-01  9.657e-01  9.657e-01  9.657e-01  9.657e-01  9.657e-01  9.657e-01  9.657e-01  9.657e-01  9.657e-01  9.657e-01  9.657e-01  9.657e-01  9.657e-01  9.657e-01  9.657e-01  9.657e-01  9.657e-01  9.657e-01  9.657e-01  9.657e-01  9.657e-01  9.657e-01 	
 9.553e-01  9.553e-01  9.553e-01  9.553e-01  9.553e-01  9.553e-01  9.553e-01  9.553e-01  9.553e-01  9.553e-01  9.553e-01  9.553e-01  9.553e-01  9.553e-01  9.553e-01  9.553e-01  9.553e-01  9.553e-01  9.553e-01  9.553e-01  9.553e-01  9.553e-01  9.553e-01  9.553e-01  9.553e-01  9.553e-01  9.553e-01  9.553e-01  9.553e-01  9.553e-01  9.553e-01  9.553e-01  9.553e-01  9.553e-01  9.553e-01  9.553e-01  9.553e-01  9.553e-01  9.553e-01  9.553e-01  9.553e-01  9.553e-01  9.553e-01  9.553e-01  9.553e-01  9.553e-01  9.553e-01  9.553e-01  9.553e-01  9.553e-01 	
 8.947e-01  8.947e-01  8.947e-01  8.947e-01  8.947e-01  8.947e-01  8.947e-01  8.947e-01  8.947e-01  8.947e-01  8.947e-01  8.947e-01  8.947e-01  8.947e-01  8.947e-01  8.947e-01  8.947e-01  8.947e-01  8.947e-01  8.947e-01  8.947e-01  8.947e-01  8.947e-01  8.947e-01  8.947e-01  8.947e-01  8.947e-01  8.947e-01  8.947e-01  8.947e-01  8.947e-01  8.947e-01  8.947e-01  8.947e-01  8.947e-01  8.947e-01  8.947e-01  8.947e-01  8.947e-01  8.947e-01  8.947e-01  8.947e-01  8.947e-01  8.947e-01  8.947e-01  8.947e-01  8.947e-01  8.947e-01  8.947e-01  8.947e-01 	
 9.066e-01  9.066e-01  9.066e-01  9.066e-01  9.066e-01  9.066e-01  9.066e-01  9.066e-01  9.066e-01  9.066e-01  9.066e-01  9.066e-01  9.066e-01  9.066e-01  9.066e-01  9.066e-01  9.066e-01  9.066e-01  9.066e-01  9.066e-01  9.066e-01  9.066e-01  9.066e-01  9.066e-01  9.066e-01  9.066e-01  9.066e-01  9.066e-01  9.066e-01  9.066e-01  9.066e-01  9.066e-01  9.066e-01  9.066e-01  9.066e-01  9.066e-01  9.066e-01  9.066e-01  9.066e-01  9.066e-01  9.066e-01  9.066e-01  9.066e-01  9.066e-01  9.066e-01  9.066e-01  9.066e-01  9.066e-01  9.066e-01  9.066e-01 	
 9.760e-01  9.760e-01  9.760e-01  9.760e-01  9.760e-01  9.760e-01  9.760e-01  9.760e-01  9.760e-01  9.760e-01  9.760e-01  9.760e-01  9.760e-01  9.760e-01  9.760e-01  9.760e-01  9.760e-01  9.760e-01  9.760e-01  9.760e-01  9.760e-01  9.760e-01  9.760e-01  9.760e-01  9.760e-01  9.760e-01  9.760e-01  9.760e-01  9.760e-01  9.760e-01  9.760e-01  9.760e-01  9.760e-01  9.760e-01  9.760e-01  9.760e-01  9.760e-01  9.760e-01  9.760e-01  9.760e-01  9.760e-01  9.760e-01  9.760e-01  9.760e-01  9.760e-01  9.760e-01  9.760e-01  9.760e-01  9.760e-01  9.760e-01 	
 9.528e-01  9.528e-01  9.528e-01  9.528e-01  9.528e-01  9.528e-01  9.528e-01  9.528e-01  9.528e-01  9.528e-01  9.528e-01  9.528e-01  9.528e-01  9.528e-01  9.528e-01  9.528e-01  9.528e-01  9.528e-01  9.528e-01  9.528e-01  9.528e-01  9.528e-01  9.528e-01  9.528e-01  9.528e-01  9.528e-01  9.528e-01  9.528e-01  9.528e-01  9.528e-01  9.528e-01  9.528e-01  9.528e-01  9.528e-01  9.528e-01  9.528e-01  9.528e-01  9.528e-01  9.528e-01  9.528e-01  9.528e-01  9.528e-01  9.528e-01  9.528e-01  9.528e-01  9.528e-01  9.528e-01  9.528e-01  9.528e-01  9.528e-01 	
 9.517e-01  9.517e-01  9.517e-01  9.517e-01  9.517e-01  9.517e-01  9.517e-01  9.517e-01  9.517e-01  9.517e-01  9.517e-01  9.517e-01  9.517e-01  9.517e-01  9.517e-01  9.517e-01  9.517e-01  9.517e-01  9.517e-01  9.517e-01  9.517e-01  9.517e-01  9.517e-01  9.517e-01  9.517e-01  9.517e-01  9.517e-01  9.517e-01  9.517e-01  9.517e-01  9.517e-01  9.517e-01  9.517e-01  9.517e-01  9.517e-01  9.517e-01  9.517e-01  9.517e-01  9.517e-01  9.517e-01  9.517e-01  9.517e-01  9.517e-01  9.517e-01  9.517e-01  9.517e-01  9.517e-01  9.517e-01  9.517e-01  9.517e-01 	
 9.519e-01  9.519e-01  9.519e-01  9.519e-01  9.519e-01  9.519e-01  9.519e-01  9.519e-01  9.519e-01  9.519e-01  9.519e-01  9.519e-01  9.519e-01  9.519e-01  9.519e-01  9.519e-01  9.519e-01  9.519e-01  9.519e-01  9.519e-01  9.519e-01  9.519e-01  9.519e-01  9.519e-01  9.519e-01  9.519e-01  9.519e-01  9.519e-01  9.519e-01  9.519e-01  9.519e-01  9.519e-01  9.519e-01  9.519e-01  9.519e-01  9.519e-01  9.519e-01  9.519e-01  9.519e-01  9.519e-01  9.519e-01  9.519e-01  9.519e-01  9.519e-01  9.519e-01  9.519e-01  9.519e-01  9.519e-01  9.519e-01  9.519e-01 	
 9.153e-01  9.153e-01  9.153e-01  9.153e-01  9.153e-01  9.153e-01  9.153e-01  9.153e-01  9.153e-01  9.153e-01  9.153e-01  9.153e-01  9.153e-01  9.153e-01  9.153e-01  9.153e-01  9.153e-01  9.153e-01  9.153e-01  9.153e-01  9.153e-01  9.153e-01  9.153e-01  9.153e-01  9.153e-01  9.153e-01  9.153e-01  9.153e-01  9.153e-01  9.153e-01  9.153e-01  9.153e-01  9.153e-01  9.153e-01  9.153e-01  9.153e-01  9.153e-01  9.153e-01  9.153e-01  9.153e-01  9.153e-01  9.153e-01  9.153e-01  9.153e-01  9.153e-01  9.153e-01  9.153e-01  9.153e-01  9.153e-01  9.153e-01 	
 9.531e-01  9.531e-01  9.531e-01  9.531e-01  9.531e-01  9.531e-01  9.531e-01  9.531e-01  9.531e-01  9.531e-01  9.531e-01  9.531e-01  9.531e-01  9.531e-01  9.531e-01  9.531e-01  9.531e-01  9.531e-01  9.531e-01  9.531e-01  9.531e-01  9.531e-01  9.531e-01  9.531e-01  9.531e-01  9.531e-01  9.531e-01  9.531e-01  9.531e-01  9.531e-01  9.531e-01  9.531e-01  9.531e-01  9.531e-01  9.531e-01  9.531e-01  9.531e-01  9.531e-01  9.531e-01  9.531e-01  9.531e-01  9.531e-01  9.531e-01  9.531e-01  9.531e-01  9.531e-01  9.531e-01  9.531e-01  9.531e-01  9.531e-01 	
 9.315e-01  9.315e-01  9.315e-01  9.315e-01  9.315e-01  9.315e-01  9.315e-01  9.315e-01  9.315e-01  9.315e-01  9.315e-01  9.315e-01  9.315e-01  9.315e-01  9.315e-01  9.315e-01  9.315e-01  9.315e-01  9.315e-01  9.315e-01  9.315e-01  9.315e-01  9.315e-01  9.315e-01  9.315e-01  9.315e-01  9.315e-01  9.315e-01  9.315e-01  9.315e-01  9.315e-01  9.315e-01  9.315e-01  9.315e-01  9.315e-01  9.315e-01  9.315e-01  9.315e-01  9.315e-01  9.315e-01  9.315e-01  9.315e-01  9.315e-01  9.315e-01  9.315e-01  9.315e-01  9.315e-01  9.315e-01  9.315e-01  9.315e-01 	
 9.110e-01  9.110e-01  9.110e-01  9.110e-01  9.110e-01  9.110e-01  9.110e-01  9.110e-01  9.110e-01  9.110e-01  9.110e-01  9.110e-01  9.110e-01  9.110e-01  9.110e-01  9.110e-01  9.110e-01  9.110e-01  9.110e-01  9.110e-01  9.110e-01  9.110e-01  9.110e-01  9.110e-01  9.110e-01  9.110e-01  9.110e-01  9.110e-01  9.110e-01  9.110e-01  9.110e-01  9.110e-01  9.110e-01  9.110e-01  9.110e-01  9.110e-01  9.110e-01  9.110e-01  9.110e-01  9.110e-01  9.110e-01  9.110e-01  9.110e-01  9.110e-01  9.110e-01  9.110e-01  9.110e-01  9.110e-01  9.110e-01  9.110e-01 	
 9.202e-01  9.202e-01  9.202e-01  9.202e-01  9.202e-01  9.202e-01  9.202e-01  9.202e-01  9.202e-01  9.202e-01  9.202e-01  9.202e-01  9.202e-01  9.202e-01  9.202e-01  9.202e-01  9.202e-01  9.202e-01  9.202e-01  9.202e-01  9.202e-01  9.202e-01  9.202e-01  9.202e-01  9.202e-01  9.202e-01  9.202e-01  9.202e-01  9.202e-01  9.202e-01  9.202e-01  9.202e-01  9.202e-01  9.202e-01  9.202e-01  9.202e-01  9.202e-01  9.202e-01  9.202e-01  9.202e-01  9.202e-01  9.202e-01  9.202e-01  9.202e-01  9.202e-01  9.202e-01  9.202e-01  9.202e-01  9.202e-01  9.202e-01 	
 9.103e-01  9.103e-01  9.103e-01  9.103e-01  9.103e-01  9.103e-01  9.103e-01  9.103e-01  9.103e-01  9.103e-01  9.103e-01  9.103e-01  9.103e-01  9.103e-01  9.103e-01  9.103e-01  9.103e-01  9.103e-01  9.103e-01  9.103e-01  9.103e-01  9.103e-01  9.103e-01  9.103e-01  9.103e-01  9.103e-01  9.103e-01  9.103e-01  9.103e-01  9.103e-01  9.103e-01  9.103e-01  9.103e-01  9.103e-01  9.103e-01  9.103e-01  9.103e-01  9.103e-01  9.103e-01  9.103e-01  9.103e-01  9.103e-01  9.103e-01  9.103e-01  9.103e-01  9.103e-01  9.103e-01  9.103e-01  9.103e-01  9.103e-01 	
 9.145e-01  9.145e-01  9.145e-01  9.145e-01  9.145e-01  9.145e-01  9.145e-01  9.145e-01  9.145e-01  9.145e-01  9.145e-01  9.145e-01  9.145e-01  9.145e-01  9.145e-01  9.145e-01  9.145e-01  9.145e-01  9.145e-01  9.145e-01  9.145e-01  9.145e-01  9.145e-01  9.145e-01  9.145e-01  9.145e-01  9.145e-01  9.145e-01  9.145e-01  9.145e-01  9.145e-01  9.145e-01  9.145e-01  9.145e-01  9.145e-01  9.145e-01  9.145e-01  9.145e-01  9.145e-01  9.145e-01  9.145e-01  9.145e-01  9.145e-01  9.145e-01  9.145e-01  9.145e-01  9.145e-01  9.145e-01  9.145e-01  9.145e-01 	
 8.682e-01  8.682e-01  8.682e-01  8.682e-01  8.682e-01  8.682e-01  8.682e-01  8.682e-01  8.682e-01  8.682e-01  8.682e-01  8.682e-01  8.682e-01  8.682e-01  8.682e-01  8.682e-01  8.682e-01  8.682e-01  8.682e-01  8.682e-01  8.682e-01  8.682e-01  8.682e-01  8.682e-01  8.682e-01  8.682e-01  8.682e-01  8.682e-01  8.682e-01  8.682e-01  8.682e-01  8.682e-01  8.682e-01  8.682e-01  8.682e-01  8.682e-01  8.682e-01  8.682e-01  8.682e-01  8.682e-01  8.682e-01  8.682e-01  8.682e-01  8.682e-01  8.682e-01  8.682e-01  8.682e-01  8.682e-01  8.682e-01  8.682e-01 	
 8.837e-01  8.837e-01  8.837e-01  8.837e-01  8.837e-01  8.837e-01  8.837e-01  8.837e-01  8.837e-01  8.837e-01  8.837e-01  8.837e-01  8.837e-01  8.837e-01  8.837e-01  8.837e-01  8.837e-01  8.837e-01  8.837e-01  8.837e-01  8.837e-01  8.837e-01  8.837e-01  8.837e-01  8.837e-01  8.837e-01  8.837e-01  8.837e-01  8.837e-01  8.837e-01  8.837e-01  8.837e-01  8.837e-01  8.837e-01  8.837e-01  8.837e-01  8.837e-01  8.837e-01  8.837e-01  8.837e-01  8.837e-01  8.837e-01  8.837e-01  8.837e-01  8.837e-01  8.837e-01  8.837e-01  8.837e-01  8.837e-01  8.837e-01 	
 8.715e-01  8.715e-01  8.715e-01  8.715e-01  8.715e-01  8.715e-01  8.715e-01  8.715e-01  8.715e-01  8.715e-01  8.715e-01  8.715e-01  8.715e-01  8.715e-01  8.715e-01  8.715e-01  8.715e-01  8.715e-01  8.715e-01  8.715e-01  8.715e-01  8.715e-01  8.715e-01  8.715e-01  8.715e-01  8.715e-01  8.715e-01  8.715e-01  8.715e-01  8.715e-01  8.715e-01  8.715e-01  8.715e-01  8.715e-01  8.715e-01  8.715e-01  8.715e-01  8.715e-01  8.715e-01  8.715e-01  8.715e-01  8.715e-01  8.715e-01  8.715e-01  8.715e-01  8.715e-01  8.715e-01  8.715e-01  8.715e-01  8.715e-01 	
 8.576e-01  8.576e-01  8.576e-01  8.576e-01  8.576e-01  8.576e-01  8.576e-01  8.576e-01  8.576e-01  8.576e-01  8.576e-01  8.576e-01  8.576e-01  8.576e-01  8.576e-01  8.576e-01  8.576e-01  8.576e-01  8.576e-01  8.576e-01  8.576e-01  8.576e-01  8.576e-01  8.576e-01  8.576e-01  8.576e-01  8.576e-01  8.576e-01  8.576e-01  8.576e-01  8.576e-01  8.576e-01  8.576e-01  8.576e-01  8.576e-01  8.576e-01  8.576e-01  8.576e-01  8.576e-01  8.576e-01  8.576e-01  8.576e-01  8.576e-01  8.576e-01  8.576e-01  8.576e-01  8.576e-01  8.576e-01  8.576e-01  8.576e-01 	
 8.422e-01  8.422e-01  8.422e-01  8.422e-01  8.422e-01  8.422e-01  8.422e-01  8.422e-01  8.422e-01  8.422e-01  8.422e-01  8.422e-01  8.422e-01  8.422e-01  8.422e-01  8.422e-01  8.422e-01  8.422e-01  8.422e-01  8.422e-01  8.422e-01  8.422e-01  8.422e-01  8.422e-01  8.422e-01  8.422e-01  8.422e-01  8.422e-01  8.422e-01  8.422e-01  8.422e-01  8.422e-01  8.422e-01  8.422e-01  8.422e-01  8.422e-01  8.422e-01  8.422e-01  8.422e-01  8.422e-01  8.422e-01  8.422e-01  8.422e-01  8.422e-01  8.422e-01  8.422e-01  8.422e-01  8.422e-01  8.422e-01  8.422e-01 	
 8.287e-01  8.287e-01  8.287e-01  8.287e-01  8.287e-01  8.287e-01  8.287e-01  8.287e-01  8.287e-01  8.287e-01  8.287e-01  8.287e-01  8.287e-01  8.287e-01  8.287e-01  8.287e-01  8.287e-01  8.287e-01  8.287e-01  8.287e-01  8.287e-01  8.287e-01  8.287e-01  8.287e-01  8.287e-01  8.287e-01  8.287e-01  8.287e-01  8.287e-01  8.287e-01  8.287e-01  8.287e-01  8.287e-01  8.287e-01  8.287e-01  8.287e-01  8.287e-01  8.287e-01  8.287e-01  8.287e-01  8.287e-01  8.287e-01  8.287e-01  8.287e-01  8.287e-01  8.287e-01  8.287e-01  8.287e-01  8.287e-01  8.287e-01 	
 7.992e-01  7.992e-01  7.992e-01  7.992e-01  7.992e-01  7.992e-01  7.992e-01  7.992e-01  7.992e-01  7.992e-01  7.992e-01  7.992e-01  7.992e-01  7.992e-01  7.992e-01  7.992e-01  7.992e-01  7.992e-01  7.992e-01  7.992e-01  7.992e-01  7.992e-01  7.992e-01  7.992e-01  7.992e-01  7.992e-01  7.992e-01  7.992e-01  7.992e-01  7.992e-01  7.992e-01  7.992e-01  7.992e-01  7.992e-01  7.992e-01  7.992e-01  7.992e-01  7.992e-01  7.992e-01  7.992e-01  7.992e-01  7.992e-01  7.992e-01  7.992e-01  7.992e-01  7.992e-01  7.992e-01  7.992e-01  7.992e-01  7.992e-01 	
 7.958e-01  7.958e-01  7.958e-01  7.958e-01  7.958e-01  7.958e-01  7.958e-01  7.958e-01  7.958e-01  7.958e-01  7.958e-01  7.958e-01  7.958e-01  7.958e-01  7.958e-01  7.958e-01  7.958e-01  7.958e-01  7.958e-01  7.958e-01  7.958e-01  7.958e-01  7.958e-01  7.958e-01  7.958e-01  7.958e-01  7.958e-01  7.958e-01  7.958e-01  7.958e-01  7.958e-01  7.958e-01  7.958e-01  7.958e-01  7.958e-01  7.958e-01  7.958e-01  7.958e-01  7.958e-01  7.958e-01  7.958e-01  7.958e-01  7.958e-01  7.958e-01  7.958e-01  7.958e-01  7.958e-01  7.958e-01  7.958e-01  7.958e-01 	
 7.740e-01  7.740e-01  7.740e-01  7.740e-01  7.740e-01  7.740e-01  7.740e-01  7.740e-01  7.740e-01  7.740e-01  7.740e-01  7.740e-01  7.740e-01  7.740e-01  7.740e-01  7.740e-01  7.740e-01  7.740e-01  7.740e-01  7.740e-01  7.740e-01  7.740e-01  7.740e-01  7.740e-01  7.740e-01  7.740e-01  7.740e-01  7.740e-01  7.740e-01  7.740e-01  7.740e-01  7.740e-01  7.740e-01  7.740e-01  7.740e-01  7.740e-01  7.740e-01  7.740e-01  7.740e-01  7.740e-01  7.740e-01  7.740e-01  7.740e-01  7.740e-01  7.740e-01  7.740e-01  7.740e-01  7.740e-01  7.740e-01  7.740e-01 	
 7.576e-01  7.576e-01  7.576e-01  7.576e-01  7.576e-01  7.576e-01  7.576e-01  7.576e-01  7.576e-01  7.576e-01  7.576e-01  7.576e-01  7.576e-01  7.576e-01  7.576e-01  7.576e-01  7.576e-01  7.576e-01  7.576e-01  7.576e-01  7.576e-01  7.576e-01  7.576e-01  7.576e-01  7.576e-01  7.576e-01  7.576e-01  7.576e-01  7.576e-01  7.576e-01  7.576e-01  7.576e-01  7.576e-01  7.576e-01  7.576e-01  7.576e-01  7.576e-01  7.576e-01  7.576e-01  7.576e-01  7.576e-01  7.576e-01  7.576e-01  7.576e-01  7.576e-01  7.576e-01  7.576e-01  7.576e-01  7.576e-01  7.576e-01 	
 7.339e-01  7.339e-01  7.339e-01  7.339e-01  7.339e-01  7.339e-01  7.339e-01  7.339e-01  7.339e-01  7.339e-01  7.339e-01  7.339e-01  7.339e-01  7.339e-01  7.339e-01  7.339e-01  7.339e-01  7.339e-01  7.339e-01  7.339e-01  7.339e-01  7.339e-01  7.339e-01  7.339e-01  7.339e-01  7.339e-01  7.339e-01  7.339e-01  7.339e-01  7.339e-01  7.339e-01  7.339e-01  7.339e-01  7.339e-01  7.339e-01  7.339e-01  7.339e-01  7.339e-01  7.339e-01  7.339e-01  7.339e-01  7.339e-01  7.339e-01  7.339e-01  7.339e-01  7.339e-01  7.339e-01  7.339e-01  7.339e-01  7.339e-01 	
 7.235e-01  7.235e-01  7.235e-01  7.235e-01  7.235e-01  7.235e-01  7.235e-01  7.235e-01  7.235e-01  7.235e-01  7.235e-01  7.235e-01  7.235e-01  7.235e-01  7.235e-01  7.235e-01  7.235e-01  7.235e-01  7.235e-01  7.235e-01  7.235e-01  7.235e-01  7.235e-01  7.235e-01  7.235e-01  7.235e-01  7.235e-01  7.235e-01  7.235e-01  7.235e-01  7.235e-01  7.235e-01  7.235e-01  7.235e-01  7.235e-01  7.235e-01  7.235e-01  7.235e-01  7.235e-01  7.235e-01  7.235e-01  7.235e-01  7.235e-01  7.235e-01  7.235e-01  7.235e-01  7.235e-01  7.235e-01  7.235e-01  7.235e-01 	
 7.010e-01  7.010e-01  7.010e-01  7.010e-01  7.010e-01  7.010e-01  7.010e-01  7.010e-01  7.010e-01  7.010e-01  7.010e-01  7.010e-01  7.010e-01  7.010e-01  7.010e-01  7.010e-01  7.010e-01  7.010e-01  7.010e-01  7.010e-01  7.010e-01  7.010e-01  7.010e-01  7.010e-01  7.010e-01  7.010e-01  7.010e-01  7.010e-01  7.010e-01  7.010e-01  7.010e-01  7.010e-01  7.010e-01  7.010e-01  7.010e-01  7.010e-01  7.010e-01  7.010e-01  7.010e-01  7.010e-01  7.010e-01  7.010e-01  7.010e-01  7.010e-01  7.010e-01  7.010e-01  7.010e-01  7.010e-01  7.010e-01  7.010e-01 	
 6.840e-01  6.840e-01  6.840e-01  6.840e-01  6.840e-01  6.840e-01  6.840e-01  6.840e-01  6.840e-01  6.840e-01  6.840e-01  6.840e-01  6.840e-01  6.840e-01  6.840e-01  6.840e-01  6.840e-01  6.840e-01  6.840e-01  6.840e-01  6.840e-01  6.840e-01  6.840e-01  6.840e-01  6.840e-01  6.840e-01  6.840e-01  6.840e-01  6.840e-01  6.840e-01  6.840e-01  6.840e-01  6.840e-01  6.840e-01  6.840e-01  6.840e-01  6.840e-01  6.840e-01  6.840e-01  6.840e-01  6.840e-01  6.840e-01  6.840e-01  6.840e-01  6.840e-01  6.840e-01  6.840e-01  6.840e-01  6.840e-01  6.840e-01 	
 6.693e-01  6.693e-01  6.693e-01  6.693e-01  6.693e-01  6.693e-01  6.693e-01  6.693e-01  6.693e-01  6.693e-01  6.693e-01  6.693e-01  6.693e-01  6.693e-01  6.693e-01  6.693e-01  6.693e-01  6.693e-01  6.693e-01  6.693e-01  6.693e-01  6.693e-01  6.693e-01  6.693e-01  6.693e-01  6.693e-01  6.693e-01  6.693e-01  6.693e-01  6.693e-01  6.693e-01  6.693e-01  6.693e-01  6.693e-01  6.693e-01  6.693e-01  6.693e-01  6.693e-01  6.693e-01  6.693e-01  6.693e-01  6.693e-01  6.693e-01  6.693e-01  6.693e-01  6.693e-01  6.693e-01  6.693e-01  6.693e-01  6.693e-01 	
 6.545e-01  6.545e-01  6.545e-01  6.545e-01  6.545e-01  6.545e-01  6.545e-01  6.545e-01  6.545e-01  6.545e-01  6.545e-01  6.545e-01  6.545e-01  6.545e-01  6.545e-01  6.545e-01  6.545e-01  6.545e-01  6.545e-01  6.545e-01  6.545e-01  6.545e-01  6.545e-01  6.545e-01  6.545e-01  6.545e-01  6.545e-01  6.545e-01  6.545e-01  6.545e-01  6.545e-01  6.545e-01  6.545e-01  6.545e-01  6.545e-01  6.545e-01  6.545e-01  6.545e-01  6.545e-01  6.545e-01  6.545e-01  6.545e-01  6.545e-01  6.545e-01  6.545e-01  6.545e-01  6.545e-01  6.545e-01  6.545e-01  6.545e-01 	
 6.417e-01  6.417e-01  6.417e-01  6.417e-01  6.417e-01  6.417e-01  6.417e-01  6.417e-01  6.417e-01  6.417e-01  6.417e-01  6.417e-01  6.417e-01  6.417e-01  6.417e-01  6.417e-01  6.417e-01  6.417e-01  6.417e-01  6.417e-01  6.417e-01  6.417e-01  6.417e-01  6.417e-01  6.417e-01  6.417e-01  6.417e-01  6.417e-01  6.417e-01  6.417e-01  6.417e-01  6.417e-01  6.417e-01  6.417e-01  6.417e-01  6.417e-01  6.417e-01  6.417e-01  6.417e-01  6.417e-01  6.417e-01  6.417e-01  6.417e-01  6.417e-01  6.417e-01  6.417e-01  6.417e-01  6.417e-01  6.417e-01  6.417e-01 	
 6.307e-01  6.307e-01  6.307e-01  6.307e-01  6.307e-01  6.307e-01  6.307e-01  6.307e-01  6.307e-01  6.307e-01  6.307e-01  6.307e-01  6.307e-01  6.307e-01  6.307e-01  6.307e-01  6.307e-01  6.307e-01  6.307e-01  6.307e-01  6.307e-01  6.307e-01  6.307e-01  6.307e-01  6.307e-01  6.307e-01  6.307e-01  6.307e-01  6.307e-01  6.307e-01  6.307e-01  6.307e-01  6.307e-01  6.307e-01  6.307e-01  6.307e-01  6.307e-01  6.307e-01  6.307e-01  6.307e-01  6.307e-01  6.307e-01  6.307e-01  6.307e-01  6.307e-01  6.307e-01  6.307e-01  6.307e-01  6.307e-01  6.307e-01 	
 6.218e-01  6.218e-01  6.218e-01  6.218e-01  6.218e-01  6.218e-01  6.218e-01  6.218e-01  6.218e-01  6.218e-01  6.218e-01  6.218e-01  6.218e-01  6.218e-01  6.218e-01  6.218e-01  6.218e-01  6.218e-01  6.218e-01  6.218e-01  6.218e-01  6.218e-01  6.218e-01  6.218e-01  6.218e-01  6.218e-01  6.218e-01  6.218e-01  6.218e-01  6.218e-01  6.218e-01  6.218e-01  6.218e-01  6.218e-01  6.218e-01  6.218e-01  6.218e-01  6.218e-01  6.218e-01  6.218e-01  6.218e-01  6.218e-01  6.218e-01  6.218e-01  6.218e-01  6.218e-01  6.218e-01  6.218e-01  6.218e-01  6.218e-01 	
 6.158e-01  6.158e-01  6.158e-01  6.158e-01  6.158e-01  6.158e-01  6.158e-01  6.158e-01  6.158e-01  6.158e-01  6.158e-01  6.158e-01  6.158e-01  6.158e-01  6.158e-01  6.158e-01  6.158e-01  6.158e-01  6.158e-01  6.158e-01  6.158e-01  6.158e-01  6.158e-01  6.158e-01  6.158e-01  6.158e-01  6.158e-01  6.158e-01  6.158e-01  6.158e-01  6.158e-01  6.158e-01  6.158e-01  6.158e-01  6.158e-01  6.158e-01  6.158e-01  6.158e-01  6.158e-01  6.158e-01  6.158e-01  6.158e-01  6.158e-01  6.158e-01  6.158e-01  6.158e-01  6.158e-01  6.158e-01  6.158e-01  6.158e-01 	
 6.108e-01  6.108e-01  6.108e-01  6.108e-01  6.108e-01  6.108e-01  6.108e-01  6.108e-01  6.108e-01  6.108e-01  6.108e-01  6.108e-01  6.108e-01  6.108e-01  6.108e-01  6.108e-01  6.108e-01  6.108e-01  6.108e-01  6.108e-01  6.108e-01  6.108e-01  6.108e-01  6.108e-01  6.108e-01  6.108e-01  6.108e-01  6.108e-01  6.108e-01  6.108e-01  6.108e-01  6.108e-01  6.108e-01  6.108e-01  6.108e-01  6.108e-01  6.108e-01  6.108e-01  6.108e-01  6.108e-01  6.108e-01  6.108e-01  6.108e-01  6.108e-01  6.108e-01  6.108e-01  6.108e-01  6.108e-01  6.108e-01  6.108e-01 	
 6.073e-01  6.073e-01  6.073e-01  6.073e-01  6.073e-01  6.073e-01  6.073e-01  6.073e-01  6.073e-01  6.073e-01  6.073e-01  6.073e-01  6.073e-01  6.073e-01  6.073e-01  6.073e-01  6.073e-01  6.073e-01  6.073e-01  6.073e-01  6.073e-01  6.073e-01  6.073e-01  6.073e-01  6.073e-01  6.073e-01  6.073e-01  6.073e-01  6.073e-01  6.073e-01  6.073e-01  6.073e-01  6.073e-01  6.073e-01  6.073e-01  6.073e-01  6.073e-01  6.073e-01  6.073e-01  6.073e-01  6.073e-01  6.073e-01  6.073e-01  6.073e-01  6.073e-01  6.073e-01  6.073e-01  6.073e-01  6.073e-01  6.073e-01 	
 6.054e-01  6.054e-01  6.054e-01  6.054e-01  6.054e-01  6.054e-01  6.054e-01  6.054e-01  6.054e-01  6.054e-01  6.054e-01  6.054e-01  6.054e-01  6.054e-01  6.054e-01  6.054e-01  6.054e-01  6.054e-01  6.054e-01  6.054e-01  6.054e-01  6.054e-01  6.054e-01  6.054e-01  6.054e-01  6.054e-01  6.054e-01  6.054e-01  6.054e-01  6.054e-01  6.054e-01  6.054e-01  6.054e-01  6.054e-01  6.054e-01  6.054e-01  6.054e-01  6.054e-01  6.054e-01  6.054e-01  6.054e-01  6.054e-01  6.054e-01  6.054e-01  6.054e-01  6.054e-01  6.054e-01  6.054e-01  6.054e-01  6.054e-01 	
 6.041e-01  6.041e-01  6.041e-01  6.041e-01  6.041e-01  6.041e-01  6.041e-01  6.041e-01  6.041e-01  6.041e-01  6.041e-01  6.041e-01  6.041e-01  6.041e-01  6.041e-01  6.041e-01  6.041e-01  6.041e-01  6.041e-01  6.041e-01  6.041e-01  6.041e-01  6.041e-01  6.041e-01  6.041e-01  6.041e-01  6.041e-01  6.041e-01  6.041e-01  6.041e-01  6.041e-01  6.041e-01  6.041e-01  6.041e-01  6.041e-01  6.041e-01  6.041e-01  6.041e-01  6.041e-01  6.041e-01  6.041e-01  6.041e-01  6.041e-01  6.041e-01  6.041e-01  6.041e-01  6.041e-01  6.041e-01  6.041e-01  6.041e-01 	
 6.036e-01  6.036e-01  6.036e-01  6.036e-01  6.036e-01  6.036e-01  6.036e-01  6.036e-01  6.036e-01  6.036e-01  6.036e-01  6.036e-01  6.036e-01  6.036e-01  6.036e-01  6.036e-01  6.036e-01  6.036e-01  6.036e-01  6.036e-01  6.036e-01  6.036e-01  6.036e-01  6.036e-01  6.036e-01  6.036e-01  6.036e-01  6.036e-01  6.036e-01  6.036e-01  6.036e-01  6.036e-01  6.036e-01  6.036e-01  6.036e-01  6.036e-01  6.036e-01  6.036e-01  6.036e-01  6.036e-01  6.036e-01  6.036e-01  6.036e-01  6.036e-01  6.036e-01  6.036e-01  6.036e-01  6.036e-01  6.036e-01  6.036e-01 	
 6.034e-01  6.034e-01  6.034e-01  6.034e-01  6.034e-01  6.034e-01  6.034e-01  6.034e-01  6.034e-01  6.034e-01  6.034e-01  6.034e-01  6.034e-01  6.034e-01  6.034e-01  6.034e-01  6.034e-01  6.034e-01  6.034e-01  6.034e-01  6.034e-01  6.034e-01  6.034e-01  6.034e-01  6.034e-01  6.034e-01  6.034e-01  6.034e-01  6.034e-01  6.034e-01  6.034e-01  6.034e-01  6.034e-01  6.034e-01  6.034e-01  6.034e-01  6.034e-01  6.034e-01  6.034e-01  6.034e-01  6.034e-01  6.034e-01  6.034e-01  6.034e-01  6.034e-01  6.034e-01  6.034e-01  6.034e-01  6.034e-01  6.034e-01 	
 6.033e-01  6.033e-01  6.033e-01  6.033e-01  6.033e-01  6.033e-01  6.033e-01  6.033e-01  6.033e-01  6.033e-01  6.033e-01  6.033e-01  6.033e-01  6.033e-01  6.033e-01  6.033e-01  6.033e-01  6.033e-01  6.033e-01  6.033e-01  6.033e-01  6.033e-01  6.033e-01  6.033e-01  6.033e-01  6.033e-01  6.033e-01  6.033e-01  6.033e-01  6.033e-01  6.033e-01  6.033e-01  6.033e-01  6.033e-01  6.033e-01  6.033e-01  6.033e-01  6.033e-01  6.033e-01  6.033e-01  6.033e-01  6.033e-01  6.033e-01  6.033e-01  6.033e-01  6.033e-01  6.033e-01  6.033e-01  6.033e-01  6.033e-01 	
 6.033e-01  6.033e-01  6.033e-01  6.033e-01  6.033e-01  6.033e-01  6.033e-01  6.033e-01  6.033e-01  6.033e-01  6.033e-01  6.033e-01  6.033e-01  6.033e-01  6.033e-01  6.033e-01  6.033e-01  6.033e-01  6.033e-01  6.033e-01  6.033e-01  6.033e-01  6.033e-01  6.033e-01  6.033e-01  6.033e-01  6.033e-01  6.033e-01  6.033e-01  6.033e-01  6.033e-01  6.033e-01  6.033e-01  6.033e-01  6.033e-01  6.033e-01  6.033e-01  6.033e-01  6.033e-01  6.033e-01  6.033e-01  6.033e-01  6.033e-01  6.033e-01  6.033e-01  6.033e-01  6.033e-01  6.033e-01  6.033e-01  6.033e-01 	
 6.034e-01  6.034e-01  6.034e-01  6.034e-01  6.034e-01  6.034e-01  6.034e-01  6.034e-01  6.034e-01  6.034e-01  6.034e-01  6.034e-01  6.034e-01  6.034e-01  6.034e-01  6.034e-01  6.034e-01  6.034e-01  6.034e-01  6.034e-01  6.034e-01  6.034e-01  6.034e-01  6.034e-01  6.034e-01  6.034e-01  6.034e-01  6.034e-01  6.034e-01  6.034e-01  6.034e-01  6.034e-01  6.034e-01  6.034e-01  6.034e-01  6.034e-01  6.034e-01  6.034e-01  6.034e-01  6.034e-01  6.034e-01  6.034e-01  6.034e-01  6.034e-01  6.034e-01  6.034e-01  6.034e-01  6.034e-01  6.034e-01  6.034e-01 	
 6.034e-01  6.034e-01  6.034e-01  6.034e-01  6.034e-01  6.034e-01  6.034e-01  6.034e-01  6.034e-01  6.034e-01  6.034e-01  6.034e-01  6.034e-01  6.034e-01  6.034e-01  6.034e-01  6.034e-01  6.034e-01  6.034e-01  6.034e-01  6.034e-01  6.034e-01  6.034e-01  6.034e-01  6.034e-01  6.034e-01  6.034e-01  6.034e-01  6.034e-01  6.034e-01  6.034e-01  6.034e-01  6.034e-01  6.034e-01  6.034e-01  6.034e-01  6.034e-01  6.034e-01  6.034e-01  6.034e-01  6.034e-01  6.034e-01  6.034e-01  6.034e-01  6.034e-01  6.034e-01  6.034e-01  6.034e-01  6.034e-01  6.034e-01 	
