 2.789e-04  3.918e-04  5.220e-04  6.670e-04  8.238e-04  9.898e-04  1.162e-03  1.340e-03  1.519e-03  1.700e-03  1.881e-03  2.061e-03  2.239e-03  2.413e-03  2.585e-03  2.753e-03  2.918e-03  3.078e-03  3.234e-03  3.386e-03  3.534e-03  3.677e-03  3.817e-03  3.952e-03  4.083e-03  4.210e-03  4.333e-03  4.453e-03  4.568e-03  4.681e-03  4.789e-03  4.895e-03  4.997e-03  5.097e-03  5.193e-03  5.286e-03  5.377e-03  5.465e-03  5.550e-03  5.633e-03  5.713e-03  5.791e-03  5.867e-03  5.941e-03  6.013e-03  6.082e-03  6.150e-03  6.216e-03  6.280e-03  6.343e-03 	
 3.742e-04  5.171e-04  6.790e-04  8.561e-04  1.045e-03  1.242e-03  1.445e-03  1.651e-03  1.858e-03  2.064e-03  2.269e-03  2.470e-03  2.669e-03  2.863e-03  3.052e-03  3.236e-03  3.416e-03  3.590e-03  3.759e-03  3.923e-03  4.081e-03  4.235e-03  4.384e-03  4.527e-03  4.666e-03  4.801e-03  4.931e-03  5.056e-03  5.178e-03  5.296e-03  5.409e-03  5.520e-03  5.626e-03  5.729e-03  5.829e-03  5.926e-03  6.020e-03  6.110e-03  6.198e-03  6.284e-03  6.366e-03  6.447e-03  6.524e-03  6.600e-03  6.673e-03  6.745e-03  6.814e-03  6.881e-03  6.947e-03  7.010e-03 	
 4.963e-04  6.745e-04  8.728e-04  1.086e-03  1.311e-03  1.542e-03  1.777e-03  2.014e-03  2.249e-03  2.482e-03  2.711e-03  2.936e-03  3.155e-03  3.368e-03  3.575e-03  3.775e-03  3.969e-03  4.157e-03  4.338e-03  4.514e-03  4.683e-03  4.846e-03  5.003e-03  5.155e-03  5.301e-03  5.442e-03  5.578e-03  5.710e-03  5.837e-03  5.959e-03  6.077e-03  6.191e-03  6.302e-03  6.408e-03  6.511e-03  6.611e-03  6.707e-03  6.801e-03  6.891e-03  6.978e-03  7.063e-03  7.145e-03  7.224e-03  7.302e-03  7.376e-03  7.449e-03  7.520e-03  7.588e-03  7.655e-03  7.719e-03 	
 6.504e-04  8.698e-04  1.109e-03  1.364e-03  1.627e-03  1.895e-03  2.165e-03  2.433e-03  2.699e-03  2.959e-03  3.213e-03  3.460e-03  3.700e-03  3.931e-03  4.156e-03  4.372e-03  4.580e-03  4.781e-03  4.974e-03  5.160e-03  5.339e-03  5.510e-03  5.676e-03  5.835e-03  5.988e-03  6.135e-03  6.277e-03  6.413e-03  6.545e-03  6.672e-03  6.794e-03  6.911e-03  7.025e-03  7.134e-03  7.240e-03  7.342e-03  7.441e-03  7.536e-03  7.628e-03  7.718e-03  7.804e-03  7.888e-03  7.969e-03  8.047e-03  8.124e-03  8.198e-03  8.269e-03  8.339e-03  8.407e-03  8.473e-03 	
 8.429e-04  1.109e-03  1.395e-03  1.694e-03  1.999e-03  2.307e-03  2.613e-03  2.914e-03  3.210e-03  3.497e-03  3.776e-03  4.046e-03  4.306e-03  4.556e-03  4.797e-03  5.028e-03  5.250e-03  5.463e-03  5.667e-03  5.863e-03  6.050e-03  6.230e-03  6.403e-03  6.569e-03  6.728e-03  6.880e-03  7.027e-03  7.168e-03  7.303e-03  7.434e-03  7.559e-03  7.680e-03  7.796e-03  7.908e-03  8.016e-03  8.121e-03  8.222e-03  8.319e-03  8.413e-03  8.505e-03  8.593e-03  8.679e-03  8.762e-03  8.842e-03  8.921e-03  8.997e-03  9.071e-03  9.143e-03  9.213e-03  9.282e-03 	
 1.081e-03  1.399e-03  1.736e-03  2.083e-03  2.433e-03  2.782e-03  3.125e-03  3.461e-03  3.787e-03  4.102e-03  4.405e-03  4.697e-03  4.977e-03  5.245e-03  5.501e-03  5.746e-03  5.981e-03  6.205e-03  6.419e-03  6.624e-03  6.819e-03  7.007e-03  7.186e-03  7.357e-03  7.522e-03  7.679e-03  7.830e-03  7.975e-03  8.114e-03  8.248e-03  8.376e-03  8.500e-03  8.620e-03  8.735e-03  8.846e-03  8.953e-03  9.056e-03  9.157e-03  9.254e-03  9.348e-03  9.440e-03  9.529e-03  9.616e-03  9.701e-03  9.783e-03  9.864e-03  9.943e-03  1.002e-02  1.010e-02  1.017e-02 	
 1.371e-03  1.748e-03  2.141e-03  2.539e-03  2.936e-03  3.327e-03  3.708e-03  4.078e-03  4.434e-03  4.776e-03  5.103e-03  5.416e-03  5.715e-03  5.999e-03  6.270e-03  6.529e-03  6.775e-03  7.009e-03  7.232e-03  7.445e-03  7.648e-03  7.842e-03  8.027e-03  8.204e-03  8.373e-03  8.535e-03  8.691e-03  8.840e-03  8.983e-03  9.121e-03  9.254e-03  9.382e-03  9.505e-03  9.625e-03  9.740e-03  9.853e-03  9.962e-03  1.007e-02  1.017e-02  1.027e-02  1.037e-02  1.047e-02  1.056e-02  1.066e-02  1.075e-02  1.084e-02  1.093e-02  1.102e-02  1.111e-02  1.120e-02 	
 1.724e-03  2.165e-03  2.616e-03  3.068e-03  3.513e-03  3.948e-03  4.367e-03  4.771e-03  5.157e-03  5.525e-03  5.875e-03  6.208e-03  6.524e-03  6.824e-03  7.109e-03  7.379e-03  7.636e-03  7.880e-03  8.111e-03  8.332e-03  8.542e-03  8.743e-03  8.934e-03  9.117e-03  9.292e-03  9.460e-03  9.621e-03  9.777e-03  9.927e-03  1.007e-02  1.021e-02  1.035e-02  1.048e-02  1.061e-02  1.073e-02  1.086e-02  1.098e-02  1.110e-02  1.121e-02  1.133e-02  1.145e-02  1.156e-02  1.167e-02  1.179e-02  1.190e-02  1.202e-02  1.213e-02  1.225e-02  1.236e-02  1.248e-02 	
 2.149e-03  2.658e-03  3.172e-03  3.680e-03  4.175e-03  4.653e-03  5.110e-03  5.547e-03  5.961e-03  6.354e-03  6.726e-03  7.078e-03  7.411e-03  7.726e-03  8.023e-03  8.305e-03  8.572e-03  8.825e-03  9.066e-03  9.296e-03  9.514e-03  9.723e-03  9.923e-03  1.012e-02  1.030e-02  1.048e-02  1.065e-02  1.082e-02  1.098e-02  1.114e-02  1.130e-02  1.145e-02  1.160e-02  1.175e-02  1.190e-02  1.205e-02  1.219e-02  1.234e-02  1.249e-02  1.264e-02  1.279e-02  1.294e-02  1.310e-02  1.325e-02  1.341e-02  1.357e-02  1.373e-02  1.390e-02  1.407e-02  1.425e-02 	
 2.659e-03  3.242e-03  3.821e-03  4.386e-03  4.931e-03  5.452e-03  5.947e-03  6.415e-03  6.858e-03  7.275e-03  7.667e-03  8.038e-03  8.386e-03  8.716e-03  9.027e-03  9.321e-03  9.600e-03  9.866e-03  1.012e-02  1.036e-02  1.059e-02  1.082e-02  1.103e-02  1.124e-02  1.145e-02  1.165e-02  1.185e-02  1.204e-02  1.223e-02  1.242e-02  1.261e-02  1.281e-02  1.300e-02  1.319e-02  1.339e-02  1.359e-02  1.379e-02  1.400e-02  1.421e-02  1.443e-02  1.465e-02  1.487e-02  1.511e-02  1.534e-02  1.559e-02  1.584e-02  1.610e-02  1.637e-02  1.664e-02  1.692e-02 	
 3.271e-03  3.930e-03  4.576e-03  5.200e-03  5.795e-03  6.359e-03  6.891e-03  7.391e-03  7.861e-03  8.301e-03  8.716e-03  9.105e-03  9.472e-03  9.819e-03  1.015e-02  1.046e-02  1.076e-02  1.104e-02  1.132e-02  1.159e-02  1.185e-02  1.210e-02  1.235e-02  1.260e-02  1.285e-02  1.310e-02  1.335e-02  1.360e-02  1.385e-02  1.411e-02  1.438e-02  1.465e-02  1.493e-02  1.521e-02  1.550e-02  1.581e-02  1.612e-02  1.644e-02  1.677e-02  1.712e-02  1.747e-02  1.784e-02  1.822e-02  1.861e-02  1.902e-02  1.944e-02  1.987e-02  2.032e-02  2.078e-02  2.126e-02 	
 4.004e-03  4.744e-03  5.461e-03  6.144e-03  6.790e-03  7.397e-03  7.967e-03  8.500e-03  8.999e-03  9.467e-03  9.907e-03  1.032e-02  1.072e-02  1.109e-02  1.145e-02  1.180e-02  1.214e-02  1.247e-02  1.279e-02  1.312e-02  1.344e-02  1.376e-02  1.409e-02  1.442e-02  1.476e-02  1.511e-02  1.547e-02  1.584e-02  1.622e-02  1.662e-02  1.703e-02  1.746e-02  1.790e-02  1.836e-02  1.884e-02  1.934e-02  1.985e-02  2.039e-02  2.095e-02  2.153e-02  2.213e-02  2.276e-02  2.340e-02  2.407e-02  2.477e-02  2.549e-02  2.623e-02  2.700e-02  2.780e-02  2.862e-02 	
 4.887e-03  5.713e-03  6.502e-03  7.248e-03  7.947e-03  8.601e-03  9.212e-03  9.784e-03  1.032e-02  1.083e-02  1.131e-02  1.177e-02  1.221e-02  1.265e-02  1.307e-02  1.349e-02  1.391e-02  1.433e-02  1.476e-02  1.520e-02  1.565e-02  1.612e-02  1.660e-02  1.711e-02  1.763e-02  1.818e-02  1.875e-02  1.934e-02  1.997e-02  2.062e-02  2.131e-02  2.202e-02  2.277e-02  2.355e-02  2.436e-02  2.521e-02  2.609e-02  2.702e-02  2.797e-02  2.897e-02  3.000e-02  3.108e-02  3.219e-02  3.335e-02  3.454e-02  3.578e-02  3.705e-02  3.838e-02  3.974e-02  4.114e-02 	
 5.959e-03  6.877e-03  7.745e-03  8.558e-03  9.318e-03  1.003e-02  1.070e-02  1.133e-02  1.192e-02  1.250e-02  1.306e-02  1.361e-02  1.415e-02  1.470e-02  1.526e-02  1.583e-02  1.642e-02  1.703e-02  1.767e-02  1.834e-02  1.904e-02  1.978e-02  2.056e-02  2.138e-02  2.225e-02  2.316e-02  2.412e-02  2.512e-02  2.618e-02  2.729e-02  2.846e-02  2.968e-02  3.096e-02  3.229e-02  3.369e-02  3.514e-02  3.665e-02  3.823e-02  3.987e-02  4.157e-02  4.333e-02  4.517e-02  4.706e-02  4.903e-02  5.106e-02  5.315e-02  5.532e-02  5.755e-02  5.986e-02  6.223e-02 	
 7.275e-03  8.296e-03  9.256e-03  1.015e-02  1.100e-02  1.179e-02  1.255e-02  1.328e-02  1.400e-02  1.471e-02  1.543e-02  1.617e-02  1.692e-02  1.771e-02  1.854e-02  1.941e-02  2.033e-02  2.131e-02  2.235e-02  2.345e-02  2.462e-02  2.587e-02  2.718e-02  2.857e-02  3.004e-02  3.160e-02  3.323e-02  3.495e-02  3.676e-02  3.866e-02  4.065e-02  4.273e-02  4.491e-02  4.718e-02  4.954e-02  5.201e-02  5.457e-02  5.723e-02  5.999e-02  6.286e-02  6.582e-02  6.889e-02  7.205e-02  7.533e-02  7.870e-02  8.218e-02  8.575e-02  8.943e-02  9.321e-02  9.709e-02 	
 8.916e-03  1.007e-02  1.115e-02  1.217e-02  1.315e-02  1.409e-02  1.503e-02  1.597e-02  1.693e-02  1.793e-02  1.897e-02  2.008e-02  2.126e-02  2.252e-02  2.387e-02  2.532e-02  2.686e-02  2.852e-02  3.028e-02  3.217e-02  3.417e-02  3.630e-02  3.855e-02  4.094e-02  4.345e-02  4.611e-02  4.890e-02  5.183e-02  5.490e-02  5.812e-02  6.148e-02  6.499e-02  6.864e-02  7.244e-02  7.639e-02  8.049e-02  8.474e-02  8.914e-02  9.369e-02  9.838e-02  1.032e-01  1.082e-01  1.133e-01  1.186e-01  1.240e-01  1.296e-01  1.352e-01  1.410e-01  1.470e-01  1.530e-01 	
 1.101e-02  1.234e-02  1.361e-02  1.485e-02  1.607e-02  1.731e-02  1.859e-02  1.993e-02  2.136e-02  2.290e-02  2.456e-02  2.635e-02  2.830e-02  3.039e-02  3.266e-02  3.510e-02  3.771e-02  4.052e-02  4.351e-02  4.670e-02  5.009e-02  5.369e-02  5.749e-02  6.150e-02  6.572e-02  7.015e-02  7.480e-02  7.967e-02  8.475e-02  9.005e-02  9.556e-02  1.013e-01  1.072e-01  1.134e-01  1.197e-01  1.263e-01  1.330e-01  1.400e-01  1.471e-01  1.545e-01  1.619e-01  1.696e-01  1.774e-01  1.854e-01  1.935e-01  2.018e-01  2.102e-01  2.187e-01  2.273e-01  2.360e-01 	
 1.376e-02  1.538e-02  1.699e-02  1.862e-02  2.031e-02  2.210e-02  2.403e-02  2.613e-02  2.843e-02  3.093e-02  3.367e-02  3.665e-02  3.990e-02  4.341e-02  4.720e-02  5.128e-02  5.565e-02  6.032e-02  6.529e-02  7.058e-02  7.617e-02  8.208e-02  8.829e-02  9.482e-02  1.017e-01  1.088e-01  1.163e-01  1.240e-01  1.321e-01  1.404e-01  1.490e-01  1.579e-01  1.670e-01  1.763e-01  1.859e-01  1.958e-01  2.058e-01  2.160e-01  2.264e-01  2.369e-01  2.476e-01  2.584e-01  2.693e-01  2.803e-01  2.914e-01  3.025e-01  3.136e-01  3.248e-01  3.360e-01  3.471e-01 	
 1.752e-02  1.966e-02  2.187e-02  2.423e-02  2.679e-02  2.959e-02  3.269e-02  3.610e-02  3.987e-02  4.402e-02  4.855e-02  5.350e-02  5.887e-02  6.466e-02  7.090e-02  7.759e-02  8.472e-02  9.231e-02  1.004e-01  1.088e-01  1.178e-01  1.271e-01  1.369e-01  1.471e-01  1.577e-01  1.686e-01  1.800e-01  1.916e-01  2.036e-01  2.158e-01  2.283e-01  2.411e-01  2.540e-01  2.672e-01  2.805e-01  2.939e-01  3.073e-01  3.209e-01  3.345e-01  3.481e-01  3.616e-01  3.752e-01  3.886e-01  4.020e-01  4.152e-01  4.283e-01  4.412e-01  4.539e-01  4.665e-01  4.788e-01 	
 2.289e-02  2.595e-02  2.928e-02  3.296e-02  3.707e-02  4.165e-02  4.675e-02  5.242e-02  5.868e-02  6.555e-02  7.305e-02  8.118e-02  8.997e-02  9.940e-02  1.095e-01  1.202e-01  1.315e-01  1.435e-01  1.560e-01  1.690e-01  1.826e-01  1.967e-01  2.112e-01  2.261e-01  2.413e-01  2.569e-01  2.727e-01  2.887e-01  3.049e-01  3.212e-01  3.376e-01  3.540e-01  3.703e-01  3.866e-01  4.028e-01  4.188e-01  4.347e-01  4.503e-01  4.657e-01  4.809e-01  4.957e-01  5.102e-01  5.244e-01  5.382e-01  5.516e-01  5.647e-01  5.773e-01  5.896e-01  6.014e-01  6.129e-01 	
 3.088e-02  3.560e-02  4.089e-02  4.688e-02  5.363e-02  6.122e-02  6.969e-02  7.908e-02  8.939e-02  1.006e-01  1.128e-01  1.259e-01  1.399e-01  1.547e-01  1.704e-01  1.867e-01  2.038e-01  2.214e-01  2.396e-01  2.582e-01  2.772e-01  2.965e-01  3.160e-01  3.357e-01  3.553e-01  3.750e-01  3.945e-01  4.139e-01  4.330e-01  4.519e-01  4.704e-01  4.886e-01  5.064e-01  5.237e-01  5.405e-01  5.569e-01  5.727e-01  5.880e-01  6.027e-01  6.169e-01  6.306e-01  6.437e-01  6.563e-01  6.683e-01  6.798e-01  6.907e-01  7.011e-01  7.110e-01  7.204e-01  7.293e-01 	
 4.310e-02  5.062e-02  5.919e-02  6.893e-02  7.990e-02  9.216e-02  1.057e-01  1.206e-01  1.367e-01  1.540e-01  1.725e-01  1.920e-01  2.125e-01  2.338e-01  2.558e-01  2.784e-01  3.014e-01  3.246e-01  3.481e-01  3.715e-01  3.949e-01  4.180e-01  4.409e-01  4.633e-01  4.852e-01  5.066e-01  5.274e-01  5.476e-01  5.670e-01  5.858e-01  6.038e-01  6.210e-01  6.375e-01  6.532e-01  6.682e-01  6.825e-01  6.961e-01  7.089e-01  7.210e-01  7.325e-01  7.434e-01  7.536e-01  7.632e-01  7.722e-01  7.806e-01  7.885e-01  7.959e-01  8.028e-01  8.092e-01  8.151e-01 	
 6.196e-02  7.398e-02  8.769e-02  1.032e-01  1.204e-01  1.394e-01  1.601e-01  1.824e-01  2.061e-01  2.310e-01  2.569e-01  2.837e-01  3.110e-01  3.387e-01  3.666e-01  3.943e-01  4.218e-01  4.489e-01  4.754e-01  5.011e-01  5.261e-01  5.501e-01  5.732e-01  5.953e-01  6.164e-01  6.364e-01  6.554e-01  6.734e-01  6.904e-01  7.064e-01  7.214e-01  7.355e-01  7.488e-01  7.612e-01  7.728e-01  7.836e-01  7.936e-01  8.030e-01  8.117e-01  8.198e-01  8.273e-01  8.342e-01  8.406e-01  8.465e-01  8.519e-01  8.568e-01  8.613e-01  8.654e-01  8.692e-01  8.725e-01 	
 9.077e-02  1.096e-01  1.309e-01  1.545e-01  1.804e-01  2.084e-01  2.381e-01  2.692e-01  3.014e-01  3.342e-01  3.673e-01  4.003e-01  4.329e-01  4.648e-01  4.958e-01  5.256e-01  5.542e-01  5.814e-01  6.072e-01  6.315e-01  6.544e-01  6.759e-01  6.960e-01  7.147e-01  7.321e-01  7.483e-01  7.633e-01  7.772e-01  7.901e-01  8.020e-01  8.130e-01  8.231e-01  8.325e-01  8.410e-01  8.489e-01  8.562e-01  8.628e-01  8.688e-01  8.744e-01  8.794e-01  8.839e-01  8.880e-01  8.917e-01  8.950e-01  8.980e-01  9.006e-01  9.028e-01  9.048e-01  9.065e-01  9.079e-01 	
 1.336e-01  1.618e-01  1.929e-01  2.265e-01  2.622e-01  2.994e-01  3.375e-01  3.760e-01  4.143e-01  4.518e-01  4.883e-01  5.233e-01  5.567e-01  5.882e-01  6.179e-01  6.455e-01  6.713e-01  6.951e-01  7.172e-01  7.374e-01  7.561e-01  7.732e-01  7.888e-01  8.031e-01  8.162e-01  8.281e-01  8.390e-01  8.490e-01  8.580e-01  8.662e-01  8.737e-01  8.805e-01  8.866e-01  8.922e-01  8.972e-01  9.017e-01  9.058e-01  9.094e-01  9.126e-01  9.154e-01  9.179e-01  9.200e-01  9.218e-01  9.233e-01  9.246e-01  9.256e-01  9.264e-01  9.269e-01  9.272e-01  9.273e-01 	
 1.947e-01  2.342e-01  2.763e-01  3.201e-01  3.648e-01  4.094e-01  4.533e-01  4.956e-01  5.360e-01  5.740e-01  6.095e-01  6.423e-01  6.725e-01  7.001e-01  7.253e-01  7.481e-01  7.687e-01  7.874e-01  8.043e-01  8.195e-01  8.332e-01  8.456e-01  8.567e-01  8.667e-01  8.757e-01  8.838e-01  8.911e-01  8.976e-01  9.035e-01  9.087e-01  9.134e-01  9.176e-01  9.213e-01  9.246e-01  9.275e-01  9.300e-01  9.322e-01  9.341e-01  9.356e-01  9.369e-01  9.379e-01  9.387e-01  9.392e-01  9.395e-01  9.397e-01  9.396e-01  9.393e-01  9.388e-01  9.382e-01  9.374e-01 	
 2.758e-01  3.263e-01  3.776e-01  4.284e-01  4.778e-01  5.248e-01  5.689e-01  6.097e-01  6.470e-01  6.809e-01  7.115e-01  7.389e-01  7.634e-01  7.853e-01  8.048e-01  8.221e-01  8.375e-01  8.512e-01  8.634e-01  8.742e-01  8.838e-01  8.924e-01  9.000e-01  9.068e-01  9.128e-01  9.181e-01  9.229e-01  9.271e-01  9.307e-01  9.340e-01  9.368e-01  9.393e-01  9.414e-01  9.432e-01  9.447e-01  9.459e-01  9.469e-01  9.476e-01  9.481e-01  9.484e-01  9.484e-01  9.483e-01  9.480e-01  9.475e-01  9.469e-01  9.461e-01  9.451e-01  9.440e-01  9.428e-01  9.414e-01 	
 3.729e-01  4.305e-01  4.860e-01  5.383e-01  5.865e-01  6.305e-01  6.700e-01  7.053e-01  7.365e-01  7.641e-01  7.884e-01  8.097e-01  8.284e-01  8.448e-01  8.591e-01  8.718e-01  8.829e-01  8.926e-01  9.012e-01  9.088e-01  9.154e-01  9.213e-01  9.265e-01  9.310e-01  9.350e-01  9.385e-01  9.415e-01  9.442e-01  9.464e-01  9.483e-01  9.500e-01  9.513e-01  9.524e-01  9.532e-01  9.538e-01  9.542e-01  9.543e-01  9.543e-01  9.541e-01  9.537e-01  9.531e-01  9.524e-01  9.516e-01  9.505e-01  9.494e-01  9.481e-01  9.467e-01  9.451e-01  9.434e-01  9.417e-01 	
 4.751e-01  5.335e-01  5.869e-01  6.350e-01  6.777e-01  7.153e-01  7.481e-01  7.766e-01  8.013e-01  8.227e-01  8.412e-01  8.573e-01  8.713e-01  8.834e-01  8.940e-01  9.032e-01  9.112e-01  9.182e-01  9.243e-01  9.296e-01  9.343e-01  9.384e-01  9.419e-01  9.450e-01  9.477e-01  9.500e-01  9.519e-01  9.535e-01  9.549e-01  9.559e-01  9.568e-01  9.574e-01  9.578e-01  9.579e-01  9.579e-01  9.577e-01  9.574e-01  9.569e-01  9.562e-01  9.553e-01  9.543e-01  9.532e-01  9.519e-01  9.505e-01  9.490e-01  9.473e-01  9.456e-01  9.437e-01  9.417e-01  9.396e-01 	
 5.685e-01  6.219e-01  6.689e-01  7.098e-01  7.452e-01  7.757e-01  8.018e-01  8.243e-01  8.436e-01  8.601e-01  8.744e-01  8.866e-01  8.973e-01  9.065e-01  9.144e-01  9.213e-01  9.274e-01  9.326e-01  9.371e-01  9.411e-01  9.445e-01  9.475e-01  9.500e-01  9.522e-01  9.540e-01  9.556e-01  9.568e-01  9.578e-01  9.586e-01  9.591e-01  9.594e-01  9.596e-01  9.595e-01  9.593e-01  9.589e-01  9.583e-01  9.576e-01  9.567e-01  9.557e-01  9.545e-01  9.532e-01  9.517e-01  9.502e-01  9.485e-01  9.467e-01  9.447e-01  9.427e-01  9.406e-01  9.383e-01  9.360e-01 	
 6.428e-01  6.882e-01  7.275e-01  7.611e-01  7.899e-01  8.144e-01  8.354e-01  8.534e-01  8.687e-01  8.819e-01  8.933e-01  9.031e-01  9.116e-01  9.190e-01  9.254e-01  9.309e-01  9.357e-01  9.399e-01  9.435e-01  9.466e-01  9.493e-01  9.516e-01  9.535e-01  9.552e-01  9.565e-01  9.576e-01  9.584e-01  9.590e-01  9.594e-01  9.596e-01  9.596e-01  9.594e-01  9.590e-01  9.585e-01  9.578e-01  9.569e-01  9.559e-01  9.547e-01  9.535e-01  9.520e-01  9.505e-01  9.488e-01  9.470e-01  9.450e-01  9.430e-01  9.408e-01  9.386e-01  9.362e-01  9.338e-01  9.312e-01 	
 6.952e-01  7.329e-01  7.653e-01  7.931e-01  8.169e-01  8.372e-01  8.546e-01  8.696e-01  8.825e-01  8.936e-01  9.031e-01  9.114e-01  9.187e-01  9.249e-01  9.303e-01  9.351e-01  9.392e-01  9.427e-01  9.458e-01  9.484e-01  9.506e-01  9.525e-01  9.541e-01  9.554e-01  9.564e-01  9.572e-01  9.578e-01  9.581e-01  9.582e-01  9.582e-01  9.579e-01  9.575e-01  9.569e-01  9.561e-01  9.552e-01  9.541e-01  9.529e-01  9.515e-01  9.500e-01  9.484e-01  9.466e-01  9.447e-01  9.427e-01  9.406e-01  9.383e-01  9.359e-01  9.335e-01  9.310e-01  9.283e-01  9.256e-01 	
 7.279e-01  7.595e-01  7.869e-01  8.105e-01  8.309e-01  8.485e-01  8.637e-01  8.769e-01  8.883e-01  8.982e-01  9.067e-01  9.142e-01  9.207e-01  9.264e-01  9.313e-01  9.356e-01  9.393e-01  9.425e-01  9.453e-01  9.477e-01  9.497e-01  9.514e-01  9.527e-01  9.538e-01  9.547e-01  9.553e-01  9.556e-01  9.558e-01  9.557e-01  9.555e-01  9.551e-01  9.545e-01  9.537e-01  9.527e-01  9.516e-01  9.504e-01  9.489e-01  9.474e-01  9.457e-01  9.438e-01  9.419e-01  9.398e-01  9.376e-01  9.352e-01  9.328e-01  9.303e-01  9.276e-01  9.249e-01  9.221e-01  9.192e-01 	
 7.456e-01  7.729e-01  7.969e-01  8.179e-01  8.363e-01  8.522e-01  8.662e-01  8.783e-01  8.889e-01  8.982e-01  9.062e-01  9.133e-01  9.195e-01  9.249e-01  9.296e-01  9.337e-01  9.372e-01  9.403e-01  9.429e-01  9.452e-01  9.470e-01  9.486e-01  9.499e-01  9.508e-01  9.516e-01  9.520e-01  9.523e-01  9.523e-01  9.521e-01  9.517e-01  9.512e-01  9.504e-01  9.495e-01  9.484e-01  9.471e-01  9.456e-01  9.441e-01  9.423e-01  9.405e-01  9.384e-01  9.363e-01  9.340e-01  9.316e-01  9.291e-01  9.265e-01  9.238e-01  9.210e-01  9.181e-01  9.152e-01  9.121e-01 	
 7.528e-01  7.773e-01  7.992e-01  8.186e-01  8.357e-01  8.508e-01  8.641e-01  8.758e-01  8.860e-01  8.950e-01  9.029e-01  9.099e-01  9.160e-01  9.213e-01  9.260e-01  9.300e-01  9.336e-01  9.366e-01  9.392e-01  9.414e-01  9.433e-01  9.448e-01  9.460e-01  9.469e-01  9.475e-01  9.479e-01  9.481e-01  9.480e-01  9.477e-01  9.472e-01  9.465e-01  9.456e-01  9.445e-01  9.433e-01  9.418e-01  9.402e-01  9.385e-01  9.366e-01  9.346e-01  9.324e-01  9.301e-01  9.276e-01  9.251e-01  9.224e-01  9.196e-01  9.167e-01  9.138e-01  9.108e-01  9.076e-01  9.045e-01 	
 7.529e-01  7.755e-01  7.961e-01  8.146e-01  8.312e-01  8.459e-01  8.589e-01  8.704e-01  8.806e-01  8.896e-01  8.976e-01  9.045e-01  9.107e-01  9.161e-01  9.208e-01  9.250e-01  9.286e-01  9.317e-01  9.343e-01  9.365e-01  9.384e-01  9.399e-01  9.411e-01  9.420e-01  9.426e-01  9.429e-01  9.430e-01  9.428e-01  9.424e-01  9.418e-01  9.410e-01  9.400e-01  9.387e-01  9.373e-01  9.358e-01  9.340e-01  9.321e-01  9.301e-01  9.278e-01  9.255e-01  9.230e-01  9.204e-01  9.177e-01  9.149e-01  9.120e-01  9.089e-01  9.058e-01  9.027e-01  8.994e-01  8.961e-01 	
 7.483e-01  7.698e-01  7.896e-01  8.076e-01  8.239e-01  8.385e-01  8.515e-01  8.631e-01  8.734e-01  8.825e-01  8.907e-01  8.978e-01  9.041e-01  9.097e-01  9.146e-01  9.189e-01  9.226e-01  9.257e-01  9.285e-01  9.308e-01  9.327e-01  9.342e-01  9.354e-01  9.363e-01  9.368e-01  9.371e-01  9.371e-01  9.369e-01  9.364e-01  9.357e-01  9.348e-01  9.336e-01  9.323e-01  9.307e-01  9.290e-01  9.271e-01  9.251e-01  9.229e-01  9.205e-01  9.180e-01  9.154e-01  9.126e-01  9.097e-01  9.068e-01  9.037e-01  9.005e-01  8.973e-01  8.940e-01  8.906e-01  8.872e-01 	
 7.408e-01  7.614e-01  7.807e-01  7.985e-01  8.147e-01  8.293e-01  8.424e-01  8.542e-01  8.648e-01  8.742e-01  8.825e-01  8.899e-01  8.965e-01  9.022e-01  9.073e-01  9.117e-01  9.156e-01  9.189e-01  9.217e-01  9.241e-01  9.261e-01  9.276e-01  9.288e-01  9.297e-01  9.303e-01  9.305e-01  9.305e-01  9.302e-01  9.296e-01  9.288e-01  9.278e-01  9.265e-01  9.250e-01  9.234e-01  9.215e-01  9.195e-01  9.173e-01  9.149e-01  9.124e-01  9.098e-01  9.070e-01  9.041e-01  9.011e-01  8.980e-01  8.948e-01  8.915e-01  8.881e-01  8.847e-01  8.812e-01  8.777e-01 	
 7.315e-01  7.514e-01  7.704e-01  7.880e-01  8.041e-01  8.189e-01  8.322e-01  8.442e-01  8.550e-01  8.647e-01  8.733e-01  8.810e-01  8.878e-01  8.938e-01  8.991e-01  9.037e-01  9.078e-01  9.112e-01  9.142e-01  9.167e-01  9.187e-01  9.203e-01  9.215e-01  9.224e-01  9.229e-01  9.232e-01  9.231e-01  9.227e-01  9.220e-01  9.211e-01  9.200e-01  9.186e-01  9.170e-01  9.152e-01  9.132e-01  9.111e-01  9.087e-01  9.062e-01  9.036e-01  9.008e-01  8.979e-01  8.948e-01  8.917e-01  8.885e-01  8.851e-01  8.817e-01  8.783e-01  8.748e-01  8.712e-01  8.676e-01 	
 7.213e-01  7.406e-01  7.592e-01  7.766e-01  7.928e-01  8.076e-01  8.212e-01  8.334e-01  8.445e-01  8.544e-01  8.634e-01  8.713e-01  8.784e-01  8.847e-01  8.902e-01  8.950e-01  8.992e-01  9.028e-01  9.059e-01  9.085e-01  9.106e-01  9.122e-01  9.135e-01  9.144e-01  9.149e-01  9.150e-01  9.149e-01  9.145e-01  9.137e-01  9.127e-01  9.115e-01  9.100e-01  9.083e-01  9.064e-01  9.042e-01  9.019e-01  8.995e-01  8.968e-01  8.940e-01  8.911e-01  8.881e-01  8.849e-01  8.817e-01  8.783e-01  8.749e-01  8.714e-01  8.679e-01  8.643e-01  8.607e-01  8.570e-01 	
 7.107e-01  7.294e-01  7.476e-01  7.648e-01  7.809e-01  7.958e-01  8.095e-01  8.220e-01  8.333e-01  8.435e-01  8.527e-01  8.609e-01  8.682e-01  8.747e-01  8.805e-01  8.855e-01  8.898e-01  8.936e-01  8.968e-01  8.995e-01  9.016e-01  9.033e-01  9.046e-01  9.055e-01  9.060e-01  9.061e-01  9.059e-01  9.054e-01  9.046e-01  9.035e-01  9.021e-01  9.005e-01  8.987e-01  8.967e-01  8.944e-01  8.920e-01  8.894e-01  8.866e-01  8.837e-01  8.807e-01  8.776e-01  8.743e-01  8.710e-01  8.675e-01  8.640e-01  8.605e-01  8.569e-01  8.532e-01  8.495e-01  8.458e-01 	
 7.002e-01  7.181e-01  7.358e-01  7.527e-01  7.687e-01  7.836e-01  7.974e-01  8.100e-01  8.215e-01  8.319e-01  8.414e-01  8.498e-01  8.574e-01  8.641e-01  8.700e-01  8.752e-01  8.798e-01  8.837e-01  8.869e-01  8.897e-01  8.919e-01  8.937e-01  8.950e-01  8.958e-01  8.963e-01  8.964e-01  8.961e-01  8.955e-01  8.947e-01  8.935e-01  8.920e-01  8.903e-01  8.884e-01  8.862e-01  8.839e-01  8.813e-01  8.786e-01  8.758e-01  8.728e-01  8.696e-01  8.664e-01  8.631e-01  8.596e-01  8.562e-01  8.526e-01  8.490e-01  8.453e-01  8.417e-01  8.380e-01  8.342e-01 	
 6.899e-01  7.069e-01  7.240e-01  7.406e-01  7.563e-01  7.711e-01  7.849e-01  7.976e-01  8.093e-01  8.199e-01  8.295e-01  8.381e-01  8.459e-01  8.528e-01  8.589e-01  8.643e-01  8.689e-01  8.729e-01  8.763e-01  8.791e-01  8.814e-01  8.832e-01  8.845e-01  8.853e-01  8.858e-01  8.858e-01  8.855e-01  8.849e-01  8.839e-01  8.826e-01  8.811e-01  8.793e-01  8.772e-01  8.750e-01  8.725e-01  8.699e-01  8.671e-01  8.642e-01  8.611e-01  8.579e-01  8.546e-01  8.512e-01  8.477e-01  8.442e-01  8.406e-01  8.369e-01  8.333e-01  8.296e-01  8.259e-01  8.222e-01 	
 6.800e-01  6.961e-01  7.124e-01  7.285e-01  7.439e-01  7.585e-01  7.722e-01  7.849e-01  7.966e-01  8.074e-01  8.171e-01  8.259e-01  8.338e-01  8.409e-01  8.471e-01  8.526e-01  8.574e-01  8.615e-01  8.650e-01  8.679e-01  8.702e-01  8.719e-01  8.732e-01  8.741e-01  8.745e-01  8.745e-01  8.741e-01  8.734e-01  8.723e-01  8.710e-01  8.693e-01  8.675e-01  8.653e-01  8.630e-01  8.605e-01  8.577e-01  8.549e-01  8.518e-01  8.487e-01  8.455e-01  8.421e-01  8.387e-01  8.352e-01  8.316e-01  8.280e-01  8.244e-01  8.208e-01  8.171e-01  8.134e-01  8.098e-01 	
 6.705e-01  6.856e-01  7.011e-01  7.165e-01  7.315e-01  7.459e-01  7.594e-01  7.720e-01  7.837e-01  7.945e-01  8.043e-01  8.132e-01  8.212e-01  8.284e-01  8.347e-01  8.403e-01  8.452e-01  8.493e-01  8.528e-01  8.557e-01  8.581e-01  8.599e-01  8.611e-01  8.619e-01  8.623e-01  8.623e-01  8.618e-01  8.610e-01  8.599e-01  8.585e-01  8.568e-01  8.548e-01  8.526e-01  8.502e-01  8.476e-01  8.448e-01  8.419e-01  8.389e-01  8.357e-01  8.324e-01  8.290e-01  8.256e-01  8.221e-01  8.186e-01  8.150e-01  8.114e-01  8.078e-01  8.042e-01  8.006e-01  7.970e-01 	
 6.616e-01  6.755e-01  6.901e-01  7.048e-01  7.193e-01  7.333e-01  7.465e-01  7.590e-01  7.706e-01  7.813e-01  7.911e-01  8.000e-01  8.081e-01  8.153e-01  8.217e-01  8.274e-01  8.323e-01  8.365e-01  8.400e-01  8.429e-01  8.452e-01  8.470e-01  8.483e-01  8.490e-01  8.493e-01  8.492e-01  8.487e-01  8.479e-01  8.467e-01  8.452e-01  8.434e-01  8.414e-01  8.392e-01  8.367e-01  8.341e-01  8.313e-01  8.283e-01  8.253e-01  8.221e-01  8.188e-01  8.155e-01  8.121e-01  8.086e-01  8.051e-01  8.016e-01  7.980e-01  7.945e-01  7.910e-01  7.874e-01  7.839e-01 	
 6.533e-01  6.660e-01  6.796e-01  6.935e-01  7.074e-01  7.208e-01  7.337e-01  7.459e-01  7.573e-01  7.679e-01  7.777e-01  7.865e-01  7.946e-01  8.018e-01  8.082e-01  8.139e-01  8.188e-01  8.230e-01  8.265e-01  8.294e-01  8.317e-01  8.334e-01  8.346e-01  8.354e-01  8.356e-01  8.355e-01  8.349e-01  8.340e-01  8.328e-01  8.312e-01  8.294e-01  8.274e-01  8.251e-01  8.226e-01  8.200e-01  8.171e-01  8.142e-01  8.111e-01  8.080e-01  8.048e-01  8.014e-01  7.981e-01  7.947e-01  7.913e-01  7.878e-01  7.844e-01  7.810e-01  7.775e-01  7.741e-01  7.707e-01 	
 6.456e-01  6.570e-01  6.696e-01  6.827e-01  6.958e-01  7.086e-01  7.211e-01  7.329e-01  7.441e-01  7.544e-01  7.640e-01  7.728e-01  7.808e-01  7.879e-01  7.943e-01  7.999e-01  8.048e-01  8.089e-01  8.124e-01  8.153e-01  8.175e-01  8.192e-01  8.204e-01  8.210e-01  8.212e-01  8.210e-01  8.204e-01  8.195e-01  8.182e-01  8.166e-01  8.148e-01  8.127e-01  8.104e-01  8.079e-01  8.053e-01  8.025e-01  7.996e-01  7.966e-01  7.935e-01  7.903e-01  7.871e-01  7.838e-01  7.805e-01  7.772e-01  7.739e-01  7.705e-01  7.672e-01  7.639e-01  7.607e-01  7.574e-01 	
 6.387e-01  6.488e-01  6.602e-01  6.723e-01  6.846e-01  6.968e-01  7.087e-01  7.201e-01  7.309e-01  7.410e-01  7.503e-01  7.589e-01  7.667e-01  7.738e-01  7.800e-01  7.855e-01  7.903e-01  7.944e-01  7.978e-01  8.006e-01  8.028e-01  8.044e-01  8.055e-01  8.061e-01  8.062e-01  8.060e-01  8.053e-01  8.043e-01  8.030e-01  8.014e-01  7.996e-01  7.975e-01  7.952e-01  7.928e-01  7.902e-01  7.875e-01  7.846e-01  7.817e-01  7.786e-01  7.756e-01  7.724e-01  7.693e-01  7.661e-01  7.629e-01  7.597e-01  7.566e-01  7.534e-01  7.503e-01  7.472e-01  7.441e-01 	
 6.324e-01  6.412e-01  6.514e-01  6.625e-01  6.740e-01  6.854e-01  6.967e-01  7.076e-01  7.179e-01  7.276e-01  7.367e-01  7.450e-01  7.526e-01  7.594e-01  7.655e-01  7.708e-01  7.755e-01  7.794e-01  7.827e-01  7.854e-01  7.875e-01  7.890e-01  7.900e-01  7.906e-01  7.907e-01  7.904e-01  7.897e-01  7.887e-01  7.874e-01  7.858e-01  7.840e-01  7.819e-01  7.797e-01  7.773e-01  7.747e-01  7.721e-01  7.693e-01  7.665e-01  7.636e-01  7.606e-01  7.577e-01  7.546e-01  7.516e-01  7.486e-01  7.456e-01  7.426e-01  7.396e-01  7.366e-01  7.337e-01  7.308e-01 	
