 9.969e-01  9.969e-01  9.969e-01  9.969e-01  9.969e-01  9.969e-01  9.969e-01  9.969e-01  9.969e-01  9.969e-01  9.969e-01  9.969e-01  9.969e-01  9.969e-01  9.969e-01  9.969e-01  9.969e-01  9.969e-01  9.969e-01  9.969e-01  9.969e-01  9.969e-01  9.969e-01  9.969e-01  9.969e-01  9.969e-01  9.969e-01  9.969e-01  9.969e-01  9.969e-01  9.969e-01  9.969e-01  9.969e-01  9.969e-01  9.969e-01  9.969e-01  9.969e-01  9.969e-01  9.969e-01  9.969e-01  9.969e-01  9.969e-01  9.969e-01  9.969e-01  9.969e-01  9.969e-01  9.969e-01  9.969e-01  9.969e-01  9.969e-01 	
 9.966e-01  9.966e-01  9.966e-01  9.966e-01  9.966e-01  9.966e-01  9.966e-01  9.966e-01  9.966e-01  9.966e-01  9.966e-01  9.966e-01  9.966e-01  9.966e-01  9.966e-01  9.966e-01  9.966e-01  9.966e-01  9.966e-01  9.966e-01  9.966e-01  9.966e-01  9.966e-01  9.966e-01  9.966e-01  9.966e-01  9.966e-01  9.966e-01  9.966e-01  9.966e-01  9.966e-01  9.966e-01  9.966e-01  9.966e-01  9.966e-01  9.966e-01  9.966e-01  9.966e-01  9.966e-01  9.966e-01  9.966e-01  9.966e-01  9.966e-01  9.966e-01  9.966e-01  9.966e-01  9.966e-01  9.966e-01  9.966e-01  9.966e-01 	
 9.969e-01  9.969e-01  9.969e-01  9.969e-01  9.969e-01  9.969e-01  9.969e-01  9.969e-01  9.969e-01  9.969e-01  9.969e-01  9.969e-01  9.969e-01  9.969e-01  9.969e-01  9.969e-01  9.969e-01  9.969e-01  9.969e-01  9.969e-01  9.969e-01  9.969e-01  9.969e-01  9.969e-01  9.969e-01  9.969e-01  9.969e-01  9.969e-01  9.969e-01  9.969e-01  9.969e-01  9.969e-01  9.969e-01  9.969e-01  9.969e-01  9.969e-01  9.969e-01  9.969e-01  9.969e-01  9.969e-01  9.969e-01  9.969e-01  9.969e-01  9.969e-01  9.969e-01  9.969e-01  9.969e-01  9.969e-01  9.969e-01  9.969e-01 	
 9.980e-01  9.980e-01  9.980e-01  9.980e-01  9.980e-01  9.980e-01  9.980e-01  9.980e-01  9.980e-01  9.980e-01  9.980e-01  9.980e-01  9.980e-01  9.980e-01  9.980e-01  9.980e-01  9.980e-01  9.980e-01  9.980e-01  9.980e-01  9.980e-01  9.980e-01  9.980e-01  9.980e-01  9.980e-01  9.980e-01  9.980e-01  9.980e-01  9.980e-01  9.980e-01  9.980e-01  9.980e-01  9.980e-01  9.980e-01  9.980e-01  9.980e-01  9.980e-01  9.980e-01  9.980e-01  9.980e-01  9.980e-01  9.980e-01  9.980e-01  9.980e-01  9.980e-01  9.980e-01  9.980e-01  9.980e-01  9.980e-01  9.980e-01 	
 9.968e-01  9.968e-01  9.968e-01  9.968e-01  9.968e-01  9.968e-01  9.968e-01  9.968e-01  9.968e-01  9.968e-01  9.968e-01  9.968e-01  9.968e-01  9.968e-01  9.968e-01  9.968e-01  9.968e-01  9.968e-01  9.968e-01  9.968e-01  9.968e-01  9.968e-01  9.968e-01  9.968e-01  9.968e-01  9.968e-01  9.968e-01  9.968e-01  9.968e-01  9.968e-01  9.968e-01  9.968e-01  9.968e-01  9.968e-01  9.968e-01  9.968e-01  9.968e-01  9.968e-01  9.968e-01  9.968e-01  9.968e-01  9.968e-01  9.968e-01  9.968e-01  9.968e-01  9.968e-01  9.968e-01  9.968e-01  9.968e-01  9.968e-01 	
 9.959e-01  9.959e-01  9.959e-01  9.959e-01  9.959e-01  9.959e-01  9.959e-01  9.959e-01  9.959e-01  9.959e-01  9.959e-01  9.959e-01  9.959e-01  9.959e-01  9.959e-01  9.959e-01  9.959e-01  9.959e-01  9.959e-01  9.959e-01  9.959e-01  9.959e-01  9.959e-01  9.959e-01  9.959e-01  9.959e-01  9.959e-01  9.959e-01  9.959e-01  9.959e-01  9.959e-01  9.959e-01  9.959e-01  9.959e-01  9.959e-01  9.959e-01  9.959e-01  9.959e-01  9.959e-01  9.959e-01  9.959e-01  9.959e-01  9.959e-01  9.959e-01  9.959e-01  9.959e-01  9.959e-01  9.959e-01  9.959e-01  9.959e-01 	
 9.947e-01  9.947e-01  9.947e-01  9.947e-01  9.947e-01  9.947e-01  9.947e-01  9.947e-01  9.947e-01  9.947e-01  9.947e-01  9.947e-01  9.947e-01  9.947e-01  9.947e-01  9.947e-01  9.947e-01  9.947e-01  9.947e-01  9.947e-01  9.947e-01  9.947e-01  9.947e-01  9.947e-01  9.947e-01  9.947e-01  9.947e-01  9.947e-01  9.947e-01  9.947e-01  9.947e-01  9.947e-01  9.947e-01  9.947e-01  9.947e-01  9.947e-01  9.947e-01  9.947e-01  9.947e-01  9.947e-01  9.947e-01  9.947e-01  9.947e-01  9.947e-01  9.947e-01  9.947e-01  9.947e-01  9.947e-01  9.947e-01  9.947e-01 	
 9.889e-01  9.889e-01  9.889e-01  9.889e-01  9.889e-01  9.889e-01  9.889e-01  9.889e-01  9.889e-01  9.889e-01  9.889e-01  9.889e-01  9.889e-01  9.889e-01  9.889e-01  9.889e-01  9.889e-01  9.889e-01  9.889e-01  9.889e-01  9.889e-01  9.889e-01  9.889e-01  9.889e-01  9.889e-01  9.889e-01  9.889e-01  9.889e-01  9.889e-01  9.889e-01  9.889e-01  9.889e-01  9.889e-01  9.889e-01  9.889e-01  9.889e-01  9.889e-01  9.889e-01  9.889e-01  9.889e-01  9.889e-01  9.889e-01  9.889e-01  9.889e-01  9.889e-01  9.889e-01  9.889e-01  9.889e-01  9.889e-01  9.889e-01 	
 9.822e-01  9.822e-01  9.822e-01  9.822e-01  9.822e-01  9.822e-01  9.822e-01  9.822e-01  9.822e-01  9.822e-01  9.822e-01  9.822e-01  9.822e-01  9.822e-01  9.822e-01  9.822e-01  9.822e-01  9.822e-01  9.822e-01  9.822e-01  9.822e-01  9.822e-01  9.822e-01  9.822e-01  9.822e-01  9.822e-01  9.822e-01  9.822e-01  9.822e-01  9.822e-01  9.822e-01  9.822e-01  9.822e-01  9.822e-01  9.822e-01  9.822e-01  9.822e-01  9.822e-01  9.822e-01  9.822e-01  9.822e-01  9.822e-01  9.822e-01  9.822e-01  9.822e-01  9.822e-01  9.822e-01  9.822e-01  9.822e-01  9.822e-01 	
 9.647e-01  9.647e-01  9.647e-01  9.647e-01  9.647e-01  9.647e-01  9.647e-01  9.647e-01  9.647e-01  9.647e-01  9.647e-01  9.647e-01  9.647e-01  9.647e-01  9.647e-01  9.647e-01  9.647e-01  9.647e-01  9.647e-01  9.647e-01  9.647e-01  9.647e-01  9.647e-01  9.647e-01  9.647e-01  9.647e-01  9.647e-01  9.647e-01  9.647e-01  9.647e-01  9.647e-01  9.647e-01  9.647e-01  9.647e-01  9.647e-01  9.647e-01  9.647e-01  9.647e-01  9.647e-01  9.647e-01  9.647e-01  9.647e-01  9.647e-01  9.647e-01  9.647e-01  9.647e-01  9.647e-01  9.647e-01  9.647e-01  9.647e-01 	
 9.678e-01  9.678e-01  9.678e-01  9.678e-01  9.678e-01  9.678e-01  9.678e-01  9.678e-01  9.678e-01  9.678e-01  9.678e-01  9.678e-01  9.678e-01  9.678e-01  9.678e-01  9.678e-01  9.678e-01  9.678e-01  9.678e-01  9.678e-01  9.678e-01  9.678e-01  9.678e-01  9.678e-01  9.678e-01  9.678e-01  9.678e-01  9.678e-01  9.678e-01  9.678e-01  9.678e-01  9.678e-01  9.678e-01  9.678e-01  9.678e-01  9.678e-01  9.678e-01  9.678e-01  9.678e-01  9.678e-01  9.678e-01  9.678e-01  9.678e-01  9.678e-01  9.678e-01  9.678e-01  9.678e-01  9.678e-01  9.678e-01  9.678e-01 	
 9.916e-01  9.916e-01  9.916e-01  9.916e-01  9.916e-01  9.916e-01  9.916e-01  9.916e-01  9.916e-01  9.916e-01  9.916e-01  9.916e-01  9.916e-01  9.916e-01  9.916e-01  9.916e-01  9.916e-01  9.916e-01  9.916e-01  9.916e-01  9.916e-01  9.916e-01  9.916e-01  9.916e-01  9.916e-01  9.916e-01  9.916e-01  9.916e-01  9.916e-01  9.916e-01  9.916e-01  9.916e-01  9.916e-01  9.916e-01  9.916e-01  9.916e-01  9.916e-01  9.916e-01  9.916e-01  9.916e-01  9.916e-01  9.916e-01  9.916e-01  9.916e-01  9.916e-01  9.916e-01  9.916e-01  9.916e-01  9.916e-01  9.916e-01 	
 9.834e-01  9.834e-01  9.834e-01  9.834e-01  9.834e-01  9.834e-01  9.834e-01  9.834e-01  9.834e-01  9.834e-01  9.834e-01  9.834e-01  9.834e-01  9.834e-01  9.834e-01  9.834e-01  9.834e-01  9.834e-01  9.834e-01  9.834e-01  9.834e-01  9.834e-01  9.834e-01  9.834e-01  9.834e-01  9.834e-01  9.834e-01  9.834e-01  9.834e-01  9.834e-01  9.834e-01  9.834e-01  9.834e-01  9.834e-01  9.834e-01  9.834e-01  9.834e-01  9.834e-01  9.834e-01  9.834e-01  9.834e-01  9.834e-01  9.834e-01  9.834e-01  9.834e-01  9.834e-01  9.834e-01  9.834e-01  9.834e-01  9.834e-01 	
 9.762e-01  9.762e-01  9.762e-01  9.762e-01  9.762e-01  9.762e-01  9.762e-01  9.762e-01  9.762e-01  9.762e-01  9.762e-01  9.762e-01  9.762e-01  9.762e-01  9.762e-01  9.762e-01  9.762e-01  9.762e-01  9.762e-01  9.762e-01  9.762e-01  9.762e-01  9.762e-01  9.762e-01  9.762e-01  9.762e-01  9.762e-01  9.762e-01  9.762e-01  9.762e-01  9.762e-01  9.762e-01  9.762e-01  9.762e-01  9.762e-01  9.762e-01  9.762e-01  9.762e-01  9.762e-01  9.762e-01  9.762e-01  9.762e-01  9.762e-01  9.762e-01  9.762e-01  9.762e-01  9.762e-01  9.762e-01  9.762e-01  9.762e-01 	
 9.807e-01  9.807e-01  9.807e-01  9.807e-01  9.807e-01  9.807e-01  9.807e-01  9.807e-01  9.807e-01  9.807e-01  9.807e-01  9.807e-01  9.807e-01  9.807e-01  9.807e-01  9.807e-01  9.807e-01  9.807e-01  9.807e-01  9.807e-01  9.807e-01  9.807e-01  9.807e-01  9.807e-01  9.807e-01  9.807e-01  9.807e-01  9.807e-01  9.807e-01  9.807e-01  9.807e-01  9.807e-01  9.807e-01  9.807e-01  9.807e-01  9.807e-01  9.807e-01  9.807e-01  9.807e-01  9.807e-01  9.807e-01  9.807e-01  9.807e-01  9.807e-01  9.807e-01  9.807e-01  9.807e-01  9.807e-01  9.807e-01  9.807e-01 	
 9.463e-01  9.463e-01  9.463e-01  9.463e-01  9.463e-01  9.463e-01  9.463e-01  9.463e-01  9.463e-01  9.463e-01  9.463e-01  9.463e-01  9.463e-01  9.463e-01  9.463e-01  9.463e-01  9.463e-01  9.463e-01  9.463e-01  9.463e-01  9.463e-01  9.463e-01  9.463e-01  9.463e-01  9.463e-01  9.463e-01  9.463e-01  9.463e-01  9.463e-01  9.463e-01  9.463e-01  9.463e-01  9.463e-01  9.463e-01  9.463e-01  9.463e-01  9.463e-01  9.463e-01  9.463e-01  9.463e-01  9.463e-01  9.463e-01  9.463e-01  9.463e-01  9.463e-01  9.463e-01  9.463e-01  9.463e-01  9.463e-01  9.463e-01 	
 9.807e-01  9.807e-01  9.807e-01  9.807e-01  9.807e-01  9.807e-01  9.807e-01  9.807e-01  9.807e-01  9.807e-01  9.807e-01  9.807e-01  9.807e-01  9.807e-01  9.807e-01  9.807e-01  9.807e-01  9.807e-01  9.807e-01  9.807e-01  9.807e-01  9.807e-01  9.807e-01  9.807e-01  9.807e-01  9.807e-01  9.807e-01  9.807e-01  9.807e-01  9.807e-01  9.807e-01  9.807e-01  9.807e-01  9.807e-01  9.807e-01  9.807e-01  9.807e-01  9.807e-01  9.807e-01  9.807e-01  9.807e-01  9.807e-01  9.807e-01  9.807e-01  9.807e-01  9.807e-01  9.807e-01  9.807e-01  9.807e-01  9.807e-01 	
 9.628e-01  9.628e-01  9.628e-01  9.628e-01  9.628e-01  9.628e-01  9.628e-01  9.628e-01  9.628e-01  9.628e-01  9.628e-01  9.628e-01  9.628e-01  9.628e-01  9.628e-01  9.628e-01  9.628e-01  9.628e-01  9.628e-01  9.628e-01  9.628e-01  9.628e-01  9.628e-01  9.628e-01  9.628e-01  9.628e-01  9.628e-01  9.628e-01  9.628e-01  9.628e-01  9.628e-01  9.628e-01  9.628e-01  9.628e-01  9.628e-01  9.628e-01  9.628e-01  9.628e-01  9.628e-01  9.628e-01  9.628e-01  9.628e-01  9.628e-01  9.628e-01  9.628e-01  9.628e-01  9.628e-01  9.628e-01  9.628e-01  9.628e-01 	
 9.568e-01  9.568e-01  9.568e-01  9.568e-01  9.568e-01  9.568e-01  9.568e-01  9.568e-01  9.568e-01  9.568e-01  9.568e-01  9.568e-01  9.568e-01  9.568e-01  9.568e-01  9.568e-01  9.568e-01  9.568e-01  9.568e-01  9.568e-01  9.568e-01  9.568e-01  9.568e-01  9.568e-01  9.568e-01  9.568e-01  9.568e-01  9.568e-01  9.568e-01  9.568e-01  9.568e-01  9.568e-01  9.568e-01  9.568e-01  9.568e-01  9.568e-01  9.568e-01  9.568e-01  9.568e-01  9.568e-01  9.568e-01  9.568e-01  9.568e-01  9.568e-01  9.568e-01  9.568e-01  9.568e-01  9.568e-01  9.568e-01  9.568e-01 	
 9.748e-01  9.748e-01  9.748e-01  9.748e-01  9.748e-01  9.748e-01  9.748e-01  9.748e-01  9.748e-01  9.748e-01  9.748e-01  9.748e-01  9.748e-01  9.748e-01  9.748e-01  9.748e-01  9.748e-01  9.748e-01  9.748e-01  9.748e-01  9.748e-01  9.748e-01  9.748e-01  9.748e-01  9.748e-01  9.748e-01  9.748e-01  9.748e-01  9.748e-01  9.748e-01  9.748e-01  9.748e-01  9.748e-01  9.748e-01  9.748e-01  9.748e-01  9.748e-01  9.748e-01  9.748e-01  9.748e-01  9.748e-01  9.748e-01  9.748e-01  9.748e-01  9.748e-01  9.748e-01  9.748e-01  9.748e-01  9.748e-01  9.748e-01 	
 9.697e-01  9.697e-01  9.697e-01  9.697e-01  9.697e-01  9.697e-01  9.697e-01  9.697e-01  9.697e-01  9.697e-01  9.697e-01  9.697e-01  9.697e-01  9.697e-01  9.697e-01  9.697e-01  9.697e-01  9.697e-01  9.697e-01  9.697e-01  9.697e-01  9.697e-01  9.697e-01  9.697e-01  9.697e-01  9.697e-01  9.697e-01  9.697e-01  9.697e-01  9.697e-01  9.697e-01  9.697e-01  9.697e-01  9.697e-01  9.697e-01  9.697e-01  9.697e-01  9.697e-01  9.697e-01  9.697e-01  9.697e-01  9.697e-01  9.697e-01  9.697e-01  9.697e-01  9.697e-01  9.697e-01  9.697e-01  9.697e-01  9.697e-01 	
 9.465e-01  9.465e-01  9.465e-01  9.465e-01  9.465e-01  9.465e-01  9.465e-01  9.465e-01  9.465e-01  9.465e-01  9.465e-01  9.465e-01  9.465e-01  9.465e-01  9.465e-01  9.465e-01  9.465e-01  9.465e-01  9.465e-01  9.465e-01  9.465e-01  9.465e-01  9.465e-01  9.465e-01  9.465e-01  9.465e-01  9.465e-01  9.465e-01  9.465e-01  9.465e-01  9.465e-01  9.465e-01  9.465e-01  9.465e-01  9.465e-01  9.465e-01  9.465e-01  9.465e-01  9.465e-01  9.465e-01  9.465e-01  9.465e-01  9.465e-01  9.465e-01  9.465e-01  9.465e-01  9.465e-01  9.465e-01  9.465e-01  9.465e-01 	
 9.588e-01  9.588e-01  9.588e-01  9.588e-01  9.588e-01  9.588e-01  9.588e-01  9.588e-01  9.588e-01  9.588e-01  9.588e-01  9.588e-01  9.588e-01  9.588e-01  9.588e-01  9.588e-01  9.588e-01  9.588e-01  9.588e-01  9.588e-01  9.588e-01  9.588e-01  9.588e-01  9.588e-01  9.588e-01  9.588e-01  9.588e-01  9.588e-01  9.588e-01  9.588e-01  9.588e-01  9.588e-01  9.588e-01  9.588e-01  9.588e-01  9.588e-01  9.588e-01  9.588e-01  9.588e-01  9.588e-01  9.588e-01  9.588e-01  9.588e-01  9.588e-01  9.588e-01  9.588e-01  9.588e-01  9.588e-01  9.588e-01  9.588e-01 	
 9.433e-01  9.433e-01  9.433e-01  9.433e-01  9.433e-01  9.433e-01  9.433e-01  9.433e-01  9.433e-01  9.433e-01  9.433e-01  9.433e-01  9.433e-01  9.433e-01  9.433e-01  9.433e-01  9.433e-01  9.433e-01  9.433e-01  9.433e-01  9.433e-01  9.433e-01  9.433e-01  9.433e-01  9.433e-01  9.433e-01  9.433e-01  9.433e-01  9.433e-01  9.433e-01  9.433e-01  9.433e-01  9.433e-01  9.433e-01  9.433e-01  9.433e-01  9.433e-01  9.433e-01  9.433e-01  9.433e-01  9.433e-01  9.433e-01  9.433e-01  9.433e-01  9.433e-01  9.433e-01  9.433e-01  9.433e-01  9.433e-01  9.433e-01 	
 9.378e-01  9.378e-01  9.378e-01  9.378e-01  9.378e-01  9.378e-01  9.378e-01  9.378e-01  9.378e-01  9.378e-01  9.378e-01  9.378e-01  9.378e-01  9.378e-01  9.378e-01  9.378e-01  9.378e-01  9.378e-01  9.378e-01  9.378e-01  9.378e-01  9.378e-01  9.378e-01  9.378e-01  9.378e-01  9.378e-01  9.378e-01  9.378e-01  9.378e-01  9.378e-01  9.378e-01  9.378e-01  9.378e-01  9.378e-01  9.378e-01  9.378e-01  9.378e-01  9.378e-01  9.378e-01  9.378e-01  9.378e-01  9.378e-01  9.378e-01  9.378e-01  9.378e-01  9.378e-01  9.378e-01  9.378e-01  9.378e-01  9.378e-01 	
 9.403e-01  9.403e-01  9.403e-01  9.403e-01  9.403e-01  9.403e-01  9.403e-01  9.403e-01  9.403e-01  9.403e-01  9.403e-01  9.403e-01  9.403e-01  9.403e-01  9.403e-01  9.403e-01  9.403e-01  9.403e-01  9.403e-01  9.403e-01  9.403e-01  9.403e-01  9.403e-01  9.403e-01  9.403e-01  9.403e-01  9.403e-01  9.403e-01  9.403e-01  9.403e-01  9.403e-01  9.403e-01  9.403e-01  9.403e-01  9.403e-01  9.403e-01  9.403e-01  9.403e-01  9.403e-01  9.403e-01  9.403e-01  9.403e-01  9.403e-01  9.403e-01  9.403e-01  9.403e-01  9.403e-01  9.403e-01  9.403e-01  9.403e-01 	
 9.285e-01  9.285e-01  9.285e-01  9.285e-01  9.285e-01  9.285e-01  9.285e-01  9.285e-01  9.285e-01  9.285e-01  9.285e-01  9.285e-01  9.285e-01  9.285e-01  9.285e-01  9.285e-01  9.285e-01  9.285e-01  9.285e-01  9.285e-01  9.285e-01  9.285e-01  9.285e-01  9.285e-01  9.285e-01  9.285e-01  9.285e-01  9.285e-01  9.285e-01  9.285e-01  9.285e-01  9.285e-01  9.285e-01  9.285e-01  9.285e-01  9.285e-01  9.285e-01  9.285e-01  9.285e-01  9.285e-01  9.285e-01  9.285e-01  9.285e-01  9.285e-01  9.285e-01  9.285e-01  9.285e-01  9.285e-01  9.285e-01  9.285e-01 	
 9.211e-01  9.211e-01  9.211e-01  9.211e-01  9.211e-01  9.211e-01  9.211e-01  9.211e-01  9.211e-01  9.211e-01  9.211e-01  9.211e-01  9.211e-01  9.211e-01  9.211e-01  9.211e-01  9.211e-01  9.211e-01  9.211e-01  9.211e-01  9.211e-01  9.211e-01  9.211e-01  9.211e-01  9.211e-01  9.211e-01  9.211e-01  9.211e-01  9.211e-01  9.211e-01  9.211e-01  9.211e-01  9.211e-01  9.211e-01  9.211e-01  9.211e-01  9.211e-01  9.211e-01  9.211e-01  9.211e-01  9.211e-01  9.211e-01  9.211e-01  9.211e-01  9.211e-01  9.211e-01  9.211e-01  9.211e-01  9.211e-01  9.211e-01 	
 9.146e-01  9.146e-01  9.146e-01  9.146e-01  9.146e-01  9.146e-01  9.146e-01  9.146e-01  9.146e-01  9.146e-01  9.146e-01  9.146e-01  9.146e-01  9.146e-01  9.146e-01  9.146e-01  9.146e-01  9.146e-01  9.146e-01  9.146e-01  9.146e-01  9.146e-01  9.146e-01  9.146e-01  9.146e-01  9.146e-01  9.146e-01  9.146e-01  9.146e-01  9.146e-01  9.146e-01  9.146e-01  9.146e-01  9.146e-01  9.146e-01  9.146e-01  9.146e-01  9.146e-01  9.146e-01  9.146e-01  9.146e-01  9.146e-01  9.146e-01  9.146e-01  9.146e-01  9.146e-01  9.146e-01  9.146e-01  9.146e-01  9.146e-01 	
 9.033e-01  9.033e-01  9.033e-01  9.033e-01  9.033e-01  9.033e-01  9.033e-01  9.033e-01  9.033e-01  9.033e-01  9.033e-01  9.033e-01  9.033e-01  9.033e-01  9.033e-01  9.033e-01  9.033e-01  9.033e-01  9.033e-01  9.033e-01  9.033e-01  9.033e-01  9.033e-01  9.033e-01  9.033e-01  9.033e-01  9.033e-01  9.033e-01  9.033e-01  9.033e-01  9.033e-01  9.033e-01  9.033e-01  9.033e-01  9.033e-01  9.033e-01  9.033e-01  9.033e-01  9.033e-01  9.033e-01  9.033e-01  9.033e-01  9.033e-01  9.033e-01  9.033e-01  9.033e-01  9.033e-01  9.033e-01  9.033e-01  9.033e-01 	
 8.926e-01  8.926e-01  8.926e-01  8.926e-01  8.926e-01  8.926e-01  8.926e-01  8.926e-01  8.926e-01  8.926e-01  8.926e-01  8.926e-01  8.926e-01  8.926e-01  8.926e-01  8.926e-01  8.926e-01  8.926e-01  8.926e-01  8.926e-01  8.926e-01  8.926e-01  8.926e-01  8.926e-01  8.926e-01  8.926e-01  8.926e-01  8.926e-01  8.926e-01  8.926e-01  8.926e-01  8.926e-01  8.926e-01  8.926e-01  8.926e-01  8.926e-01  8.926e-01  8.926e-01  8.926e-01  8.926e-01  8.926e-01  8.926e-01  8.926e-01  8.926e-01  8.926e-01  8.926e-01  8.926e-01  8.926e-01  8.926e-01  8.926e-01 	
 8.810e-01  8.810e-01  8.810e-01  8.810e-01  8.810e-01  8.810e-01  8.810e-01  8.810e-01  8.810e-01  8.810e-01  8.810e-01  8.810e-01  8.810e-01  8.810e-01  8.810e-01  8.810e-01  8.810e-01  8.810e-01  8.810e-01  8.810e-01  8.810e-01  8.810e-01  8.810e-01  8.810e-01  8.810e-01  8.810e-01  8.810e-01  8.810e-01  8.810e-01  8.810e-01  8.810e-01  8.810e-01  8.810e-01  8.810e-01  8.810e-01  8.810e-01  8.810e-01  8.810e-01  8.810e-01  8.810e-01  8.810e-01  8.810e-01  8.810e-01  8.810e-01  8.810e-01  8.810e-01  8.810e-01  8.810e-01  8.810e-01  8.810e-01 	
 8.635e-01  8.635e-01  8.635e-01  8.635e-01  8.635e-01  8.635e-01  8.635e-01  8.635e-01  8.635e-01  8.635e-01  8.635e-01  8.635e-01  8.635e-01  8.635e-01  8.635e-01  8.635e-01  8.635e-01  8.635e-01  8.635e-01  8.635e-01  8.635e-01  8.635e-01  8.635e-01  8.635e-01  8.635e-01  8.635e-01  8.635e-01  8.635e-01  8.635e-01  8.635e-01  8.635e-01  8.635e-01  8.635e-01  8.635e-01  8.635e-01  8.635e-01  8.635e-01  8.635e-01  8.635e-01  8.635e-01  8.635e-01  8.635e-01  8.635e-01  8.635e-01  8.635e-01  8.635e-01  8.635e-01  8.635e-01  8.635e-01  8.635e-01 	
 8.506e-01  8.506e-01  8.506e-01  8.506e-01  8.506e-01  8.506e-01  8.506e-01  8.506e-01  8.506e-01  8.506e-01  8.506e-01  8.506e-01  8.506e-01  8.506e-01  8.506e-01  8.506e-01  8.506e-01  8.506e-01  8.506e-01  8.506e-01  8.506e-01  8.506e-01  8.506e-01  8.506e-01  8.506e-01  8.506e-01  8.506e-01  8.506e-01  8.506e-01  8.506e-01  8.506e-01  8.506e-01  8.506e-01  8.506e-01  8.506e-01  8.506e-01  8.506e-01  8.506e-01  8.506e-01  8.506e-01  8.506e-01  8.506e-01  8.506e-01  8.506e-01  8.506e-01  8.506e-01  8.506e-01  8.506e-01  8.506e-01  8.506e-01 	
 8.354e-01  8.354e-01  8.354e-01  8.354e-01  8.354e-01  8.354e-01  8.354e-01  8.354e-01  8.354e-01  8.354e-01  8.354e-01  8.354e-01  8.354e-01  8.354e-01  8.354e-01  8.354e-01  8.354e-01  8.354e-01  8.354e-01  8.354e-01  8.354e-01  8.354e-01  8.354e-01  8.354e-01  8.354e-01  8.354e-01  8.354e-01  8.354e-01  8.354e-01  8.354e-01  8.354e-01  8.354e-01  8.354e-01  8.354e-01  8.354e-01  8.354e-01  8.354e-01  8.354e-01  8.354e-01  8.354e-01  8.354e-01  8.354e-01  8.354e-01  8.354e-01  8.354e-01  8.354e-01  8.354e-01  8.354e-01  8.354e-01  8.354e-01 	
 8.188e-01  8.188e-01  8.188e-01  8.188e-01  8.188e-01  8.188e-01  8.188e-01  8.188e-01  8.188e-01  8.188e-01  8.188e-01  8.188e-01  8.188e-01  8.188e-01  8.188e-01  8.188e-01  8.188e-01  8.188e-01  8.188e-01  8.188e-01  8.188e-01  8.188e-01  8.188e-01  8.188e-01  8.188e-01  8.188e-01  8.188e-01  8.188e-01  8.188e-01  8.188e-01  8.188e-01  8.188e-01  8.188e-01  8.188e-01  8.188e-01  8.188e-01  8.188e-01  8.188e-01  8.188e-01  8.188e-01  8.188e-01  8.188e-01  8.188e-01  8.188e-01  8.188e-01  8.188e-01  8.188e-01  8.188e-01  8.188e-01  8.188e-01 	
 7.989e-01  7.989e-01  7.989e-01  7.989e-01  7.989e-01  7.989e-01  7.989e-01  7.989e-01  7.989e-01  7.989e-01  7.989e-01  7.989e-01  7.989e-01  7.989e-01  7.989e-01  7.989e-01  7.989e-01  7.989e-01  7.989e-01  7.989e-01  7.989e-01  7.989e-01  7.989e-01  7.989e-01  7.989e-01  7.989e-01  7.989e-01  7.989e-01  7.989e-01  7.989e-01  7.989e-01  7.989e-01  7.989e-01  7.989e-01  7.989e-01  7.989e-01  7.989e-01  7.989e-01  7.989e-01  7.989e-01  7.989e-01  7.989e-01  7.989e-01  7.989e-01  7.989e-01  7.989e-01  7.989e-01  7.989e-01  7.989e-01  7.989e-01 	
 7.837e-01  7.837e-01  7.837e-01  7.837e-01  7.837e-01  7.837e-01  7.837e-01  7.837e-01  7.837e-01  7.837e-01  7.837e-01  7.837e-01  7.837e-01  7.837e-01  7.837e-01  7.837e-01  7.837e-01  7.837e-01  7.837e-01  7.837e-01  7.837e-01  7.837e-01  7.837e-01  7.837e-01  7.837e-01  7.837e-01  7.837e-01  7.837e-01  7.837e-01  7.837e-01  7.837e-01  7.837e-01  7.837e-01  7.837e-01  7.837e-01  7.837e-01  7.837e-01  7.837e-01  7.837e-01  7.837e-01  7.837e-01  7.837e-01  7.837e-01  7.837e-01  7.837e-01  7.837e-01  7.837e-01  7.837e-01  7.837e-01  7.837e-01 	
 7.639e-01  7.639e-01  7.639e-01  7.639e-01  7.639e-01  7.639e-01  7.639e-01  7.639e-01  7.639e-01  7.639e-01  7.639e-01  7.639e-01  7.639e-01  7.639e-01  7.639e-01  7.639e-01  7.639e-01  7.639e-01  7.639e-01  7.639e-01  7.639e-01  7.639e-01  7.639e-01  7.639e-01  7.639e-01  7.639e-01  7.639e-01  7.639e-01  7.639e-01  7.639e-01  7.639e-01  7.639e-01  7.639e-01  7.639e-01  7.639e-01  7.639e-01  7.639e-01  7.639e-01  7.639e-01  7.639e-01  7.639e-01  7.639e-01  7.639e-01  7.639e-01  7.639e-01  7.639e-01  7.639e-01  7.639e-01  7.639e-01  7.639e-01 	
 7.464e-01  7.464e-01  7.464e-01  7.464e-01  7.464e-01  7.464e-01  7.464e-01  7.464e-01  7.464e-01  7.464e-01  7.464e-01  7.464e-01  7.464e-01  7.464e-01  7.464e-01  7.464e-01  7.464e-01  7.464e-01  7.464e-01  7.464e-01  7.464e-01  7.464e-01  7.464e-01  7.464e-01  7.464e-01  7.464e-01  7.464e-01  7.464e-01  7.464e-01  7.464e-01  7.464e-01  7.464e-01  7.464e-01  7.464e-01  7.464e-01  7.464e-01  7.464e-01  7.464e-01  7.464e-01  7.464e-01  7.464e-01  7.464e-01  7.464e-01  7.464e-01  7.464e-01  7.464e-01  7.464e-01  7.464e-01  7.464e-01  7.464e-01 	
 7.262e-01  7.262e-01  7.262e-01  7.262e-01  7.262e-01  7.262e-01  7.262e-01  7.262e-01  7.262e-01  7.262e-01  7.262e-01  7.262e-01  7.262e-01  7.262e-01  7.262e-01  7.262e-01  7.262e-01  7.262e-01  7.262e-01  7.262e-01  7.262e-01  7.262e-01  7.262e-01  7.262e-01  7.262e-01  7.262e-01  7.262e-01  7.262e-01  7.262e-01  7.262e-01  7.262e-01  7.262e-01  7.262e-01  7.262e-01  7.262e-01  7.262e-01  7.262e-01  7.262e-01  7.262e-01  7.262e-01  7.262e-01  7.262e-01  7.262e-01  7.262e-01  7.262e-01  7.262e-01  7.262e-01  7.262e-01  7.262e-01  7.262e-01 	
 7.064e-01  7.064e-01  7.064e-01  7.064e-01  7.064e-01  7.064e-01  7.064e-01  7.064e-01  7.064e-01  7.064e-01  7.064e-01  7.064e-01  7.064e-01  7.064e-01  7.064e-01  7.064e-01  7.064e-01  7.064e-01  7.064e-01  7.064e-01  7.064e-01  7.064e-01  7.064e-01  7.064e-01  7.064e-01  7.064e-01  7.064e-01  7.064e-01  7.064e-01  7.064e-01  7.064e-01  7.064e-01  7.064e-01  7.064e-01  7.064e-01  7.064e-01  7.064e-01  7.064e-01  7.064e-01  7.064e-01  7.064e-01  7.064e-01  7.064e-01  7.064e-01  7.064e-01  7.064e-01  7.064e-01  7.064e-01  7.064e-01  7.064e-01 	
 6.884e-01  6.884e-01  6.884e-01  6.884e-01  6.884e-01  6.884e-01  6.884e-01  6.884e-01  6.884e-01  6.884e-01  6.884e-01  6.884e-01  6.884e-01  6.884e-01  6.884e-01  6.884e-01  6.884e-01  6.884e-01  6.884e-01  6.884e-01  6.884e-01  6.884e-01  6.884e-01  6.884e-01  6.884e-01  6.884e-01  6.884e-01  6.884e-01  6.884e-01  6.884e-01  6.884e-01  6.884e-01  6.884e-01  6.884e-01  6.884e-01  6.884e-01  6.884e-01  6.884e-01  6.884e-01  6.884e-01  6.884e-01  6.884e-01  6.884e-01  6.884e-01  6.884e-01  6.884e-01  6.884e-01  6.884e-01  6.884e-01  6.884e-01 	
 6.722e-01  6.722e-01  6.722e-01  6.722e-01  6.722e-01  6.722e-01  6.722e-01  6.722e-01  6.722e-01  6.722e-01  6.722e-01  6.722e-01  6.722e-01  6.722e-01  6.722e-01  6.722e-01  6.722e-01  6.722e-01  6.722e-01  6.722e-01  6.722e-01  6.722e-01  6.722e-01  6.722e-01  6.722e-01  6.722e-01  6.722e-01  6.722e-01  6.722e-01  6.722e-01  6.722e-01  6.722e-01  6.722e-01  6.722e-01  6.722e-01  6.722e-01  6.722e-01  6.722e-01  6.722e-01  6.722e-01  6.722e-01  6.722e-01  6.722e-01  6.722e-01  6.722e-01  6.722e-01  6.722e-01  6.722e-01  6.722e-01  6.722e-01 	
 6.569e-01  6.569e-01  6.569e-01  6.569e-01  6.569e-01  6.569e-01  6.569e-01  6.569e-01  6.569e-01  6.569e-01  6.569e-01  6.569e-01  6.569e-01  6.569e-01  6.569e-01  6.569e-01  6.569e-01  6.569e-01  6.569e-01  6.569e-01  6.569e-01  6.569e-01  6.569e-01  6.569e-01  6.569e-01  6.569e-01  6.569e-01  6.569e-01  6.569e-01  6.569e-01  6.569e-01  6.569e-01  6.569e-01  6.569e-01  6.569e-01  6.569e-01  6.569e-01  6.569e-01  6.569e-01  6.569e-01  6.569e-01  6.569e-01  6.569e-01  6.569e-01  6.569e-01  6.569e-01  6.569e-01  6.569e-01  6.569e-01  6.569e-01 	
 6.430e-01  6.430e-01  6.430e-01  6.430e-01  6.430e-01  6.430e-01  6.430e-01  6.430e-01  6.430e-01  6.430e-01  6.430e-01  6.430e-01  6.430e-01  6.430e-01  6.430e-01  6.430e-01  6.430e-01  6.430e-01  6.430e-01  6.430e-01  6.430e-01  6.430e-01  6.430e-01  6.430e-01  6.430e-01  6.430e-01  6.430e-01  6.430e-01  6.430e-01  6.430e-01  6.430e-01  6.430e-01  6.430e-01  6.430e-01  6.430e-01  6.430e-01  6.430e-01  6.430e-01  6.430e-01  6.430e-01  6.430e-01  6.430e-01  6.430e-01  6.430e-01  6.430e-01  6.430e-01  6.430e-01  6.430e-01  6.430e-01  6.430e-01 	
 6.309e-01  6.309e-01  6.309e-01  6.309e-01  6.309e-01  6.309e-01  6.309e-01  6.309e-01  6.309e-01  6.309e-01  6.309e-01  6.309e-01  6.309e-01  6.309e-01  6.309e-01  6.309e-01  6.309e-01  6.309e-01  6.309e-01  6.309e-01  6.309e-01  6.309e-01  6.309e-01  6.309e-01  6.309e-01  6.309e-01  6.309e-01  6.309e-01  6.309e-01  6.309e-01  6.309e-01  6.309e-01  6.309e-01  6.309e-01  6.309e-01  6.309e-01  6.309e-01  6.309e-01  6.309e-01  6.309e-01  6.309e-01  6.309e-01  6.309e-01  6.309e-01  6.309e-01  6.309e-01  6.309e-01  6.309e-01  6.309e-01  6.309e-01 	
 6.218e-01  6.218e-01  6.218e-01  6.218e-01  6.218e-01  6.218e-01  6.218e-01  6.218e-01  6.218e-01  6.218e-01  6.218e-01  6.218e-01  6.218e-01  6.218e-01  6.218e-01  6.218e-01  6.218e-01  6.218e-01  6.218e-01  6.218e-01  6.218e-01  6.218e-01  6.218e-01  6.218e-01  6.218e-01  6.218e-01  6.218e-01  6.218e-01  6.218e-01  6.218e-01  6.218e-01  6.218e-01  6.218e-01  6.218e-01  6.218e-01  6.218e-01  6.218e-01  6.218e-01  6.218e-01  6.218e-01  6.218e-01  6.218e-01  6.218e-01  6.218e-01  6.218e-01  6.218e-01  6.218e-01  6.218e-01  6.218e-01  6.218e-01 	
 6.142e-01  6.142e-01  6.142e-01  6.142e-01  6.142e-01  6.142e-01  6.142e-01  6.142e-01  6.142e-01  6.142e-01  6.142e-01  6.142e-01  6.142e-01  6.142e-01  6.142e-01  6.142e-01  6.142e-01  6.142e-01  6.142e-01  6.142e-01  6.142e-01  6.142e-01  6.142e-01  6.142e-01  6.142e-01  6.142e-01  6.142e-01  6.142e-01  6.142e-01  6.142e-01  6.142e-01  6.142e-01  6.142e-01  6.142e-01  6.142e-01  6.142e-01  6.142e-01  6.142e-01  6.142e-01  6.142e-01  6.142e-01  6.142e-01  6.142e-01  6.142e-01  6.142e-01  6.142e-01  6.142e-01  6.142e-01  6.142e-01  6.142e-01 	
 6.087e-01  6.087e-01  6.087e-01  6.087e-01  6.087e-01  6.087e-01  6.087e-01  6.087e-01  6.087e-01  6.087e-01  6.087e-01  6.087e-01  6.087e-01  6.087e-01  6.087e-01  6.087e-01  6.087e-01  6.087e-01  6.087e-01  6.087e-01  6.087e-01  6.087e-01  6.087e-01  6.087e-01  6.087e-01  6.087e-01  6.087e-01  6.087e-01  6.087e-01  6.087e-01  6.087e-01  6.087e-01  6.087e-01  6.087e-01  6.087e-01  6.087e-01  6.087e-01  6.087e-01  6.087e-01  6.087e-01  6.087e-01  6.087e-01  6.087e-01  6.087e-01  6.087e-01  6.087e-01  6.087e-01  6.087e-01  6.087e-01  6.087e-01 	
