 9.977e-01  9.977e-01  9.977e-01  9.977e-01  9.977e-01  9.977e-01  9.977e-01  9.977e-01  9.977e-01  9.977e-01  9.977e-01  9.977e-01  9.977e-01  9.977e-01  9.977e-01  9.977e-01  9.977e-01  9.977e-01  9.977e-01  9.977e-01  9.977e-01  9.977e-01  9.977e-01  9.977e-01  9.977e-01  9.977e-01  9.977e-01  9.977e-01  9.977e-01  9.977e-01  9.977e-01  9.977e-01  9.977e-01  9.977e-01  9.977e-01  9.977e-01  9.977e-01  9.977e-01  9.977e-01  9.977e-01  9.977e-01  9.977e-01  9.977e-01  9.977e-01  9.977e-01  9.977e-01  9.977e-01  9.977e-01  9.977e-01  9.977e-01 	
 9.982e-01  9.982e-01  9.982e-01  9.982e-01  9.982e-01  9.982e-01  9.982e-01  9.982e-01  9.982e-01  9.982e-01  9.982e-01  9.982e-01  9.982e-01  9.982e-01  9.982e-01  9.982e-01  9.982e-01  9.982e-01  9.982e-01  9.982e-01  9.982e-01  9.982e-01  9.982e-01  9.982e-01  9.982e-01  9.982e-01  9.982e-01  9.982e-01  9.982e-01  9.982e-01  9.982e-01  9.982e-01  9.982e-01  9.982e-01  9.982e-01  9.982e-01  9.982e-01  9.982e-01  9.982e-01  9.982e-01  9.982e-01  9.982e-01  9.982e-01  9.982e-01  9.982e-01  9.982e-01  9.982e-01  9.982e-01  9.982e-01  9.982e-01 	
 9.982e-01  9.982e-01  9.982e-01  9.982e-01  9.982e-01  9.982e-01  9.982e-01  9.982e-01  9.982e-01  9.982e-01  9.982e-01  9.982e-01  9.982e-01  9.982e-01  9.982e-01  9.982e-01  9.982e-01  9.982e-01  9.982e-01  9.982e-01  9.982e-01  9.982e-01  9.982e-01  9.982e-01  9.982e-01  9.982e-01  9.982e-01  9.982e-01  9.982e-01  9.982e-01  9.982e-01  9.982e-01  9.982e-01  9.982e-01  9.982e-01  9.982e-01  9.982e-01  9.982e-01  9.982e-01  9.982e-01  9.982e-01  9.982e-01  9.982e-01  9.982e-01  9.982e-01  9.982e-01  9.982e-01  9.982e-01  9.982e-01  9.982e-01 	
 9.980e-01  9.980e-01  9.980e-01  9.980e-01  9.980e-01  9.980e-01  9.980e-01  9.980e-01  9.980e-01  9.980e-01  9.980e-01  9.980e-01  9.980e-01  9.980e-01  9.980e-01  9.980e-01  9.980e-01  9.980e-01  9.980e-01  9.980e-01  9.980e-01  9.980e-01  9.980e-01  9.980e-01  9.980e-01  9.980e-01  9.980e-01  9.980e-01  9.980e-01  9.980e-01  9.980e-01  9.980e-01  9.980e-01  9.980e-01  9.980e-01  9.980e-01  9.980e-01  9.980e-01  9.980e-01  9.980e-01  9.980e-01  9.980e-01  9.980e-01  9.980e-01  9.980e-01  9.980e-01  9.980e-01  9.980e-01  9.980e-01  9.980e-01 	
 9.986e-01  9.986e-01  9.986e-01  9.986e-01  9.986e-01  9.986e-01  9.986e-01  9.986e-01  9.986e-01  9.986e-01  9.986e-01  9.986e-01  9.986e-01  9.986e-01  9.986e-01  9.986e-01  9.986e-01  9.986e-01  9.986e-01  9.986e-01  9.986e-01  9.986e-01  9.986e-01  9.986e-01  9.986e-01  9.986e-01  9.986e-01  9.986e-01  9.986e-01  9.986e-01  9.986e-01  9.986e-01  9.986e-01  9.986e-01  9.986e-01  9.986e-01  9.986e-01  9.986e-01  9.986e-01  9.986e-01  9.986e-01  9.986e-01  9.986e-01  9.986e-01  9.986e-01  9.986e-01  9.986e-01  9.986e-01  9.986e-01  9.986e-01 	
 9.988e-01  9.988e-01  9.988e-01  9.988e-01  9.988e-01  9.988e-01  9.988e-01  9.988e-01  9.988e-01  9.988e-01  9.988e-01  9.988e-01  9.988e-01  9.988e-01  9.988e-01  9.988e-01  9.988e-01  9.988e-01  9.988e-01  9.988e-01  9.988e-01  9.988e-01  9.988e-01  9.988e-01  9.988e-01  9.988e-01  9.988e-01  9.988e-01  9.988e-01  9.988e-01  9.988e-01  9.988e-01  9.988e-01  9.988e-01  9.988e-01  9.988e-01  9.988e-01  9.988e-01  9.988e-01  9.988e-01  9.988e-01  9.988e-01  9.988e-01  9.988e-01  9.988e-01  9.988e-01  9.988e-01  9.988e-01  9.988e-01  9.988e-01 	
 9.971e-01  9.971e-01  9.971e-01  9.971e-01  9.971e-01  9.971e-01  9.971e-01  9.971e-01  9.971e-01  9.971e-01  9.971e-01  9.971e-01  9.971e-01  9.971e-01  9.971e-01  9.971e-01  9.971e-01  9.971e-01  9.971e-01  9.971e-01  9.971e-01  9.971e-01  9.971e-01  9.971e-01  9.971e-01  9.971e-01  9.971e-01  9.971e-01  9.971e-01  9.971e-01  9.971e-01  9.971e-01  9.971e-01  9.971e-01  9.971e-01  9.971e-01  9.971e-01  9.971e-01  9.971e-01  9.971e-01  9.971e-01  9.971e-01  9.971e-01  9.971e-01  9.971e-01  9.971e-01  9.971e-01  9.971e-01  9.971e-01  9.971e-01 	
 9.979e-01  9.979e-01  9.979e-01  9.979e-01  9.979e-01  9.979e-01  9.979e-01  9.979e-01  9.979e-01  9.979e-01  9.979e-01  9.979e-01  9.979e-01  9.979e-01  9.979e-01  9.979e-01  9.979e-01  9.979e-01  9.979e-01  9.979e-01  9.979e-01  9.979e-01  9.979e-01  9.979e-01  9.979e-01  9.979e-01  9.979e-01  9.979e-01  9.979e-01  9.979e-01  9.979e-01  9.979e-01  9.979e-01  9.979e-01  9.979e-01  9.979e-01  9.979e-01  9.979e-01  9.979e-01  9.979e-01  9.979e-01  9.979e-01  9.979e-01  9.979e-01  9.979e-01  9.979e-01  9.979e-01  9.979e-01  9.979e-01  9.979e-01 	
 9.935e-01  9.935e-01  9.935e-01  9.935e-01  9.935e-01  9.935e-01  9.935e-01  9.935e-01  9.935e-01  9.935e-01  9.935e-01  9.935e-01  9.935e-01  9.935e-01  9.935e-01  9.935e-01  9.935e-01  9.935e-01  9.935e-01  9.935e-01  9.935e-01  9.935e-01  9.935e-01  9.935e-01  9.935e-01  9.935e-01  9.935e-01  9.935e-01  9.935e-01  9.935e-01  9.935e-01  9.935e-01  9.935e-01  9.935e-01  9.935e-01  9.935e-01  9.935e-01  9.935e-01  9.935e-01  9.935e-01  9.935e-01  9.935e-01  9.935e-01  9.935e-01  9.935e-01  9.935e-01  9.935e-01  9.935e-01  9.935e-01  9.935e-01 	
 9.940e-01  9.940e-01  9.940e-01  9.940e-01  9.940e-01  9.940e-01  9.940e-01  9.940e-01  9.940e-01  9.940e-01  9.940e-01  9.940e-01  9.940e-01  9.940e-01  9.940e-01  9.940e-01  9.940e-01  9.940e-01  9.940e-01  9.940e-01  9.940e-01  9.940e-01  9.940e-01  9.940e-01  9.940e-01  9.940e-01  9.940e-01  9.940e-01  9.940e-01  9.940e-01  9.940e-01  9.940e-01  9.940e-01  9.940e-01  9.940e-01  9.940e-01  9.940e-01  9.940e-01  9.940e-01  9.940e-01  9.940e-01  9.940e-01  9.940e-01  9.940e-01  9.940e-01  9.940e-01  9.940e-01  9.940e-01  9.940e-01  9.940e-01 	
 9.901e-01  9.901e-01  9.901e-01  9.901e-01  9.901e-01  9.901e-01  9.901e-01  9.901e-01  9.901e-01  9.901e-01  9.901e-01  9.901e-01  9.901e-01  9.901e-01  9.901e-01  9.901e-01  9.901e-01  9.901e-01  9.901e-01  9.901e-01  9.901e-01  9.901e-01  9.901e-01  9.901e-01  9.901e-01  9.901e-01  9.901e-01  9.901e-01  9.901e-01  9.901e-01  9.901e-01  9.901e-01  9.901e-01  9.901e-01  9.901e-01  9.901e-01  9.901e-01  9.901e-01  9.901e-01  9.901e-01  9.901e-01  9.901e-01  9.901e-01  9.901e-01  9.901e-01  9.901e-01  9.901e-01  9.901e-01  9.901e-01  9.901e-01 	
 9.951e-01  9.951e-01  9.951e-01  9.951e-01  9.951e-01  9.951e-01  9.951e-01  9.951e-01  9.951e-01  9.951e-01  9.951e-01  9.951e-01  9.951e-01  9.951e-01  9.951e-01  9.951e-01  9.951e-01  9.951e-01  9.951e-01  9.951e-01  9.951e-01  9.951e-01  9.951e-01  9.951e-01  9.951e-01  9.951e-01  9.951e-01  9.951e-01  9.951e-01  9.951e-01  9.951e-01  9.951e-01  9.951e-01  9.951e-01  9.951e-01  9.951e-01  9.951e-01  9.951e-01  9.951e-01  9.951e-01  9.951e-01  9.951e-01  9.951e-01  9.951e-01  9.951e-01  9.951e-01  9.951e-01  9.951e-01  9.951e-01  9.951e-01 	
 9.959e-01  9.959e-01  9.959e-01  9.959e-01  9.959e-01  9.959e-01  9.959e-01  9.959e-01  9.959e-01  9.959e-01  9.959e-01  9.959e-01  9.959e-01  9.959e-01  9.959e-01  9.959e-01  9.959e-01  9.959e-01  9.959e-01  9.959e-01  9.959e-01  9.959e-01  9.959e-01  9.959e-01  9.959e-01  9.959e-01  9.959e-01  9.959e-01  9.959e-01  9.959e-01  9.959e-01  9.959e-01  9.959e-01  9.959e-01  9.959e-01  9.959e-01  9.959e-01  9.959e-01  9.959e-01  9.959e-01  9.959e-01  9.959e-01  9.959e-01  9.959e-01  9.959e-01  9.959e-01  9.959e-01  9.959e-01  9.959e-01  9.959e-01 	
 9.850e-01  9.850e-01  9.850e-01  9.850e-01  9.850e-01  9.850e-01  9.850e-01  9.850e-01  9.850e-01  9.850e-01  9.850e-01  9.850e-01  9.850e-01  9.850e-01  9.850e-01  9.850e-01  9.850e-01  9.850e-01  9.850e-01  9.850e-01  9.850e-01  9.850e-01  9.850e-01  9.850e-01  9.850e-01  9.850e-01  9.850e-01  9.850e-01  9.850e-01  9.850e-01  9.850e-01  9.850e-01  9.850e-01  9.850e-01  9.850e-01  9.850e-01  9.850e-01  9.850e-01  9.850e-01  9.850e-01  9.850e-01  9.850e-01  9.850e-01  9.850e-01  9.850e-01  9.850e-01  9.850e-01  9.850e-01  9.850e-01  9.850e-01 	
 9.916e-01  9.916e-01  9.916e-01  9.916e-01  9.916e-01  9.916e-01  9.916e-01  9.916e-01  9.916e-01  9.916e-01  9.916e-01  9.916e-01  9.916e-01  9.916e-01  9.916e-01  9.916e-01  9.916e-01  9.916e-01  9.916e-01  9.916e-01  9.916e-01  9.916e-01  9.916e-01  9.916e-01  9.916e-01  9.916e-01  9.916e-01  9.916e-01  9.916e-01  9.916e-01  9.916e-01  9.916e-01  9.916e-01  9.916e-01  9.916e-01  9.916e-01  9.916e-01  9.916e-01  9.916e-01  9.916e-01  9.916e-01  9.916e-01  9.916e-01  9.916e-01  9.916e-01  9.916e-01  9.916e-01  9.916e-01  9.916e-01  9.916e-01 	
 9.915e-01  9.915e-01  9.915e-01  9.915e-01  9.915e-01  9.915e-01  9.915e-01  9.915e-01  9.915e-01  9.915e-01  9.915e-01  9.915e-01  9.915e-01  9.915e-01  9.915e-01  9.915e-01  9.915e-01  9.915e-01  9.915e-01  9.915e-01  9.915e-01  9.915e-01  9.915e-01  9.915e-01  9.915e-01  9.915e-01  9.915e-01  9.915e-01  9.915e-01  9.915e-01  9.915e-01  9.915e-01  9.915e-01  9.915e-01  9.915e-01  9.915e-01  9.915e-01  9.915e-01  9.915e-01  9.915e-01  9.915e-01  9.915e-01  9.915e-01  9.915e-01  9.915e-01  9.915e-01  9.915e-01  9.915e-01  9.915e-01  9.915e-01 	
 9.857e-01  9.857e-01  9.857e-01  9.857e-01  9.857e-01  9.857e-01  9.857e-01  9.857e-01  9.857e-01  9.857e-01  9.857e-01  9.857e-01  9.857e-01  9.857e-01  9.857e-01  9.857e-01  9.857e-01  9.857e-01  9.857e-01  9.857e-01  9.857e-01  9.857e-01  9.857e-01  9.857e-01  9.857e-01  9.857e-01  9.857e-01  9.857e-01  9.857e-01  9.857e-01  9.857e-01  9.857e-01  9.857e-01  9.857e-01  9.857e-01  9.857e-01  9.857e-01  9.857e-01  9.857e-01  9.857e-01  9.857e-01  9.857e-01  9.857e-01  9.857e-01  9.857e-01  9.857e-01  9.857e-01  9.857e-01  9.857e-01  9.857e-01 	
 9.657e-01  9.657e-01  9.657e-01  9.657e-01  9.657e-01  9.657e-01  9.657e-01  9.657e-01  9.657e-01  9.657e-01  9.657e-01  9.657e-01  9.657e-01  9.657e-01  9.657e-01  9.657e-01  9.657e-01  9.657e-01  9.657e-01  9.657e-01  9.657e-01  9.657e-01  9.657e-01  9.657e-01  9.657e-01  9.657e-01  9.657e-01  9.657e-01  9.657e-01  9.657e-01  9.657e-01  9.657e-01  9.657e-01  9.657e-01  9.657e-01  9.657e-01  9.657e-01  9.657e-01  9.657e-01  9.657e-01  9.657e-01  9.657e-01  9.657e-01  9.657e-01  9.657e-01  9.657e-01  9.657e-01  9.657e-01  9.657e-01  9.657e-01 	
 9.889e-01  9.889e-01  9.889e-01  9.889e-01  9.889e-01  9.889e-01  9.889e-01  9.889e-01  9.889e-01  9.889e-01  9.889e-01  9.889e-01  9.889e-01  9.889e-01  9.889e-01  9.889e-01  9.889e-01  9.889e-01  9.889e-01  9.889e-01  9.889e-01  9.889e-01  9.889e-01  9.889e-01  9.889e-01  9.889e-01  9.889e-01  9.889e-01  9.889e-01  9.889e-01  9.889e-01  9.889e-01  9.889e-01  9.889e-01  9.889e-01  9.889e-01  9.889e-01  9.889e-01  9.889e-01  9.889e-01  9.889e-01  9.889e-01  9.889e-01  9.889e-01  9.889e-01  9.889e-01  9.889e-01  9.889e-01  9.889e-01  9.889e-01 	
 9.641e-01  9.641e-01  9.641e-01  9.641e-01  9.641e-01  9.641e-01  9.641e-01  9.641e-01  9.641e-01  9.641e-01  9.641e-01  9.641e-01  9.641e-01  9.641e-01  9.641e-01  9.641e-01  9.641e-01  9.641e-01  9.641e-01  9.641e-01  9.641e-01  9.641e-01  9.641e-01  9.641e-01  9.641e-01  9.641e-01  9.641e-01  9.641e-01  9.641e-01  9.641e-01  9.641e-01  9.641e-01  9.641e-01  9.641e-01  9.641e-01  9.641e-01  9.641e-01  9.641e-01  9.641e-01  9.641e-01  9.641e-01  9.641e-01  9.641e-01  9.641e-01  9.641e-01  9.641e-01  9.641e-01  9.641e-01  9.641e-01  9.641e-01 	
 9.844e-01  9.844e-01  9.844e-01  9.844e-01  9.844e-01  9.844e-01  9.844e-01  9.844e-01  9.844e-01  9.844e-01  9.844e-01  9.844e-01  9.844e-01  9.844e-01  9.844e-01  9.844e-01  9.844e-01  9.844e-01  9.844e-01  9.844e-01  9.844e-01  9.844e-01  9.844e-01  9.844e-01  9.844e-01  9.844e-01  9.844e-01  9.844e-01  9.844e-01  9.844e-01  9.844e-01  9.844e-01  9.844e-01  9.844e-01  9.844e-01  9.844e-01  9.844e-01  9.844e-01  9.844e-01  9.844e-01  9.844e-01  9.844e-01  9.844e-01  9.844e-01  9.844e-01  9.844e-01  9.844e-01  9.844e-01  9.844e-01  9.844e-01 	
 9.610e-01  9.610e-01  9.610e-01  9.610e-01  9.610e-01  9.610e-01  9.610e-01  9.610e-01  9.610e-01  9.610e-01  9.610e-01  9.610e-01  9.610e-01  9.610e-01  9.610e-01  9.610e-01  9.610e-01  9.610e-01  9.610e-01  9.610e-01  9.610e-01  9.610e-01  9.610e-01  9.610e-01  9.610e-01  9.610e-01  9.610e-01  9.610e-01  9.610e-01  9.610e-01  9.610e-01  9.610e-01  9.610e-01  9.610e-01  9.610e-01  9.610e-01  9.610e-01  9.610e-01  9.610e-01  9.610e-01  9.610e-01  9.610e-01  9.610e-01  9.610e-01  9.610e-01  9.610e-01  9.610e-01  9.610e-01  9.610e-01  9.610e-01 	
 9.794e-01  9.794e-01  9.794e-01  9.794e-01  9.794e-01  9.794e-01  9.794e-01  9.794e-01  9.794e-01  9.794e-01  9.794e-01  9.794e-01  9.794e-01  9.794e-01  9.794e-01  9.794e-01  9.794e-01  9.794e-01  9.794e-01  9.794e-01  9.794e-01  9.794e-01  9.794e-01  9.794e-01  9.794e-01  9.794e-01  9.794e-01  9.794e-01  9.794e-01  9.794e-01  9.794e-01  9.794e-01  9.794e-01  9.794e-01  9.794e-01  9.794e-01  9.794e-01  9.794e-01  9.794e-01  9.794e-01  9.794e-01  9.794e-01  9.794e-01  9.794e-01  9.794e-01  9.794e-01  9.794e-01  9.794e-01  9.794e-01  9.794e-01 	
 9.770e-01  9.770e-01  9.770e-01  9.770e-01  9.770e-01  9.770e-01  9.770e-01  9.770e-01  9.770e-01  9.770e-01  9.770e-01  9.770e-01  9.770e-01  9.770e-01  9.770e-01  9.770e-01  9.770e-01  9.770e-01  9.770e-01  9.770e-01  9.770e-01  9.770e-01  9.770e-01  9.770e-01  9.770e-01  9.770e-01  9.770e-01  9.770e-01  9.770e-01  9.770e-01  9.770e-01  9.770e-01  9.770e-01  9.770e-01  9.770e-01  9.770e-01  9.770e-01  9.770e-01  9.770e-01  9.770e-01  9.770e-01  9.770e-01  9.770e-01  9.770e-01  9.770e-01  9.770e-01  9.770e-01  9.770e-01  9.770e-01  9.770e-01 	
 9.661e-01  9.661e-01  9.661e-01  9.661e-01  9.661e-01  9.661e-01  9.661e-01  9.661e-01  9.661e-01  9.661e-01  9.661e-01  9.661e-01  9.661e-01  9.661e-01  9.661e-01  9.661e-01  9.661e-01  9.661e-01  9.661e-01  9.661e-01  9.661e-01  9.661e-01  9.661e-01  9.661e-01  9.661e-01  9.661e-01  9.661e-01  9.661e-01  9.661e-01  9.661e-01  9.661e-01  9.661e-01  9.661e-01  9.661e-01  9.661e-01  9.661e-01  9.661e-01  9.661e-01  9.661e-01  9.661e-01  9.661e-01  9.661e-01  9.661e-01  9.661e-01  9.661e-01  9.661e-01  9.661e-01  9.661e-01  9.661e-01  9.661e-01 	
 9.601e-01  9.601e-01  9.601e-01  9.601e-01  9.601e-01  9.601e-01  9.601e-01  9.601e-01  9.601e-01  9.601e-01  9.601e-01  9.601e-01  9.601e-01  9.601e-01  9.601e-01  9.601e-01  9.601e-01  9.601e-01  9.601e-01  9.601e-01  9.601e-01  9.601e-01  9.601e-01  9.601e-01  9.601e-01  9.601e-01  9.601e-01  9.601e-01  9.601e-01  9.601e-01  9.601e-01  9.601e-01  9.601e-01  9.601e-01  9.601e-01  9.601e-01  9.601e-01  9.601e-01  9.601e-01  9.601e-01  9.601e-01  9.601e-01  9.601e-01  9.601e-01  9.601e-01  9.601e-01  9.601e-01  9.601e-01  9.601e-01  9.601e-01 	
 9.673e-01  9.673e-01  9.673e-01  9.673e-01  9.673e-01  9.673e-01  9.673e-01  9.673e-01  9.673e-01  9.673e-01  9.673e-01  9.673e-01  9.673e-01  9.673e-01  9.673e-01  9.673e-01  9.673e-01  9.673e-01  9.673e-01  9.673e-01  9.673e-01  9.673e-01  9.673e-01  9.673e-01  9.673e-01  9.673e-01  9.673e-01  9.673e-01  9.673e-01  9.673e-01  9.673e-01  9.673e-01  9.673e-01  9.673e-01  9.673e-01  9.673e-01  9.673e-01  9.673e-01  9.673e-01  9.673e-01  9.673e-01  9.673e-01  9.673e-01  9.673e-01  9.673e-01  9.673e-01  9.673e-01  9.673e-01  9.673e-01  9.673e-01 	
 9.584e-01  9.584e-01  9.584e-01  9.584e-01  9.584e-01  9.584e-01  9.584e-01  9.584e-01  9.584e-01  9.584e-01  9.584e-01  9.584e-01  9.584e-01  9.584e-01  9.584e-01  9.584e-01  9.584e-01  9.584e-01  9.584e-01  9.584e-01  9.584e-01  9.584e-01  9.584e-01  9.584e-01  9.584e-01  9.584e-01  9.584e-01  9.584e-01  9.584e-01  9.584e-01  9.584e-01  9.584e-01  9.584e-01  9.584e-01  9.584e-01  9.584e-01  9.584e-01  9.584e-01  9.584e-01  9.584e-01  9.584e-01  9.584e-01  9.584e-01  9.584e-01  9.584e-01  9.584e-01  9.584e-01  9.584e-01  9.584e-01  9.584e-01 	
 9.555e-01  9.555e-01  9.555e-01  9.555e-01  9.555e-01  9.555e-01  9.555e-01  9.555e-01  9.555e-01  9.555e-01  9.555e-01  9.555e-01  9.555e-01  9.555e-01  9.555e-01  9.555e-01  9.555e-01  9.555e-01  9.555e-01  9.555e-01  9.555e-01  9.555e-01  9.555e-01  9.555e-01  9.555e-01  9.555e-01  9.555e-01  9.555e-01  9.555e-01  9.555e-01  9.555e-01  9.555e-01  9.555e-01  9.555e-01  9.555e-01  9.555e-01  9.555e-01  9.555e-01  9.555e-01  9.555e-01  9.555e-01  9.555e-01  9.555e-01  9.555e-01  9.555e-01  9.555e-01  9.555e-01  9.555e-01  9.555e-01  9.555e-01 	
 9.479e-01  9.479e-01  9.479e-01  9.479e-01  9.479e-01  9.479e-01  9.479e-01  9.479e-01  9.479e-01  9.479e-01  9.479e-01  9.479e-01  9.479e-01  9.479e-01  9.479e-01  9.479e-01  9.479e-01  9.479e-01  9.479e-01  9.479e-01  9.479e-01  9.479e-01  9.479e-01  9.479e-01  9.479e-01  9.479e-01  9.479e-01  9.479e-01  9.479e-01  9.479e-01  9.479e-01  9.479e-01  9.479e-01  9.479e-01  9.479e-01  9.479e-01  9.479e-01  9.479e-01  9.479e-01  9.479e-01  9.479e-01  9.479e-01  9.479e-01  9.479e-01  9.479e-01  9.479e-01  9.479e-01  9.479e-01  9.479e-01  9.479e-01 	
 9.433e-01  9.433e-01  9.433e-01  9.433e-01  9.433e-01  9.433e-01  9.433e-01  9.433e-01  9.433e-01  9.433e-01  9.433e-01  9.433e-01  9.433e-01  9.433e-01  9.433e-01  9.433e-01  9.433e-01  9.433e-01  9.433e-01  9.433e-01  9.433e-01  9.433e-01  9.433e-01  9.433e-01  9.433e-01  9.433e-01  9.433e-01  9.433e-01  9.433e-01  9.433e-01  9.433e-01  9.433e-01  9.433e-01  9.433e-01  9.433e-01  9.433e-01  9.433e-01  9.433e-01  9.433e-01  9.433e-01  9.433e-01  9.433e-01  9.433e-01  9.433e-01  9.433e-01  9.433e-01  9.433e-01  9.433e-01  9.433e-01  9.433e-01 	
 9.349e-01  9.349e-01  9.349e-01  9.349e-01  9.349e-01  9.349e-01  9.349e-01  9.349e-01  9.349e-01  9.349e-01  9.349e-01  9.349e-01  9.349e-01  9.349e-01  9.349e-01  9.349e-01  9.349e-01  9.349e-01  9.349e-01  9.349e-01  9.349e-01  9.349e-01  9.349e-01  9.349e-01  9.349e-01  9.349e-01  9.349e-01  9.349e-01  9.349e-01  9.349e-01  9.349e-01  9.349e-01  9.349e-01  9.349e-01  9.349e-01  9.349e-01  9.349e-01  9.349e-01  9.349e-01  9.349e-01  9.349e-01  9.349e-01  9.349e-01  9.349e-01  9.349e-01  9.349e-01  9.349e-01  9.349e-01  9.349e-01  9.349e-01 	
 9.306e-01  9.306e-01  9.306e-01  9.306e-01  9.306e-01  9.306e-01  9.306e-01  9.306e-01  9.306e-01  9.306e-01  9.306e-01  9.306e-01  9.306e-01  9.306e-01  9.306e-01  9.306e-01  9.306e-01  9.306e-01  9.306e-01  9.306e-01  9.306e-01  9.306e-01  9.306e-01  9.306e-01  9.306e-01  9.306e-01  9.306e-01  9.306e-01  9.306e-01  9.306e-01  9.306e-01  9.306e-01  9.306e-01  9.306e-01  9.306e-01  9.306e-01  9.306e-01  9.306e-01  9.306e-01  9.306e-01  9.306e-01  9.306e-01  9.306e-01  9.306e-01  9.306e-01  9.306e-01  9.306e-01  9.306e-01  9.306e-01  9.306e-01 	
 9.142e-01  9.142e-01  9.142e-01  9.142e-01  9.142e-01  9.142e-01  9.142e-01  9.142e-01  9.142e-01  9.142e-01  9.142e-01  9.142e-01  9.142e-01  9.142e-01  9.142e-01  9.142e-01  9.142e-01  9.142e-01  9.142e-01  9.142e-01  9.142e-01  9.142e-01  9.142e-01  9.142e-01  9.142e-01  9.142e-01  9.142e-01  9.142e-01  9.142e-01  9.142e-01  9.142e-01  9.142e-01  9.142e-01  9.142e-01  9.142e-01  9.142e-01  9.142e-01  9.142e-01  9.142e-01  9.142e-01  9.142e-01  9.142e-01  9.142e-01  9.142e-01  9.142e-01  9.142e-01  9.142e-01  9.142e-01  9.142e-01  9.142e-01 	
 9.102e-01  9.102e-01  9.102e-01  9.102e-01  9.102e-01  9.102e-01  9.102e-01  9.102e-01  9.102e-01  9.102e-01  9.102e-01  9.102e-01  9.102e-01  9.102e-01  9.102e-01  9.102e-01  9.102e-01  9.102e-01  9.102e-01  9.102e-01  9.102e-01  9.102e-01  9.102e-01  9.102e-01  9.102e-01  9.102e-01  9.102e-01  9.102e-01  9.102e-01  9.102e-01  9.102e-01  9.102e-01  9.102e-01  9.102e-01  9.102e-01  9.102e-01  9.102e-01  9.102e-01  9.102e-01  9.102e-01  9.102e-01  9.102e-01  9.102e-01  9.102e-01  9.102e-01  9.102e-01  9.102e-01  9.102e-01  9.102e-01  9.102e-01 	
 8.998e-01  8.998e-01  8.998e-01  8.998e-01  8.998e-01  8.998e-01  8.998e-01  8.998e-01  8.998e-01  8.998e-01  8.998e-01  8.998e-01  8.998e-01  8.998e-01  8.998e-01  8.998e-01  8.998e-01  8.998e-01  8.998e-01  8.998e-01  8.998e-01  8.998e-01  8.998e-01  8.998e-01  8.998e-01  8.998e-01  8.998e-01  8.998e-01  8.998e-01  8.998e-01  8.998e-01  8.998e-01  8.998e-01  8.998e-01  8.998e-01  8.998e-01  8.998e-01  8.998e-01  8.998e-01  8.998e-01  8.998e-01  8.998e-01  8.998e-01  8.998e-01  8.998e-01  8.998e-01  8.998e-01  8.998e-01  8.998e-01  8.998e-01 	
 8.883e-01  8.883e-01  8.883e-01  8.883e-01  8.883e-01  8.883e-01  8.883e-01  8.883e-01  8.883e-01  8.883e-01  8.883e-01  8.883e-01  8.883e-01  8.883e-01  8.883e-01  8.883e-01  8.883e-01  8.883e-01  8.883e-01  8.883e-01  8.883e-01  8.883e-01  8.883e-01  8.883e-01  8.883e-01  8.883e-01  8.883e-01  8.883e-01  8.883e-01  8.883e-01  8.883e-01  8.883e-01  8.883e-01  8.883e-01  8.883e-01  8.883e-01  8.883e-01  8.883e-01  8.883e-01  8.883e-01  8.883e-01  8.883e-01  8.883e-01  8.883e-01  8.883e-01  8.883e-01  8.883e-01  8.883e-01  8.883e-01  8.883e-01 	
 8.776e-01  8.776e-01  8.776e-01  8.776e-01  8.776e-01  8.776e-01  8.776e-01  8.776e-01  8.776e-01  8.776e-01  8.776e-01  8.776e-01  8.776e-01  8.776e-01  8.776e-01  8.776e-01  8.776e-01  8.776e-01  8.776e-01  8.776e-01  8.776e-01  8.776e-01  8.776e-01  8.776e-01  8.776e-01  8.776e-01  8.776e-01  8.776e-01  8.776e-01  8.776e-01  8.776e-01  8.776e-01  8.776e-01  8.776e-01  8.776e-01  8.776e-01  8.776e-01  8.776e-01  8.776e-01  8.776e-01  8.776e-01  8.776e-01  8.776e-01  8.776e-01  8.776e-01  8.776e-01  8.776e-01  8.776e-01  8.776e-01  8.776e-01 	
 8.588e-01  8.588e-01  8.588e-01  8.588e-01  8.588e-01  8.588e-01  8.588e-01  8.588e-01  8.588e-01  8.588e-01  8.588e-01  8.588e-01  8.588e-01  8.588e-01  8.588e-01  8.588e-01  8.588e-01  8.588e-01  8.588e-01  8.588e-01  8.588e-01  8.588e-01  8.588e-01  8.588e-01  8.588e-01  8.588e-01  8.588e-01  8.588e-01  8.588e-01  8.588e-01  8.588e-01  8.588e-01  8.588e-01  8.588e-01  8.588e-01  8.588e-01  8.588e-01  8.588e-01  8.588e-01  8.588e-01  8.588e-01  8.588e-01  8.588e-01  8.588e-01  8.588e-01  8.588e-01  8.588e-01  8.588e-01  8.588e-01  8.588e-01 	
 8.479e-01  8.479e-01  8.479e-01  8.479e-01  8.479e-01  8.479e-01  8.479e-01  8.479e-01  8.479e-01  8.479e-01  8.479e-01  8.479e-01  8.479e-01  8.479e-01  8.479e-01  8.479e-01  8.479e-01  8.479e-01  8.479e-01  8.479e-01  8.479e-01  8.479e-01  8.479e-01  8.479e-01  8.479e-01  8.479e-01  8.479e-01  8.479e-01  8.479e-01  8.479e-01  8.479e-01  8.479e-01  8.479e-01  8.479e-01  8.479e-01  8.479e-01  8.479e-01  8.479e-01  8.479e-01  8.479e-01  8.479e-01  8.479e-01  8.479e-01  8.479e-01  8.479e-01  8.479e-01  8.479e-01  8.479e-01  8.479e-01  8.479e-01 	
 8.281e-01  8.281e-01  8.281e-01  8.281e-01  8.281e-01  8.281e-01  8.281e-01  8.281e-01  8.281e-01  8.281e-01  8.281e-01  8.281e-01  8.281e-01  8.281e-01  8.281e-01  8.281e-01  8.281e-01  8.281e-01  8.281e-01  8.281e-01  8.281e-01  8.281e-01  8.281e-01  8.281e-01  8.281e-01  8.281e-01  8.281e-01  8.281e-01  8.281e-01  8.281e-01  8.281e-01  8.281e-01  8.281e-01  8.281e-01  8.281e-01  8.281e-01  8.281e-01  8.281e-01  8.281e-01  8.281e-01  8.281e-01  8.281e-01  8.281e-01  8.281e-01  8.281e-01  8.281e-01  8.281e-01  8.281e-01  8.281e-01  8.281e-01 	
 8.111e-01  8.111e-01  8.111e-01  8.111e-01  8.111e-01  8.111e-01  8.111e-01  8.111e-01  8.111e-01  8.111e-01  8.111e-01  8.111e-01  8.111e-01  8.111e-01  8.111e-01  8.111e-01  8.111e-01  8.111e-01  8.111e-01  8.111e-01  8.111e-01  8.111e-01  8.111e-01  8.111e-01  8.111e-01  8.111e-01  8.111e-01  8.111e-01  8.111e-01  8.111e-01  8.111e-01  8.111e-01  8.111e-01  8.111e-01  8.111e-01  8.111e-01  8.111e-01  8.111e-01  8.111e-01  8.111e-01  8.111e-01  8.111e-01  8.111e-01  8.111e-01  8.111e-01  8.111e-01  8.111e-01  8.111e-01  8.111e-01  8.111e-01 	
 7.939e-01  7.939e-01  7.939e-01  7.939e-01  7.939e-01  7.939e-01  7.939e-01  7.939e-01  7.939e-01  7.939e-01  7.939e-01  7.939e-01  7.939e-01  7.939e-01  7.939e-01  7.939e-01  7.939e-01  7.939e-01  7.939e-01  7.939e-01  7.939e-01  7.939e-01  7.939e-01  7.939e-01  7.939e-01  7.939e-01  7.939e-01  7.939e-01  7.939e-01  7.939e-01  7.939e-01  7.939e-01  7.939e-01  7.939e-01  7.939e-01  7.939e-01  7.939e-01  7.939e-01  7.939e-01  7.939e-01  7.939e-01  7.939e-01  7.939e-01  7.939e-01  7.939e-01  7.939e-01  7.939e-01  7.939e-01  7.939e-01  7.939e-01 	
 7.760e-01  7.760e-01  7.760e-01  7.760e-01  7.760e-01  7.760e-01  7.760e-01  7.760e-01  7.760e-01  7.760e-01  7.760e-01  7.760e-01  7.760e-01  7.760e-01  7.760e-01  7.760e-01  7.760e-01  7.760e-01  7.760e-01  7.760e-01  7.760e-01  7.760e-01  7.760e-01  7.760e-01  7.760e-01  7.760e-01  7.760e-01  7.760e-01  7.760e-01  7.760e-01  7.760e-01  7.760e-01  7.760e-01  7.760e-01  7.760e-01  7.760e-01  7.760e-01  7.760e-01  7.760e-01  7.760e-01  7.760e-01  7.760e-01  7.760e-01  7.760e-01  7.760e-01  7.760e-01  7.760e-01  7.760e-01  7.760e-01  7.760e-01 	
 7.560e-01  7.560e-01  7.560e-01  7.560e-01  7.560e-01  7.560e-01  7.560e-01  7.560e-01  7.560e-01  7.560e-01  7.560e-01  7.560e-01  7.560e-01  7.560e-01  7.560e-01  7.560e-01  7.560e-01  7.560e-01  7.560e-01  7.560e-01  7.560e-01  7.560e-01  7.560e-01  7.560e-01  7.560e-01  7.560e-01  7.560e-01  7.560e-01  7.560e-01  7.560e-01  7.560e-01  7.560e-01  7.560e-01  7.560e-01  7.560e-01  7.560e-01  7.560e-01  7.560e-01  7.560e-01  7.560e-01  7.560e-01  7.560e-01  7.560e-01  7.560e-01  7.560e-01  7.560e-01  7.560e-01  7.560e-01  7.560e-01  7.560e-01 	
 7.361e-01  7.361e-01  7.361e-01  7.361e-01  7.361e-01  7.361e-01  7.361e-01  7.361e-01  7.361e-01  7.361e-01  7.361e-01  7.361e-01  7.361e-01  7.361e-01  7.361e-01  7.361e-01  7.361e-01  7.361e-01  7.361e-01  7.361e-01  7.361e-01  7.361e-01  7.361e-01  7.361e-01  7.361e-01  7.361e-01  7.361e-01  7.361e-01  7.361e-01  7.361e-01  7.361e-01  7.361e-01  7.361e-01  7.361e-01  7.361e-01  7.361e-01  7.361e-01  7.361e-01  7.361e-01  7.361e-01  7.361e-01  7.361e-01  7.361e-01  7.361e-01  7.361e-01  7.361e-01  7.361e-01  7.361e-01  7.361e-01  7.361e-01 	
 7.163e-01  7.163e-01  7.163e-01  7.163e-01  7.163e-01  7.163e-01  7.163e-01  7.163e-01  7.163e-01  7.163e-01  7.163e-01  7.163e-01  7.163e-01  7.163e-01  7.163e-01  7.163e-01  7.163e-01  7.163e-01  7.163e-01  7.163e-01  7.163e-01  7.163e-01  7.163e-01  7.163e-01  7.163e-01  7.163e-01  7.163e-01  7.163e-01  7.163e-01  7.163e-01  7.163e-01  7.163e-01  7.163e-01  7.163e-01  7.163e-01  7.163e-01  7.163e-01  7.163e-01  7.163e-01  7.163e-01  7.163e-01  7.163e-01  7.163e-01  7.163e-01  7.163e-01  7.163e-01  7.163e-01  7.163e-01  7.163e-01  7.163e-01 	
 6.977e-01  6.977e-01  6.977e-01  6.977e-01  6.977e-01  6.977e-01  6.977e-01  6.977e-01  6.977e-01  6.977e-01  6.977e-01  6.977e-01  6.977e-01  6.977e-01  6.977e-01  6.977e-01  6.977e-01  6.977e-01  6.977e-01  6.977e-01  6.977e-01  6.977e-01  6.977e-01  6.977e-01  6.977e-01  6.977e-01  6.977e-01  6.977e-01  6.977e-01  6.977e-01  6.977e-01  6.977e-01  6.977e-01  6.977e-01  6.977e-01  6.977e-01  6.977e-01  6.977e-01  6.977e-01  6.977e-01  6.977e-01  6.977e-01  6.977e-01  6.977e-01  6.977e-01  6.977e-01  6.977e-01  6.977e-01  6.977e-01  6.977e-01 	
 6.800e-01  6.800e-01  6.800e-01  6.800e-01  6.800e-01  6.800e-01  6.800e-01  6.800e-01  6.800e-01  6.800e-01  6.800e-01  6.800e-01  6.800e-01  6.800e-01  6.800e-01  6.800e-01  6.800e-01  6.800e-01  6.800e-01  6.800e-01  6.800e-01  6.800e-01  6.800e-01  6.800e-01  6.800e-01  6.800e-01  6.800e-01  6.800e-01  6.800e-01  6.800e-01  6.800e-01  6.800e-01  6.800e-01  6.800e-01  6.800e-01  6.800e-01  6.800e-01  6.800e-01  6.800e-01  6.800e-01  6.800e-01  6.800e-01  6.800e-01  6.800e-01  6.800e-01  6.800e-01  6.800e-01  6.800e-01  6.800e-01  6.800e-01 	
 6.639e-01  6.639e-01  6.639e-01  6.639e-01  6.639e-01  6.639e-01  6.639e-01  6.639e-01  6.639e-01  6.639e-01  6.639e-01  6.639e-01  6.639e-01  6.639e-01  6.639e-01  6.639e-01  6.639e-01  6.639e-01  6.639e-01  6.639e-01  6.639e-01  6.639e-01  6.639e-01  6.639e-01  6.639e-01  6.639e-01  6.639e-01  6.639e-01  6.639e-01  6.639e-01  6.639e-01  6.639e-01  6.639e-01  6.639e-01  6.639e-01  6.639e-01  6.639e-01  6.639e-01  6.639e-01  6.639e-01  6.639e-01  6.639e-01  6.639e-01  6.639e-01  6.639e-01  6.639e-01  6.639e-01  6.639e-01  6.639e-01  6.639e-01 	
