 1.110e-01  1.110e-01  1.110e-01  1.110e-01  1.110e-01  1.110e-01  1.110e-01  1.110e-01  1.110e-01  1.110e-01  1.110e-01  1.110e-01  1.110e-01  1.110e-01  1.110e-01  1.110e-01  1.110e-01  1.110e-01  1.110e-01  1.110e-01  1.110e-01  1.110e-01  1.110e-01  1.110e-01  1.110e-01  1.110e-01  1.110e-01  1.110e-01  1.110e-01  1.110e-01  1.110e-01  1.110e-01  1.110e-01  1.110e-01  1.110e-01  1.110e-01  1.110e-01  1.110e-01  1.110e-01  1.110e-01  1.110e-01  1.110e-01  1.110e-01  1.110e-01  1.110e-01  1.110e-01  1.110e-01  1.110e-01  1.110e-01  1.110e-01 	
 1.525e-01  1.525e-01  1.525e-01  1.525e-01  1.525e-01  1.525e-01  1.525e-01  1.525e-01  1.525e-01  1.525e-01  1.525e-01  1.525e-01  1.525e-01  1.525e-01  1.525e-01  1.525e-01  1.525e-01  1.525e-01  1.525e-01  1.525e-01  1.525e-01  1.525e-01  1.525e-01  1.525e-01  1.525e-01  1.525e-01  1.525e-01  1.525e-01  1.525e-01  1.525e-01  1.525e-01  1.525e-01  1.525e-01  1.525e-01  1.525e-01  1.525e-01  1.525e-01  1.525e-01  1.525e-01  1.525e-01  1.525e-01  1.525e-01  1.525e-01  1.525e-01  1.525e-01  1.525e-01  1.525e-01  1.525e-01  1.525e-01  1.525e-01 	
 2.104e-01  2.104e-01  2.104e-01  2.104e-01  2.104e-01  2.104e-01  2.104e-01  2.104e-01  2.104e-01  2.104e-01  2.104e-01  2.104e-01  2.104e-01  2.104e-01  2.104e-01  2.104e-01  2.104e-01  2.104e-01  2.104e-01  2.104e-01  2.104e-01  2.104e-01  2.104e-01  2.104e-01  2.104e-01  2.104e-01  2.104e-01  2.104e-01  2.104e-01  2.104e-01  2.104e-01  2.104e-01  2.104e-01  2.104e-01  2.104e-01  2.104e-01  2.104e-01  2.104e-01  2.104e-01  2.104e-01  2.104e-01  2.104e-01  2.104e-01  2.104e-01  2.104e-01  2.104e-01  2.104e-01  2.104e-01  2.104e-01  2.104e-01 	
 2.880e-01  2.880e-01  2.880e-01  2.880e-01  2.880e-01  2.880e-01  2.880e-01  2.880e-01  2.880e-01  2.880e-01  2.880e-01  2.880e-01  2.880e-01  2.880e-01  2.880e-01  2.880e-01  2.880e-01  2.880e-01  2.880e-01  2.880e-01  2.880e-01  2.880e-01  2.880e-01  2.880e-01  2.880e-01  2.880e-01  2.880e-01  2.880e-01  2.880e-01  2.880e-01  2.880e-01  2.880e-01  2.880e-01  2.880e-01  2.880e-01  2.880e-01  2.880e-01  2.880e-01  2.880e-01  2.880e-01  2.880e-01  2.880e-01  2.880e-01  2.880e-01  2.880e-01  2.880e-01  2.880e-01  2.880e-01  2.880e-01  2.880e-01 	
 3.842e-01  3.842e-01  3.842e-01  3.842e-01  3.842e-01  3.842e-01  3.842e-01  3.842e-01  3.842e-01  3.842e-01  3.842e-01  3.842e-01  3.842e-01  3.842e-01  3.842e-01  3.842e-01  3.842e-01  3.842e-01  3.842e-01  3.842e-01  3.842e-01  3.842e-01  3.842e-01  3.842e-01  3.842e-01  3.842e-01  3.842e-01  3.842e-01  3.842e-01  3.842e-01  3.842e-01  3.842e-01  3.842e-01  3.842e-01  3.842e-01  3.842e-01  3.842e-01  3.842e-01  3.842e-01  3.842e-01  3.842e-01  3.842e-01  3.842e-01  3.842e-01  3.842e-01  3.842e-01  3.842e-01  3.842e-01  3.842e-01  3.842e-01 	
 4.903e-01  4.903e-01  4.903e-01  4.903e-01  4.903e-01  4.903e-01  4.903e-01  4.903e-01  4.903e-01  4.903e-01  4.903e-01  4.903e-01  4.903e-01  4.903e-01  4.903e-01  4.903e-01  4.903e-01  4.903e-01  4.903e-01  4.903e-01  4.903e-01  4.903e-01  4.903e-01  4.903e-01  4.903e-01  4.903e-01  4.903e-01  4.903e-01  4.903e-01  4.903e-01  4.903e-01  4.903e-01  4.903e-01  4.903e-01  4.903e-01  4.903e-01  4.903e-01  4.903e-01  4.903e-01  4.903e-01  4.903e-01  4.903e-01  4.903e-01  4.903e-01  4.903e-01  4.903e-01  4.903e-01  4.903e-01  4.903e-01  4.903e-01 	
 5.924e-01  5.924e-01  5.924e-01  5.924e-01  5.924e-01  5.924e-01  5.924e-01  5.924e-01  5.924e-01  5.924e-01  5.924e-01  5.924e-01  5.924e-01  5.924e-01  5.924e-01  5.924e-01  5.924e-01  5.924e-01  5.924e-01  5.924e-01  5.924e-01  5.924e-01  5.924e-01  5.924e-01  5.924e-01  5.924e-01  5.924e-01  5.924e-01  5.924e-01  5.924e-01  5.924e-01  5.924e-01  5.924e-01  5.924e-01  5.924e-01  5.924e-01  5.924e-01  5.924e-01  5.924e-01  5.924e-01  5.924e-01  5.924e-01  5.924e-01  5.924e-01  5.924e-01  5.924e-01  5.924e-01  5.924e-01  5.924e-01  5.924e-01 	
 6.781e-01  6.781e-01  6.781e-01  6.781e-01  6.781e-01  6.781e-01  6.781e-01  6.781e-01  6.781e-01  6.781e-01  6.781e-01  6.781e-01  6.781e-01  6.781e-01  6.781e-01  6.781e-01  6.781e-01  6.781e-01  6.781e-01  6.781e-01  6.781e-01  6.781e-01  6.781e-01  6.781e-01  6.781e-01  6.781e-01  6.781e-01  6.781e-01  6.781e-01  6.781e-01  6.781e-01  6.781e-01  6.781e-01  6.781e-01  6.781e-01  6.781e-01  6.781e-01  6.781e-01  6.781e-01  6.781e-01  6.781e-01  6.781e-01  6.781e-01  6.781e-01  6.781e-01  6.781e-01  6.781e-01  6.781e-01  6.781e-01  6.781e-01 	
 7.419e-01  7.419e-01  7.419e-01  7.419e-01  7.419e-01  7.419e-01  7.419e-01  7.419e-01  7.419e-01  7.419e-01  7.419e-01  7.419e-01  7.419e-01  7.419e-01  7.419e-01  7.419e-01  7.419e-01  7.419e-01  7.419e-01  7.419e-01  7.419e-01  7.419e-01  7.419e-01  7.419e-01  7.419e-01  7.419e-01  7.419e-01  7.419e-01  7.419e-01  7.419e-01  7.419e-01  7.419e-01  7.419e-01  7.419e-01  7.419e-01  7.419e-01  7.419e-01  7.419e-01  7.419e-01  7.419e-01  7.419e-01  7.419e-01  7.419e-01  7.419e-01  7.419e-01  7.419e-01  7.419e-01  7.419e-01  7.419e-01  7.419e-01 	
 7.846e-01  7.846e-01  7.846e-01  7.846e-01  7.846e-01  7.846e-01  7.846e-01  7.846e-01  7.846e-01  7.846e-01  7.846e-01  7.846e-01  7.846e-01  7.846e-01  7.846e-01  7.846e-01  7.846e-01  7.846e-01  7.846e-01  7.846e-01  7.846e-01  7.846e-01  7.846e-01  7.846e-01  7.846e-01  7.846e-01  7.846e-01  7.846e-01  7.846e-01  7.846e-01  7.846e-01  7.846e-01  7.846e-01  7.846e-01  7.846e-01  7.846e-01  7.846e-01  7.846e-01  7.846e-01  7.846e-01  7.846e-01  7.846e-01  7.846e-01  7.846e-01  7.846e-01  7.846e-01  7.846e-01  7.846e-01  7.846e-01  7.846e-01 	
 8.096e-01  8.096e-01  8.096e-01  8.096e-01  8.096e-01  8.096e-01  8.096e-01  8.096e-01  8.096e-01  8.096e-01  8.096e-01  8.096e-01  8.096e-01  8.096e-01  8.096e-01  8.096e-01  8.096e-01  8.096e-01  8.096e-01  8.096e-01  8.096e-01  8.096e-01  8.096e-01  8.096e-01  8.096e-01  8.096e-01  8.096e-01  8.096e-01  8.096e-01  8.096e-01  8.096e-01  8.096e-01  8.096e-01  8.096e-01  8.096e-01  8.096e-01  8.096e-01  8.096e-01  8.096e-01  8.096e-01  8.096e-01  8.096e-01  8.096e-01  8.096e-01  8.096e-01  8.096e-01  8.096e-01  8.096e-01  8.096e-01  8.096e-01 	
 8.199e-01  8.199e-01  8.199e-01  8.199e-01  8.199e-01  8.199e-01  8.199e-01  8.199e-01  8.199e-01  8.199e-01  8.199e-01  8.199e-01  8.199e-01  8.199e-01  8.199e-01  8.199e-01  8.199e-01  8.199e-01  8.199e-01  8.199e-01  8.199e-01  8.199e-01  8.199e-01  8.199e-01  8.199e-01  8.199e-01  8.199e-01  8.199e-01  8.199e-01  8.199e-01  8.199e-01  8.199e-01  8.199e-01  8.199e-01  8.199e-01  8.199e-01  8.199e-01  8.199e-01  8.199e-01  8.199e-01  8.199e-01  8.199e-01  8.199e-01  8.199e-01  8.199e-01  8.199e-01  8.199e-01  8.199e-01  8.199e-01  8.199e-01 	
 8.194e-01  8.194e-01  8.194e-01  8.194e-01  8.194e-01  8.194e-01  8.194e-01  8.194e-01  8.194e-01  8.194e-01  8.194e-01  8.194e-01  8.194e-01  8.194e-01  8.194e-01  8.194e-01  8.194e-01  8.194e-01  8.194e-01  8.194e-01  8.194e-01  8.194e-01  8.194e-01  8.194e-01  8.194e-01  8.194e-01  8.194e-01  8.194e-01  8.194e-01  8.194e-01  8.194e-01  8.194e-01  8.194e-01  8.194e-01  8.194e-01  8.194e-01  8.194e-01  8.194e-01  8.194e-01  8.194e-01  8.194e-01  8.194e-01  8.194e-01  8.194e-01  8.194e-01  8.194e-01  8.194e-01  8.194e-01  8.194e-01  8.194e-01 	
 8.187e-01  8.187e-01  8.187e-01  8.187e-01  8.187e-01  8.187e-01  8.187e-01  8.187e-01  8.187e-01  8.187e-01  8.187e-01  8.187e-01  8.187e-01  8.187e-01  8.187e-01  8.187e-01  8.187e-01  8.187e-01  8.187e-01  8.187e-01  8.187e-01  8.187e-01  8.187e-01  8.187e-01  8.187e-01  8.187e-01  8.187e-01  8.187e-01  8.187e-01  8.187e-01  8.187e-01  8.187e-01  8.187e-01  8.187e-01  8.187e-01  8.187e-01  8.187e-01  8.187e-01  8.187e-01  8.187e-01  8.187e-01  8.187e-01  8.187e-01  8.187e-01  8.187e-01  8.187e-01  8.187e-01  8.187e-01  8.187e-01  8.187e-01 	
 8.269e-01  8.269e-01  8.269e-01  8.269e-01  8.269e-01  8.269e-01  8.269e-01  8.269e-01  8.269e-01  8.269e-01  8.269e-01  8.269e-01  8.269e-01  8.269e-01  8.269e-01  8.269e-01  8.269e-01  8.269e-01  8.269e-01  8.269e-01  8.269e-01  8.269e-01  8.269e-01  8.269e-01  8.269e-01  8.269e-01  8.269e-01  8.269e-01  8.269e-01  8.269e-01  8.269e-01  8.269e-01  8.269e-01  8.269e-01  8.269e-01  8.269e-01  8.269e-01  8.269e-01  8.269e-01  8.269e-01  8.269e-01  8.269e-01  8.269e-01  8.269e-01  8.269e-01  8.269e-01  8.269e-01  8.269e-01  8.269e-01  8.269e-01 	
 8.341e-01  8.341e-01  8.341e-01  8.341e-01  8.341e-01  8.341e-01  8.341e-01  8.341e-01  8.341e-01  8.341e-01  8.341e-01  8.341e-01  8.341e-01  8.341e-01  8.341e-01  8.341e-01  8.341e-01  8.341e-01  8.341e-01  8.341e-01  8.341e-01  8.341e-01  8.341e-01  8.341e-01  8.341e-01  8.341e-01  8.341e-01  8.341e-01  8.341e-01  8.341e-01  8.341e-01  8.341e-01  8.341e-01  8.341e-01  8.341e-01  8.341e-01  8.341e-01  8.341e-01  8.341e-01  8.341e-01  8.341e-01  8.341e-01  8.341e-01  8.341e-01  8.341e-01  8.341e-01  8.341e-01  8.341e-01  8.341e-01  8.341e-01 	
 8.343e-01  8.343e-01  8.343e-01  8.343e-01  8.343e-01  8.343e-01  8.343e-01  8.343e-01  8.343e-01  8.343e-01  8.343e-01  8.343e-01  8.343e-01  8.343e-01  8.343e-01  8.343e-01  8.343e-01  8.343e-01  8.343e-01  8.343e-01  8.343e-01  8.343e-01  8.343e-01  8.343e-01  8.343e-01  8.343e-01  8.343e-01  8.343e-01  8.343e-01  8.343e-01  8.343e-01  8.343e-01  8.343e-01  8.343e-01  8.343e-01  8.343e-01  8.343e-01  8.343e-01  8.343e-01  8.343e-01  8.343e-01  8.343e-01  8.343e-01  8.343e-01  8.343e-01  8.343e-01  8.343e-01  8.343e-01  8.343e-01  8.343e-01 	
 8.391e-01  8.391e-01  8.391e-01  8.391e-01  8.391e-01  8.391e-01  8.391e-01  8.391e-01  8.391e-01  8.391e-01  8.391e-01  8.391e-01  8.391e-01  8.391e-01  8.391e-01  8.391e-01  8.391e-01  8.391e-01  8.391e-01  8.391e-01  8.391e-01  8.391e-01  8.391e-01  8.391e-01  8.391e-01  8.391e-01  8.391e-01  8.391e-01  8.391e-01  8.391e-01  8.391e-01  8.391e-01  8.391e-01  8.391e-01  8.391e-01  8.391e-01  8.391e-01  8.391e-01  8.391e-01  8.391e-01  8.391e-01  8.391e-01  8.391e-01  8.391e-01  8.391e-01  8.391e-01  8.391e-01  8.391e-01  8.391e-01  8.391e-01 	
 8.415e-01  8.415e-01  8.415e-01  8.415e-01  8.415e-01  8.415e-01  8.415e-01  8.415e-01  8.415e-01  8.415e-01  8.415e-01  8.415e-01  8.415e-01  8.415e-01  8.415e-01  8.415e-01  8.415e-01  8.415e-01  8.415e-01  8.415e-01  8.415e-01  8.415e-01  8.415e-01  8.415e-01  8.415e-01  8.415e-01  8.415e-01  8.415e-01  8.415e-01  8.415e-01  8.415e-01  8.415e-01  8.415e-01  8.415e-01  8.415e-01  8.415e-01  8.415e-01  8.415e-01  8.415e-01  8.415e-01  8.415e-01  8.415e-01  8.415e-01  8.415e-01  8.415e-01  8.415e-01  8.415e-01  8.415e-01  8.415e-01  8.415e-01 	
 8.444e-01  8.444e-01  8.444e-01  8.444e-01  8.444e-01  8.444e-01  8.444e-01  8.444e-01  8.444e-01  8.444e-01  8.444e-01  8.444e-01  8.444e-01  8.444e-01  8.444e-01  8.444e-01  8.444e-01  8.444e-01  8.444e-01  8.444e-01  8.444e-01  8.444e-01  8.444e-01  8.444e-01  8.444e-01  8.444e-01  8.444e-01  8.444e-01  8.444e-01  8.444e-01  8.444e-01  8.444e-01  8.444e-01  8.444e-01  8.444e-01  8.444e-01  8.444e-01  8.444e-01  8.444e-01  8.444e-01  8.444e-01  8.444e-01  8.444e-01  8.444e-01  8.444e-01  8.444e-01  8.444e-01  8.444e-01  8.444e-01  8.444e-01 	
 8.461e-01  8.461e-01  8.461e-01  8.461e-01  8.461e-01  8.461e-01  8.461e-01  8.461e-01  8.461e-01  8.461e-01  8.461e-01  8.461e-01  8.461e-01  8.461e-01  8.461e-01  8.461e-01  8.461e-01  8.461e-01  8.461e-01  8.461e-01  8.461e-01  8.461e-01  8.461e-01  8.461e-01  8.461e-01  8.461e-01  8.461e-01  8.461e-01  8.461e-01  8.461e-01  8.461e-01  8.461e-01  8.461e-01  8.461e-01  8.461e-01  8.461e-01  8.461e-01  8.461e-01  8.461e-01  8.461e-01  8.461e-01  8.461e-01  8.461e-01  8.461e-01  8.461e-01  8.461e-01  8.461e-01  8.461e-01  8.461e-01  8.461e-01 	
 8.486e-01  8.486e-01  8.486e-01  8.486e-01  8.486e-01  8.486e-01  8.486e-01  8.486e-01  8.486e-01  8.486e-01  8.486e-01  8.486e-01  8.486e-01  8.486e-01  8.486e-01  8.486e-01  8.486e-01  8.486e-01  8.486e-01  8.486e-01  8.486e-01  8.486e-01  8.486e-01  8.486e-01  8.486e-01  8.486e-01  8.486e-01  8.486e-01  8.486e-01  8.486e-01  8.486e-01  8.486e-01  8.486e-01  8.486e-01  8.486e-01  8.486e-01  8.486e-01  8.486e-01  8.486e-01  8.486e-01  8.486e-01  8.486e-01  8.486e-01  8.486e-01  8.486e-01  8.486e-01  8.486e-01  8.486e-01  8.486e-01  8.486e-01 	
 8.506e-01  8.506e-01  8.506e-01  8.506e-01  8.506e-01  8.506e-01  8.506e-01  8.506e-01  8.506e-01  8.506e-01  8.506e-01  8.506e-01  8.506e-01  8.506e-01  8.506e-01  8.506e-01  8.506e-01  8.506e-01  8.506e-01  8.506e-01  8.506e-01  8.506e-01  8.506e-01  8.506e-01  8.506e-01  8.506e-01  8.506e-01  8.506e-01  8.506e-01  8.506e-01  8.506e-01  8.506e-01  8.506e-01  8.506e-01  8.506e-01  8.506e-01  8.506e-01  8.506e-01  8.506e-01  8.506e-01  8.506e-01  8.506e-01  8.506e-01  8.506e-01  8.506e-01  8.506e-01  8.506e-01  8.506e-01  8.506e-01  8.506e-01 	
 8.523e-01  8.523e-01  8.523e-01  8.523e-01  8.523e-01  8.523e-01  8.523e-01  8.523e-01  8.523e-01  8.523e-01  8.523e-01  8.523e-01  8.523e-01  8.523e-01  8.523e-01  8.523e-01  8.523e-01  8.523e-01  8.523e-01  8.523e-01  8.523e-01  8.523e-01  8.523e-01  8.523e-01  8.523e-01  8.523e-01  8.523e-01  8.523e-01  8.523e-01  8.523e-01  8.523e-01  8.523e-01  8.523e-01  8.523e-01  8.523e-01  8.523e-01  8.523e-01  8.523e-01  8.523e-01  8.523e-01  8.523e-01  8.523e-01  8.523e-01  8.523e-01  8.523e-01  8.523e-01  8.523e-01  8.523e-01  8.523e-01  8.523e-01 	
 8.537e-01  8.537e-01  8.537e-01  8.537e-01  8.537e-01  8.537e-01  8.537e-01  8.537e-01  8.537e-01  8.537e-01  8.537e-01  8.537e-01  8.537e-01  8.537e-01  8.537e-01  8.537e-01  8.537e-01  8.537e-01  8.537e-01  8.537e-01  8.537e-01  8.537e-01  8.537e-01  8.537e-01  8.537e-01  8.537e-01  8.537e-01  8.537e-01  8.537e-01  8.537e-01  8.537e-01  8.537e-01  8.537e-01  8.537e-01  8.537e-01  8.537e-01  8.537e-01  8.537e-01  8.537e-01  8.537e-01  8.537e-01  8.537e-01  8.537e-01  8.537e-01  8.537e-01  8.537e-01  8.537e-01  8.537e-01  8.537e-01  8.537e-01 	
 8.550e-01  8.550e-01  8.550e-01  8.550e-01  8.550e-01  8.550e-01  8.550e-01  8.550e-01  8.550e-01  8.550e-01  8.550e-01  8.550e-01  8.550e-01  8.550e-01  8.550e-01  8.550e-01  8.550e-01  8.550e-01  8.550e-01  8.550e-01  8.550e-01  8.550e-01  8.550e-01  8.550e-01  8.550e-01  8.550e-01  8.550e-01  8.550e-01  8.550e-01  8.550e-01  8.550e-01  8.550e-01  8.550e-01  8.550e-01  8.550e-01  8.550e-01  8.550e-01  8.550e-01  8.550e-01  8.550e-01  8.550e-01  8.550e-01  8.550e-01  8.550e-01  8.550e-01  8.550e-01  8.550e-01  8.550e-01  8.550e-01  8.550e-01 	
 8.564e-01  8.564e-01  8.564e-01  8.564e-01  8.564e-01  8.564e-01  8.564e-01  8.564e-01  8.564e-01  8.564e-01  8.564e-01  8.564e-01  8.564e-01  8.564e-01  8.564e-01  8.564e-01  8.564e-01  8.564e-01  8.564e-01  8.564e-01  8.564e-01  8.564e-01  8.564e-01  8.564e-01  8.564e-01  8.564e-01  8.564e-01  8.564e-01  8.564e-01  8.564e-01  8.564e-01  8.564e-01  8.564e-01  8.564e-01  8.564e-01  8.564e-01  8.564e-01  8.564e-01  8.564e-01  8.564e-01  8.564e-01  8.564e-01  8.564e-01  8.564e-01  8.564e-01  8.564e-01  8.564e-01  8.564e-01  8.564e-01  8.564e-01 	
 8.575e-01  8.575e-01  8.575e-01  8.575e-01  8.575e-01  8.575e-01  8.575e-01  8.575e-01  8.575e-01  8.575e-01  8.575e-01  8.575e-01  8.575e-01  8.575e-01  8.575e-01  8.575e-01  8.575e-01  8.575e-01  8.575e-01  8.575e-01  8.575e-01  8.575e-01  8.575e-01  8.575e-01  8.575e-01  8.575e-01  8.575e-01  8.575e-01  8.575e-01  8.575e-01  8.575e-01  8.575e-01  8.575e-01  8.575e-01  8.575e-01  8.575e-01  8.575e-01  8.575e-01  8.575e-01  8.575e-01  8.575e-01  8.575e-01  8.575e-01  8.575e-01  8.575e-01  8.575e-01  8.575e-01  8.575e-01  8.575e-01  8.575e-01 	
 8.585e-01  8.585e-01  8.585e-01  8.585e-01  8.585e-01  8.585e-01  8.585e-01  8.585e-01  8.585e-01  8.585e-01  8.585e-01  8.585e-01  8.585e-01  8.585e-01  8.585e-01  8.585e-01  8.585e-01  8.585e-01  8.585e-01  8.585e-01  8.585e-01  8.585e-01  8.585e-01  8.585e-01  8.585e-01  8.585e-01  8.585e-01  8.585e-01  8.585e-01  8.585e-01  8.585e-01  8.585e-01  8.585e-01  8.585e-01  8.585e-01  8.585e-01  8.585e-01  8.585e-01  8.585e-01  8.585e-01  8.585e-01  8.585e-01  8.585e-01  8.585e-01  8.585e-01  8.585e-01  8.585e-01  8.585e-01  8.585e-01  8.585e-01 	
 8.595e-01  8.595e-01  8.595e-01  8.595e-01  8.595e-01  8.595e-01  8.595e-01  8.595e-01  8.595e-01  8.595e-01  8.595e-01  8.595e-01  8.595e-01  8.595e-01  8.595e-01  8.595e-01  8.595e-01  8.595e-01  8.595e-01  8.595e-01  8.595e-01  8.595e-01  8.595e-01  8.595e-01  8.595e-01  8.595e-01  8.595e-01  8.595e-01  8.595e-01  8.595e-01  8.595e-01  8.595e-01  8.595e-01  8.595e-01  8.595e-01  8.595e-01  8.595e-01  8.595e-01  8.595e-01  8.595e-01  8.595e-01  8.595e-01  8.595e-01  8.595e-01  8.595e-01  8.595e-01  8.595e-01  8.595e-01  8.595e-01  8.595e-01 	
 8.604e-01  8.604e-01  8.604e-01  8.604e-01  8.604e-01  8.604e-01  8.604e-01  8.604e-01  8.604e-01  8.604e-01  8.604e-01  8.604e-01  8.604e-01  8.604e-01  8.604e-01  8.604e-01  8.604e-01  8.604e-01  8.604e-01  8.604e-01  8.604e-01  8.604e-01  8.604e-01  8.604e-01  8.604e-01  8.604e-01  8.604e-01  8.604e-01  8.604e-01  8.604e-01  8.604e-01  8.604e-01  8.604e-01  8.604e-01  8.604e-01  8.604e-01  8.604e-01  8.604e-01  8.604e-01  8.604e-01  8.604e-01  8.604e-01  8.604e-01  8.604e-01  8.604e-01  8.604e-01  8.604e-01  8.604e-01  8.604e-01  8.604e-01 	
 8.613e-01  8.613e-01  8.613e-01  8.613e-01  8.613e-01  8.613e-01  8.613e-01  8.613e-01  8.613e-01  8.613e-01  8.613e-01  8.613e-01  8.613e-01  8.613e-01  8.613e-01  8.613e-01  8.613e-01  8.613e-01  8.613e-01  8.613e-01  8.613e-01  8.613e-01  8.613e-01  8.613e-01  8.613e-01  8.613e-01  8.613e-01  8.613e-01  8.613e-01  8.613e-01  8.613e-01  8.613e-01  8.613e-01  8.613e-01  8.613e-01  8.613e-01  8.613e-01  8.613e-01  8.613e-01  8.613e-01  8.613e-01  8.613e-01  8.613e-01  8.613e-01  8.613e-01  8.613e-01  8.613e-01  8.613e-01  8.613e-01  8.613e-01 	
 8.621e-01  8.621e-01  8.621e-01  8.621e-01  8.621e-01  8.621e-01  8.621e-01  8.621e-01  8.621e-01  8.621e-01  8.621e-01  8.621e-01  8.621e-01  8.621e-01  8.621e-01  8.621e-01  8.621e-01  8.621e-01  8.621e-01  8.621e-01  8.621e-01  8.621e-01  8.621e-01  8.621e-01  8.621e-01  8.621e-01  8.621e-01  8.621e-01  8.621e-01  8.621e-01  8.621e-01  8.621e-01  8.621e-01  8.621e-01  8.621e-01  8.621e-01  8.621e-01  8.621e-01  8.621e-01  8.621e-01  8.621e-01  8.621e-01  8.621e-01  8.621e-01  8.621e-01  8.621e-01  8.621e-01  8.621e-01  8.621e-01  8.621e-01 	
 8.629e-01  8.629e-01  8.629e-01  8.629e-01  8.629e-01  8.629e-01  8.629e-01  8.629e-01  8.629e-01  8.629e-01  8.629e-01  8.629e-01  8.629e-01  8.629e-01  8.629e-01  8.629e-01  8.629e-01  8.629e-01  8.629e-01  8.629e-01  8.629e-01  8.629e-01  8.629e-01  8.629e-01  8.629e-01  8.629e-01  8.629e-01  8.629e-01  8.629e-01  8.629e-01  8.629e-01  8.629e-01  8.629e-01  8.629e-01  8.629e-01  8.629e-01  8.629e-01  8.629e-01  8.629e-01  8.629e-01  8.629e-01  8.629e-01  8.629e-01  8.629e-01  8.629e-01  8.629e-01  8.629e-01  8.629e-01  8.629e-01  8.629e-01 	
 8.636e-01  8.636e-01  8.636e-01  8.636e-01  8.636e-01  8.636e-01  8.636e-01  8.636e-01  8.636e-01  8.636e-01  8.636e-01  8.636e-01  8.636e-01  8.636e-01  8.636e-01  8.636e-01  8.636e-01  8.636e-01  8.636e-01  8.636e-01  8.636e-01  8.636e-01  8.636e-01  8.636e-01  8.636e-01  8.636e-01  8.636e-01  8.636e-01  8.636e-01  8.636e-01  8.636e-01  8.636e-01  8.636e-01  8.636e-01  8.636e-01  8.636e-01  8.636e-01  8.636e-01  8.636e-01  8.636e-01  8.636e-01  8.636e-01  8.636e-01  8.636e-01  8.636e-01  8.636e-01  8.636e-01  8.636e-01  8.636e-01  8.636e-01 	
 8.643e-01  8.643e-01  8.643e-01  8.643e-01  8.643e-01  8.643e-01  8.643e-01  8.643e-01  8.643e-01  8.643e-01  8.643e-01  8.643e-01  8.643e-01  8.643e-01  8.643e-01  8.643e-01  8.643e-01  8.643e-01  8.643e-01  8.643e-01  8.643e-01  8.643e-01  8.643e-01  8.643e-01  8.643e-01  8.643e-01  8.643e-01  8.643e-01  8.643e-01  8.643e-01  8.643e-01  8.643e-01  8.643e-01  8.643e-01  8.643e-01  8.643e-01  8.643e-01  8.643e-01  8.643e-01  8.643e-01  8.643e-01  8.643e-01  8.643e-01  8.643e-01  8.643e-01  8.643e-01  8.643e-01  8.643e-01  8.643e-01  8.643e-01 	
 8.650e-01  8.650e-01  8.650e-01  8.650e-01  8.650e-01  8.650e-01  8.650e-01  8.650e-01  8.650e-01  8.650e-01  8.650e-01  8.650e-01  8.650e-01  8.650e-01  8.650e-01  8.650e-01  8.650e-01  8.650e-01  8.650e-01  8.650e-01  8.650e-01  8.650e-01  8.650e-01  8.650e-01  8.650e-01  8.650e-01  8.650e-01  8.650e-01  8.650e-01  8.650e-01  8.650e-01  8.650e-01  8.650e-01  8.650e-01  8.650e-01  8.650e-01  8.650e-01  8.650e-01  8.650e-01  8.650e-01  8.650e-01  8.650e-01  8.650e-01  8.650e-01  8.650e-01  8.650e-01  8.650e-01  8.650e-01  8.650e-01  8.650e-01 	
 8.656e-01  8.656e-01  8.656e-01  8.656e-01  8.656e-01  8.656e-01  8.656e-01  8.656e-01  8.656e-01  8.656e-01  8.656e-01  8.656e-01  8.656e-01  8.656e-01  8.656e-01  8.656e-01  8.656e-01  8.656e-01  8.656e-01  8.656e-01  8.656e-01  8.656e-01  8.656e-01  8.656e-01  8.656e-01  8.656e-01  8.656e-01  8.656e-01  8.656e-01  8.656e-01  8.656e-01  8.656e-01  8.656e-01  8.656e-01  8.656e-01  8.656e-01  8.656e-01  8.656e-01  8.656e-01  8.656e-01  8.656e-01  8.656e-01  8.656e-01  8.656e-01  8.656e-01  8.656e-01  8.656e-01  8.656e-01  8.656e-01  8.656e-01 	
 8.663e-01  8.663e-01  8.663e-01  8.663e-01  8.663e-01  8.663e-01  8.663e-01  8.663e-01  8.663e-01  8.663e-01  8.663e-01  8.663e-01  8.663e-01  8.663e-01  8.663e-01  8.663e-01  8.663e-01  8.663e-01  8.663e-01  8.663e-01  8.663e-01  8.663e-01  8.663e-01  8.663e-01  8.663e-01  8.663e-01  8.663e-01  8.663e-01  8.663e-01  8.663e-01  8.663e-01  8.663e-01  8.663e-01  8.663e-01  8.663e-01  8.663e-01  8.663e-01  8.663e-01  8.663e-01  8.663e-01  8.663e-01  8.663e-01  8.663e-01  8.663e-01  8.663e-01  8.663e-01  8.663e-01  8.663e-01  8.663e-01  8.663e-01 	
 8.669e-01  8.669e-01  8.669e-01  8.669e-01  8.669e-01  8.669e-01  8.669e-01  8.669e-01  8.669e-01  8.669e-01  8.669e-01  8.669e-01  8.669e-01  8.669e-01  8.669e-01  8.669e-01  8.669e-01  8.669e-01  8.669e-01  8.669e-01  8.669e-01  8.669e-01  8.669e-01  8.669e-01  8.669e-01  8.669e-01  8.669e-01  8.669e-01  8.669e-01  8.669e-01  8.669e-01  8.669e-01  8.669e-01  8.669e-01  8.669e-01  8.669e-01  8.669e-01  8.669e-01  8.669e-01  8.669e-01  8.669e-01  8.669e-01  8.669e-01  8.669e-01  8.669e-01  8.669e-01  8.669e-01  8.669e-01  8.669e-01  8.669e-01 	
 8.675e-01  8.675e-01  8.675e-01  8.675e-01  8.675e-01  8.675e-01  8.675e-01  8.675e-01  8.675e-01  8.675e-01  8.675e-01  8.675e-01  8.675e-01  8.675e-01  8.675e-01  8.675e-01  8.675e-01  8.675e-01  8.675e-01  8.675e-01  8.675e-01  8.675e-01  8.675e-01  8.675e-01  8.675e-01  8.675e-01  8.675e-01  8.675e-01  8.675e-01  8.675e-01  8.675e-01  8.675e-01  8.675e-01  8.675e-01  8.675e-01  8.675e-01  8.675e-01  8.675e-01  8.675e-01  8.675e-01  8.675e-01  8.675e-01  8.675e-01  8.675e-01  8.675e-01  8.675e-01  8.675e-01  8.675e-01  8.675e-01  8.675e-01 	
 8.681e-01  8.681e-01  8.681e-01  8.681e-01  8.681e-01  8.681e-01  8.681e-01  8.681e-01  8.681e-01  8.681e-01  8.681e-01  8.681e-01  8.681e-01  8.681e-01  8.681e-01  8.681e-01  8.681e-01  8.681e-01  8.681e-01  8.681e-01  8.681e-01  8.681e-01  8.681e-01  8.681e-01  8.681e-01  8.681e-01  8.681e-01  8.681e-01  8.681e-01  8.681e-01  8.681e-01  8.681e-01  8.681e-01  8.681e-01  8.681e-01  8.681e-01  8.681e-01  8.681e-01  8.681e-01  8.681e-01  8.681e-01  8.681e-01  8.681e-01  8.681e-01  8.681e-01  8.681e-01  8.681e-01  8.681e-01  8.681e-01  8.681e-01 	
 8.688e-01  8.688e-01  8.688e-01  8.688e-01  8.688e-01  8.688e-01  8.688e-01  8.688e-01  8.688e-01  8.688e-01  8.688e-01  8.688e-01  8.688e-01  8.688e-01  8.688e-01  8.688e-01  8.688e-01  8.688e-01  8.688e-01  8.688e-01  8.688e-01  8.688e-01  8.688e-01  8.688e-01  8.688e-01  8.688e-01  8.688e-01  8.688e-01  8.688e-01  8.688e-01  8.688e-01  8.688e-01  8.688e-01  8.688e-01  8.688e-01  8.688e-01  8.688e-01  8.688e-01  8.688e-01  8.688e-01  8.688e-01  8.688e-01  8.688e-01  8.688e-01  8.688e-01  8.688e-01  8.688e-01  8.688e-01  8.688e-01  8.688e-01 	
 8.694e-01  8.694e-01  8.694e-01  8.694e-01  8.694e-01  8.694e-01  8.694e-01  8.694e-01  8.694e-01  8.694e-01  8.694e-01  8.694e-01  8.694e-01  8.694e-01  8.694e-01  8.694e-01  8.694e-01  8.694e-01  8.694e-01  8.694e-01  8.694e-01  8.694e-01  8.694e-01  8.694e-01  8.694e-01  8.694e-01  8.694e-01  8.694e-01  8.694e-01  8.694e-01  8.694e-01  8.694e-01  8.694e-01  8.694e-01  8.694e-01  8.694e-01  8.694e-01  8.694e-01  8.694e-01  8.694e-01  8.694e-01  8.694e-01  8.694e-01  8.694e-01  8.694e-01  8.694e-01  8.694e-01  8.694e-01  8.694e-01  8.694e-01 	
 8.700e-01  8.700e-01  8.700e-01  8.700e-01  8.700e-01  8.700e-01  8.700e-01  8.700e-01  8.700e-01  8.700e-01  8.700e-01  8.700e-01  8.700e-01  8.700e-01  8.700e-01  8.700e-01  8.700e-01  8.700e-01  8.700e-01  8.700e-01  8.700e-01  8.700e-01  8.700e-01  8.700e-01  8.700e-01  8.700e-01  8.700e-01  8.700e-01  8.700e-01  8.700e-01  8.700e-01  8.700e-01  8.700e-01  8.700e-01  8.700e-01  8.700e-01  8.700e-01  8.700e-01  8.700e-01  8.700e-01  8.700e-01  8.700e-01  8.700e-01  8.700e-01  8.700e-01  8.700e-01  8.700e-01  8.700e-01  8.700e-01  8.700e-01 	
 8.706e-01  8.706e-01  8.706e-01  8.706e-01  8.706e-01  8.706e-01  8.706e-01  8.706e-01  8.706e-01  8.706e-01  8.706e-01  8.706e-01  8.706e-01  8.706e-01  8.706e-01  8.706e-01  8.706e-01  8.706e-01  8.706e-01  8.706e-01  8.706e-01  8.706e-01  8.706e-01  8.706e-01  8.706e-01  8.706e-01  8.706e-01  8.706e-01  8.706e-01  8.706e-01  8.706e-01  8.706e-01  8.706e-01  8.706e-01  8.706e-01  8.706e-01  8.706e-01  8.706e-01  8.706e-01  8.706e-01  8.706e-01  8.706e-01  8.706e-01  8.706e-01  8.706e-01  8.706e-01  8.706e-01  8.706e-01  8.706e-01  8.706e-01 	
 8.713e-01  8.713e-01  8.713e-01  8.713e-01  8.713e-01  8.713e-01  8.713e-01  8.713e-01  8.713e-01  8.713e-01  8.713e-01  8.713e-01  8.713e-01  8.713e-01  8.713e-01  8.713e-01  8.713e-01  8.713e-01  8.713e-01  8.713e-01  8.713e-01  8.713e-01  8.713e-01  8.713e-01  8.713e-01  8.713e-01  8.713e-01  8.713e-01  8.713e-01  8.713e-01  8.713e-01  8.713e-01  8.713e-01  8.713e-01  8.713e-01  8.713e-01  8.713e-01  8.713e-01  8.713e-01  8.713e-01  8.713e-01  8.713e-01  8.713e-01  8.713e-01  8.713e-01  8.713e-01  8.713e-01  8.713e-01  8.713e-01  8.713e-01 	
 8.719e-01  8.719e-01  8.719e-01  8.719e-01  8.719e-01  8.719e-01  8.719e-01  8.719e-01  8.719e-01  8.719e-01  8.719e-01  8.719e-01  8.719e-01  8.719e-01  8.719e-01  8.719e-01  8.719e-01  8.719e-01  8.719e-01  8.719e-01  8.719e-01  8.719e-01  8.719e-01  8.719e-01  8.719e-01  8.719e-01  8.719e-01  8.719e-01  8.719e-01  8.719e-01  8.719e-01  8.719e-01  8.719e-01  8.719e-01  8.719e-01  8.719e-01  8.719e-01  8.719e-01  8.719e-01  8.719e-01  8.719e-01  8.719e-01  8.719e-01  8.719e-01  8.719e-01  8.719e-01  8.719e-01  8.719e-01  8.719e-01  8.719e-01 	
 8.725e-01  8.725e-01  8.725e-01  8.725e-01  8.725e-01  8.725e-01  8.725e-01  8.725e-01  8.725e-01  8.725e-01  8.725e-01  8.725e-01  8.725e-01  8.725e-01  8.725e-01  8.725e-01  8.725e-01  8.725e-01  8.725e-01  8.725e-01  8.725e-01  8.725e-01  8.725e-01  8.725e-01  8.725e-01  8.725e-01  8.725e-01  8.725e-01  8.725e-01  8.725e-01  8.725e-01  8.725e-01  8.725e-01  8.725e-01  8.725e-01  8.725e-01  8.725e-01  8.725e-01  8.725e-01  8.725e-01  8.725e-01  8.725e-01  8.725e-01  8.725e-01  8.725e-01  8.725e-01  8.725e-01  8.725e-01  8.725e-01  8.725e-01 	
 8.731e-01  8.731e-01  8.731e-01  8.731e-01  8.731e-01  8.731e-01  8.731e-01  8.731e-01  8.731e-01  8.731e-01  8.731e-01  8.731e-01  8.731e-01  8.731e-01  8.731e-01  8.731e-01  8.731e-01  8.731e-01  8.731e-01  8.731e-01  8.731e-01  8.731e-01  8.731e-01  8.731e-01  8.731e-01  8.731e-01  8.731e-01  8.731e-01  8.731e-01  8.731e-01  8.731e-01  8.731e-01  8.731e-01  8.731e-01  8.731e-01  8.731e-01  8.731e-01  8.731e-01  8.731e-01  8.731e-01  8.731e-01  8.731e-01  8.731e-01  8.731e-01  8.731e-01  8.731e-01  8.731e-01  8.731e-01  8.731e-01  8.731e-01 	
