 2.792e-05  3.375e-05  4.002e-05  4.667e-05  5.359e-05  6.071e-05  6.796e-05  7.529e-05  8.266e-05  9.002e-05  9.734e-05  1.046e-04  1.118e-04  1.189e-04  1.259e-04  1.328e-04  1.396e-04  1.463e-04  1.528e-04  1.593e-04  1.657e-04  1.719e-04  1.781e-04  1.841e-04  1.900e-04  1.959e-04  2.017e-04  2.073e-04  2.129e-04  2.184e-04  2.239e-04  2.292e-04  2.345e-04  2.397e-04  2.449e-04  2.500e-04  2.550e-04  2.600e-04  2.650e-04  2.699e-04  2.747e-04  2.795e-04  2.843e-04  2.890e-04  2.937e-04  2.984e-04  3.031e-04  3.077e-04  3.123e-04  3.169e-04 	
 3.747e-05  4.546e-05  5.406e-05  6.315e-05  7.261e-05  8.233e-05  9.223e-05  1.022e-04  1.122e-04  1.222e-04  1.322e-04  1.420e-04  1.517e-04  1.613e-04  1.708e-04  1.800e-04  1.892e-04  1.981e-04  2.070e-04  2.156e-04  2.241e-04  2.325e-04  2.407e-04  2.487e-04  2.567e-04  2.644e-04  2.721e-04  2.796e-04  2.871e-04  2.944e-04  3.016e-04  3.087e-04  3.157e-04  3.227e-04  3.296e-04  3.363e-04  3.431e-04  3.497e-04  3.563e-04  3.629e-04  3.694e-04  3.758e-04  3.823e-04  3.887e-04  3.950e-04  4.014e-04  4.077e-04  4.141e-04  4.204e-04  4.267e-04 	
 5.174e-05  6.294e-05  7.497e-05  8.766e-05  1.008e-04  1.143e-04  1.280e-04  1.418e-04  1.557e-04  1.694e-04  1.830e-04  1.965e-04  2.098e-04  2.228e-04  2.357e-04  2.483e-04  2.606e-04  2.728e-04  2.847e-04  2.963e-04  3.077e-04  3.190e-04  3.300e-04  3.408e-04  3.514e-04  3.618e-04  3.720e-04  3.821e-04  3.921e-04  4.019e-04  4.115e-04  4.211e-04  4.305e-04  4.399e-04  4.491e-04  4.583e-04  4.674e-04  4.764e-04  4.854e-04  4.944e-04  5.033e-04  5.122e-04  5.211e-04  5.300e-04  5.389e-04  5.478e-04  5.568e-04  5.657e-04  5.747e-04  5.838e-04 	
 7.352e-05  8.951e-05  1.066e-04  1.246e-04  1.432e-04  1.622e-04  1.814e-04  2.006e-04  2.198e-04  2.389e-04  2.577e-04  2.762e-04  2.944e-04  3.122e-04  3.297e-04  3.469e-04  3.637e-04  3.801e-04  3.961e-04  4.119e-04  4.272e-04  4.423e-04  4.571e-04  4.716e-04  4.859e-04  4.999e-04  5.137e-04  5.273e-04  5.407e-04  5.540e-04  5.671e-04  5.801e-04  5.930e-04  6.057e-04  6.185e-04  6.311e-04  6.438e-04  6.564e-04  6.690e-04  6.816e-04  6.942e-04  7.069e-04  7.197e-04  7.325e-04  7.454e-04  7.584e-04  7.715e-04  7.847e-04  7.980e-04  8.115e-04 	
 1.071e-04  1.302e-04  1.548e-04  1.805e-04  2.069e-04  2.337e-04  2.606e-04  2.874e-04  3.141e-04  3.404e-04  3.663e-04  3.916e-04  4.165e-04  4.408e-04  4.645e-04  4.877e-04  5.104e-04  5.325e-04  5.541e-04  5.753e-04  5.960e-04  6.163e-04  6.362e-04  6.557e-04  6.750e-04  6.939e-04  7.126e-04  7.312e-04  7.495e-04  7.677e-04  7.858e-04  8.038e-04  8.217e-04  8.397e-04  8.576e-04  8.756e-04  8.936e-04  9.118e-04  9.300e-04  9.484e-04  9.670e-04  9.858e-04  1.005e-03  1.024e-03  1.043e-03  1.063e-03  1.083e-03  1.104e-03  1.124e-03  1.145e-03 	
 1.590e-04  1.925e-04  2.278e-04  2.643e-04  3.015e-04  3.390e-04  3.764e-04  4.135e-04  4.501e-04  4.860e-04  5.212e-04  5.555e-04  5.890e-04  6.217e-04  6.535e-04  6.846e-04  7.148e-04  7.444e-04  7.733e-04  8.016e-04  8.293e-04  8.566e-04  8.834e-04  9.099e-04  9.360e-04  9.620e-04  9.877e-04  1.013e-03  1.039e-03  1.064e-03  1.090e-03  1.115e-03  1.141e-03  1.167e-03  1.193e-03  1.220e-03  1.247e-03  1.274e-03  1.301e-03  1.329e-03  1.357e-03  1.386e-03  1.416e-03  1.446e-03  1.476e-03  1.508e-03  1.539e-03  1.572e-03  1.605e-03  1.639e-03 	
 2.385e-04  2.867e-04  3.367e-04  3.879e-04  4.396e-04  4.911e-04  5.421e-04  5.923e-04  6.415e-04  6.896e-04  7.364e-04  7.819e-04  8.263e-04  8.694e-04  9.115e-04  9.525e-04  9.925e-04  1.032e-03  1.070e-03  1.108e-03  1.145e-03  1.182e-03  1.218e-03  1.255e-03  1.291e-03  1.327e-03  1.363e-03  1.399e-03  1.436e-03  1.473e-03  1.510e-03  1.548e-03  1.586e-03  1.625e-03  1.664e-03  1.705e-03  1.746e-03  1.788e-03  1.831e-03  1.875e-03  1.920e-03  1.966e-03  2.014e-03  2.062e-03  2.112e-03  2.163e-03  2.216e-03  2.270e-03  2.325e-03  2.382e-03 	
 3.590e-04  4.269e-04  4.964e-04  5.666e-04  6.365e-04  7.056e-04  7.734e-04  8.397e-04  9.042e-04  9.670e-04  1.028e-03  1.087e-03  1.145e-03  1.201e-03  1.256e-03  1.310e-03  1.362e-03  1.414e-03  1.466e-03  1.517e-03  1.567e-03  1.618e-03  1.669e-03  1.719e-03  1.771e-03  1.823e-03  1.875e-03  1.928e-03  1.983e-03  2.038e-03  2.094e-03  2.152e-03  2.212e-03  2.272e-03  2.335e-03  2.399e-03  2.465e-03  2.533e-03  2.602e-03  2.674e-03  2.749e-03  2.825e-03  2.904e-03  2.985e-03  3.068e-03  3.155e-03  3.243e-03  3.335e-03  3.429e-03  3.526e-03 	
 5.387e-04  6.323e-04  7.265e-04  8.202e-04  9.125e-04  1.003e-03  1.091e-03  1.176e-03  1.259e-03  1.339e-03  1.418e-03  1.494e-03  1.568e-03  1.641e-03  1.713e-03  1.784e-03  1.855e-03  1.925e-03  1.995e-03  2.066e-03  2.137e-03  2.209e-03  2.282e-03  2.356e-03  2.432e-03  2.509e-03  2.589e-03  2.671e-03  2.755e-03  2.842e-03  2.931e-03  3.023e-03  3.119e-03  3.217e-03  3.319e-03  3.425e-03  3.534e-03  3.647e-03  3.765e-03  3.886e-03  4.011e-03  4.141e-03  4.275e-03  4.414e-03  4.557e-03  4.705e-03  4.859e-03  5.017e-03  5.180e-03  5.349e-03 	
 8.035e-04  9.296e-04  1.054e-03  1.177e-03  1.296e-03  1.411e-03  1.523e-03  1.632e-03  1.737e-03  1.840e-03  1.940e-03  2.039e-03  2.137e-03  2.233e-03  2.330e-03  2.426e-03  2.523e-03  2.622e-03  2.722e-03  2.824e-03  2.928e-03  3.036e-03  3.146e-03  3.260e-03  3.378e-03  3.500e-03  3.626e-03  3.758e-03  3.894e-03  4.035e-03  4.183e-03  4.336e-03  4.495e-03  4.661e-03  4.833e-03  5.012e-03  5.198e-03  5.391e-03  5.592e-03  5.801e-03  6.017e-03  6.242e-03  6.474e-03  6.715e-03  6.965e-03  7.224e-03  7.491e-03  7.768e-03  8.054e-03  8.350e-03 	
 1.190e-03  1.356e-03  1.518e-03  1.675e-03  1.827e-03  1.974e-03  2.116e-03  2.254e-03  2.390e-03  2.523e-03  2.655e-03  2.787e-03  2.919e-03  3.052e-03  3.188e-03  3.326e-03  3.467e-03  3.613e-03  3.764e-03  3.920e-03  4.082e-03  4.250e-03  4.426e-03  4.610e-03  4.801e-03  5.001e-03  5.211e-03  5.430e-03  5.658e-03  5.898e-03  6.148e-03  6.409e-03  6.682e-03  6.966e-03  7.264e-03  7.573e-03  7.896e-03  8.232e-03  8.582e-03  8.946e-03  9.325e-03  9.718e-03  1.013e-02  1.055e-02  1.099e-02  1.144e-02  1.191e-02  1.240e-02  1.290e-02  1.342e-02 	
 1.747e-03  1.964e-03  2.172e-03  2.373e-03  2.566e-03  2.754e-03  2.938e-03  3.119e-03  3.299e-03  3.479e-03  3.660e-03  3.845e-03  4.034e-03  4.229e-03  4.430e-03  4.640e-03  4.859e-03  5.087e-03  5.326e-03  5.578e-03  5.842e-03  6.120e-03  6.412e-03  6.719e-03  7.042e-03  7.382e-03  7.739e-03  8.114e-03  8.508e-03  8.921e-03  9.355e-03  9.809e-03  1.028e-02  1.078e-02  1.130e-02  1.184e-02  1.241e-02  1.300e-02  1.361e-02  1.425e-02  1.492e-02  1.561e-02  1.632e-02  1.707e-02  1.784e-02  1.863e-02  1.946e-02  2.031e-02  2.120e-02  2.211e-02 	
 2.540e-03  2.820e-03  3.089e-03  3.348e-03  3.599e-03  3.847e-03  4.093e-03  4.340e-03  4.591e-03  4.848e-03  5.113e-03  5.389e-03  5.677e-03  5.979e-03  6.297e-03  6.633e-03  6.988e-03  7.364e-03  7.762e-03  8.184e-03  8.630e-03  9.103e-03  9.602e-03  1.013e-02  1.069e-02  1.128e-02  1.190e-02  1.255e-02  1.324e-02  1.396e-02  1.472e-02  1.552e-02  1.635e-02  1.722e-02  1.813e-02  1.909e-02  2.008e-02  2.111e-02  2.219e-02  2.331e-02  2.447e-02  2.568e-02  2.693e-02  2.823e-02  2.957e-02  3.096e-02  3.240e-02  3.388e-02  3.541e-02  3.699e-02 	
 3.645e-03  4.010e-03  4.360e-03  4.702e-03  5.041e-03  5.382e-03  5.729e-03  6.087e-03  6.459e-03  6.849e-03  7.261e-03  7.697e-03  8.160e-03  8.654e-03  9.180e-03  9.742e-03  1.034e-02  1.098e-02  1.166e-02  1.239e-02  1.316e-02  1.398e-02  1.485e-02  1.577e-02  1.674e-02  1.777e-02  1.886e-02  2.001e-02  2.121e-02  2.248e-02  2.381e-02  2.520e-02  2.666e-02  2.818e-02  2.977e-02  3.143e-02  3.315e-02  3.495e-02  3.682e-02  3.876e-02  4.077e-02  4.285e-02  4.500e-02  4.723e-02  4.953e-02  5.190e-02  5.435e-02  5.686e-02  5.945e-02  6.211e-02 	
 5.153e-03  5.633e-03  6.104e-03  6.574e-03  7.053e-03  7.549e-03  8.068e-03  8.617e-03  9.201e-03  9.826e-03  1.050e-02  1.122e-02  1.199e-02  1.283e-02  1.373e-02  1.469e-02  1.572e-02  1.683e-02  1.802e-02  1.928e-02  2.063e-02  2.206e-02  2.358e-02  2.519e-02  2.689e-02  2.869e-02  3.058e-02  3.258e-02  3.468e-02  3.687e-02  3.918e-02  4.158e-02  4.410e-02  4.672e-02  4.944e-02  5.228e-02  5.522e-02  5.828e-02  6.144e-02  6.470e-02  6.808e-02  7.156e-02  7.515e-02  7.884e-02  8.264e-02  8.654e-02  9.053e-02  9.463e-02  9.882e-02  1.031e-01 	
 7.171e-03  7.822e-03  8.481e-03  9.161e-03  9.877e-03  1.064e-02  1.146e-02  1.234e-02  1.330e-02  1.434e-02  1.548e-02  1.670e-02  1.803e-02  1.947e-02  2.103e-02  2.270e-02  2.450e-02  2.643e-02  2.849e-02  3.069e-02  3.303e-02  3.552e-02  3.816e-02  4.094e-02  4.388e-02  4.698e-02  5.024e-02  5.365e-02  5.722e-02  6.095e-02  6.484e-02  6.889e-02  7.310e-02  7.746e-02  8.198e-02  8.665e-02  9.147e-02  9.644e-02  1.016e-01  1.068e-01  1.122e-01  1.177e-01  1.234e-01  1.292e-01  1.350e-01  1.411e-01  1.472e-01  1.534e-01  1.597e-01  1.661e-01 	
 9.860e-03  1.078e-02  1.175e-02  1.279e-02  1.391e-02  1.514e-02  1.649e-02  1.797e-02  1.959e-02  2.137e-02  2.331e-02  2.543e-02  2.773e-02  3.022e-02  3.292e-02  3.582e-02  3.893e-02  4.226e-02  4.582e-02  4.960e-02  5.361e-02  5.785e-02  6.233e-02  6.704e-02  7.198e-02  7.715e-02  8.255e-02  8.818e-02  9.403e-02  1.001e-01  1.064e-01  1.129e-01  1.195e-01  1.264e-01  1.335e-01  1.407e-01  1.481e-01  1.556e-01  1.633e-01  1.712e-01  1.791e-01  1.871e-01  1.953e-01  2.035e-01  2.119e-01  2.202e-01  2.287e-01  2.372e-01  2.457e-01  2.542e-01 	
 1.349e-02  1.487e-02  1.637e-02  1.803e-02  1.987e-02  2.192e-02  2.419e-02  2.671e-02  2.949e-02  3.255e-02  3.590e-02  3.955e-02  4.352e-02  4.780e-02  5.242e-02  5.737e-02  6.266e-02  6.829e-02  7.426e-02  8.057e-02  8.722e-02  9.419e-02  1.015e-01  1.091e-01  1.170e-01  1.252e-01  1.337e-01  1.424e-01  1.514e-01  1.606e-01  1.700e-01  1.796e-01  1.893e-01  1.993e-01  2.093e-01  2.194e-01  2.297e-01  2.400e-01  2.503e-01  2.607e-01  2.711e-01  2.815e-01  2.919e-01  3.022e-01  3.124e-01  3.226e-01  3.327e-01  3.428e-01  3.527e-01  3.625e-01 	
 1.856e-02  2.072e-02  2.316e-02  2.590e-02  2.899e-02  3.247e-02  3.635e-02  4.066e-02  4.543e-02  5.066e-02  5.638e-02  6.258e-02  6.929e-02  7.649e-02  8.418e-02  9.237e-02  1.010e-01  1.102e-01  1.197e-01  1.297e-01  1.401e-01  1.509e-01  1.620e-01  1.734e-01  1.851e-01  1.971e-01  2.092e-01  2.215e-01  2.340e-01  2.465e-01  2.591e-01  2.718e-01  2.844e-01  2.970e-01  3.095e-01  3.220e-01  3.343e-01  3.465e-01  3.585e-01  3.703e-01  3.820e-01  3.934e-01  4.046e-01  4.156e-01  4.263e-01  4.368e-01  4.471e-01  4.570e-01  4.668e-01  4.762e-01 	
 2.591e-02  2.944e-02  3.349e-02  3.812e-02  4.338e-02  4.929e-02  5.590e-02  6.322e-02  7.127e-02  8.004e-02  8.954e-02  9.976e-02  1.107e-01  1.222e-01  1.344e-01  1.472e-01  1.606e-01  1.744e-01  1.886e-01  2.032e-01  2.181e-01  2.332e-01  2.484e-01  2.638e-01  2.792e-01  2.946e-01  3.099e-01  3.251e-01  3.401e-01  3.549e-01  3.695e-01  3.837e-01  3.977e-01  4.113e-01  4.245e-01  4.374e-01  4.499e-01  4.620e-01  4.738e-01  4.851e-01  4.960e-01  5.066e-01  5.168e-01  5.266e-01  5.360e-01  5.450e-01  5.537e-01  5.621e-01  5.701e-01  5.778e-01 	
 3.699e-02  4.289e-02  4.972e-02  5.756e-02  6.643e-02  7.638e-02  8.740e-02  9.949e-02  1.126e-01  1.267e-01  1.418e-01  1.577e-01  1.743e-01  1.917e-01  2.095e-01  2.278e-01  2.464e-01  2.652e-01  2.841e-01  3.029e-01  3.216e-01  3.401e-01  3.583e-01  3.761e-01  3.935e-01  4.104e-01  4.268e-01  4.426e-01  4.579e-01  4.725e-01  4.866e-01  5.000e-01  5.129e-01  5.252e-01  5.369e-01  5.480e-01  5.586e-01  5.687e-01  5.782e-01  5.873e-01  5.959e-01  6.041e-01  6.119e-01  6.193e-01  6.263e-01  6.329e-01  6.393e-01  6.453e-01  6.510e-01  6.564e-01 	
 5.419e-02  6.409e-02  7.555e-02  8.861e-02  1.033e-01  1.194e-01  1.371e-01  1.561e-01  1.763e-01  1.975e-01  2.195e-01  2.421e-01  2.651e-01  2.883e-01  3.115e-01  3.345e-01  3.571e-01  3.792e-01  4.007e-01  4.215e-01  4.414e-01  4.605e-01  4.787e-01  4.960e-01  5.124e-01  5.278e-01  5.424e-01  5.560e-01  5.689e-01  5.809e-01  5.922e-01  6.028e-01  6.127e-01  6.219e-01  6.306e-01  6.386e-01  6.462e-01  6.533e-01  6.599e-01  6.661e-01  6.719e-01  6.774e-01  6.825e-01  6.873e-01  6.918e-01  6.960e-01  7.000e-01  7.038e-01  7.074e-01  7.107e-01 	
 8.126e-02  9.766e-02  1.164e-01  1.374e-01  1.605e-01  1.853e-01  2.117e-01  2.392e-01  2.674e-01  2.960e-01  3.246e-01  3.529e-01  3.805e-01  4.073e-01  4.330e-01  4.576e-01  4.807e-01  5.025e-01  5.229e-01  5.419e-01  5.595e-01  5.758e-01  5.909e-01  6.047e-01  6.174e-01  6.291e-01  6.398e-01  6.497e-01  6.587e-01  6.669e-01  6.745e-01  6.815e-01  6.879e-01  6.937e-01  6.991e-01  7.041e-01  7.087e-01  7.129e-01  7.169e-01  7.205e-01  7.239e-01  7.270e-01  7.299e-01  7.327e-01  7.352e-01  7.376e-01  7.398e-01  7.419e-01  7.439e-01  7.457e-01 	
 1.237e-01  1.499e-01  1.791e-01  2.108e-01  2.443e-01  2.791e-01  3.145e-01  3.497e-01  3.842e-01  4.176e-01  4.494e-01  4.794e-01  5.073e-01  5.331e-01  5.569e-01  5.785e-01  5.981e-01  6.158e-01  6.317e-01  6.460e-01  6.588e-01  6.703e-01  6.806e-01  6.897e-01  6.979e-01  7.052e-01  7.117e-01  7.176e-01  7.228e-01  7.275e-01  7.317e-01  7.355e-01  7.389e-01  7.420e-01  7.448e-01  7.473e-01  7.497e-01  7.518e-01  7.537e-01  7.555e-01  7.571e-01  7.586e-01  7.600e-01  7.613e-01  7.625e-01  7.636e-01  7.646e-01  7.656e-01  7.665e-01  7.674e-01 	
 1.883e-01  2.275e-01  2.693e-01  3.126e-01  3.561e-01  3.987e-01  4.397e-01  4.783e-01  5.140e-01  5.466e-01  5.761e-01  6.024e-01  6.257e-01  6.462e-01  6.642e-01  6.799e-01  6.935e-01  7.053e-01  7.155e-01  7.243e-01  7.319e-01  7.384e-01  7.440e-01  7.489e-01  7.531e-01  7.567e-01  7.598e-01  7.625e-01  7.648e-01  7.668e-01  7.685e-01  7.700e-01  7.714e-01  7.725e-01  7.735e-01  7.744e-01  7.752e-01  7.759e-01  7.765e-01  7.770e-01  7.775e-01  7.780e-01  7.784e-01  7.788e-01  7.792e-01  7.795e-01  7.798e-01  7.801e-01  7.804e-01  7.807e-01 	
 2.805e-01  3.335e-01  3.867e-01  4.381e-01  4.865e-01  5.309e-01  5.707e-01  6.059e-01  6.366e-01  6.630e-01  6.855e-01  7.045e-01  7.205e-01  7.339e-01  7.450e-01  7.542e-01  7.618e-01  7.680e-01  7.731e-01  7.772e-01  7.805e-01  7.832e-01  7.853e-01  7.870e-01  7.883e-01  7.892e-01  7.900e-01  7.905e-01  7.909e-01  7.911e-01  7.912e-01  7.913e-01  7.912e-01  7.912e-01  7.911e-01  7.909e-01  7.907e-01  7.906e-01  7.904e-01  7.902e-01  7.900e-01  7.899e-01  7.897e-01  7.896e-01  7.894e-01  7.893e-01  7.892e-01  7.891e-01  7.890e-01  7.890e-01 	
 3.995e-01  4.620e-01  5.197e-01  5.715e-01  6.166e-01  6.550e-01  6.873e-01  7.140e-01  7.358e-01  7.534e-01  7.676e-01  7.788e-01  7.876e-01  7.944e-01  7.996e-01  8.036e-01  8.064e-01  8.084e-01  8.098e-01  8.106e-01  8.110e-01  8.110e-01  8.108e-01  8.104e-01  8.098e-01  8.091e-01  8.084e-01  8.076e-01  8.067e-01  8.059e-01  8.050e-01  8.042e-01  8.033e-01  8.025e-01  8.017e-01  8.010e-01  8.003e-01  7.996e-01  7.990e-01  7.984e-01  7.978e-01  7.973e-01  7.968e-01  7.963e-01  7.959e-01  7.955e-01  7.951e-01  7.948e-01  7.945e-01  7.943e-01 	
 5.335e-01  5.956e-01  6.484e-01  6.920e-01  7.271e-01  7.550e-01  7.769e-01  7.937e-01  8.064e-01  8.159e-01  8.229e-01  8.277e-01  8.310e-01  8.330e-01  8.340e-01  8.343e-01  8.340e-01  8.332e-01  8.321e-01  8.308e-01  8.294e-01  8.278e-01  8.261e-01  8.245e-01  8.228e-01  8.211e-01  8.195e-01  8.179e-01  8.163e-01  8.148e-01  8.134e-01  8.121e-01  8.108e-01  8.095e-01  8.084e-01  8.073e-01  8.063e-01  8.053e-01  8.044e-01  8.035e-01  8.027e-01  8.020e-01  8.013e-01  8.007e-01  8.001e-01  7.996e-01  7.991e-01  7.986e-01  7.982e-01  7.979e-01 	
 6.620e-01  7.141e-01  7.547e-01  7.857e-01  8.089e-01  8.259e-01  8.381e-01  8.466e-01  8.523e-01  8.557e-01  8.575e-01  8.580e-01  8.575e-01  8.564e-01  8.547e-01  8.527e-01  8.504e-01  8.480e-01  8.455e-01  8.429e-01  8.404e-01  8.378e-01  8.354e-01  8.330e-01  8.306e-01  8.284e-01  8.263e-01  8.242e-01  8.223e-01  8.204e-01  8.187e-01  8.170e-01  8.155e-01  8.140e-01  8.127e-01  8.114e-01  8.102e-01  8.090e-01  8.080e-01  8.070e-01  8.061e-01  8.053e-01  8.045e-01  8.038e-01  8.031e-01  8.025e-01  8.019e-01  8.014e-01  8.009e-01  8.005e-01 	
 7.674e-01  8.046e-01  8.314e-01  8.503e-01  8.632e-01  8.717e-01  8.768e-01  8.795e-01  8.803e-01  8.797e-01  8.782e-01  8.760e-01  8.733e-01  8.703e-01  8.670e-01  8.636e-01  8.602e-01  8.568e-01  8.535e-01  8.502e-01  8.470e-01  8.439e-01  8.410e-01  8.382e-01  8.355e-01  8.330e-01  8.305e-01  8.283e-01  8.261e-01  8.241e-01  8.222e-01  8.204e-01  8.187e-01  8.171e-01  8.156e-01  8.142e-01  8.129e-01  8.117e-01  8.106e-01  8.095e-01  8.085e-01  8.076e-01  8.068e-01  8.060e-01  8.053e-01  8.046e-01  8.040e-01  8.035e-01  8.030e-01  8.025e-01 	
 8.430e-01  8.662e-01  8.816e-01  8.912e-01  8.968e-01  8.995e-01  9.000e-01  8.989e-01  8.968e-01  8.939e-01  8.904e-01  8.866e-01  8.825e-01  8.784e-01  8.743e-01  8.701e-01  8.661e-01  8.621e-01  8.583e-01  8.546e-01  8.511e-01  8.478e-01  8.446e-01  8.416e-01  8.387e-01  8.360e-01  8.334e-01  8.310e-01  8.287e-01  8.266e-01  8.246e-01  8.227e-01  8.209e-01  8.193e-01  8.177e-01  8.163e-01  8.149e-01  8.137e-01  8.125e-01  8.114e-01  8.104e-01  8.095e-01  8.086e-01  8.078e-01  8.071e-01  8.064e-01  8.058e-01  8.052e-01  8.047e-01  8.042e-01 	
 8.921e-01  9.048e-01  9.121e-01  9.157e-01  9.167e-01  9.158e-01  9.135e-01  9.103e-01  9.064e-01  9.021e-01  8.975e-01  8.928e-01  8.880e-01  8.833e-01  8.786e-01  8.741e-01  8.697e-01  8.654e-01  8.614e-01  8.575e-01  8.538e-01  8.503e-01  8.470e-01  8.438e-01  8.409e-01  8.381e-01  8.354e-01  8.330e-01  8.306e-01  8.284e-01  8.264e-01  8.245e-01  8.227e-01  8.210e-01  8.194e-01  8.179e-01  8.166e-01  8.153e-01  8.141e-01  8.130e-01  8.120e-01  8.110e-01  8.101e-01  8.093e-01  8.086e-01  8.079e-01  8.072e-01  8.067e-01  8.061e-01  8.056e-01 	
 9.219e-01  9.277e-01  9.300e-01  9.299e-01  9.281e-01  9.251e-01  9.212e-01  9.168e-01  9.119e-01  9.068e-01  9.016e-01  8.964e-01  8.913e-01  8.862e-01  8.813e-01  8.766e-01  8.720e-01  8.676e-01  8.634e-01  8.594e-01  8.557e-01  8.521e-01  8.487e-01  8.455e-01  8.425e-01  8.397e-01  8.370e-01  8.345e-01  8.321e-01  8.299e-01  8.278e-01  8.259e-01  8.241e-01  8.224e-01  8.208e-01  8.193e-01  8.179e-01  8.167e-01  8.155e-01  8.144e-01  8.133e-01  8.124e-01  8.115e-01  8.107e-01  8.099e-01  8.092e-01  8.086e-01  8.080e-01  8.074e-01  8.070e-01 	
 9.391e-01  9.408e-01  9.402e-01  9.380e-01  9.347e-01  9.305e-01  9.257e-01  9.205e-01  9.152e-01  9.097e-01  9.042e-01  8.987e-01  8.934e-01  8.881e-01  8.831e-01  8.782e-01  8.736e-01  8.691e-01  8.649e-01  8.609e-01  8.571e-01  8.534e-01  8.500e-01  8.468e-01  8.438e-01  8.409e-01  8.383e-01  8.357e-01  8.334e-01  8.312e-01  8.291e-01  8.271e-01  8.253e-01  8.236e-01  8.220e-01  8.206e-01  8.192e-01  8.179e-01  8.167e-01  8.156e-01  8.145e-01  8.136e-01  8.127e-01  8.119e-01  8.111e-01  8.104e-01  8.098e-01  8.092e-01  8.087e-01  8.082e-01 	
 9.489e-01  9.482e-01  9.459e-01  9.426e-01  9.384e-01  9.335e-01  9.283e-01  9.228e-01  9.171e-01  9.114e-01  9.058e-01  9.002e-01  8.947e-01  8.894e-01  8.843e-01  8.794e-01  8.747e-01  8.703e-01  8.660e-01  8.620e-01  8.582e-01  8.545e-01  8.511e-01  8.479e-01  8.449e-01  8.420e-01  8.394e-01  8.368e-01  8.345e-01  8.323e-01  8.302e-01  8.283e-01  8.264e-01  8.247e-01  8.232e-01  8.217e-01  8.203e-01  8.190e-01  8.178e-01  8.167e-01  8.157e-01  8.147e-01  8.138e-01  8.130e-01  8.123e-01  8.116e-01  8.109e-01  8.104e-01  8.098e-01  8.093e-01 	
 9.543e-01  9.523e-01  9.492e-01  9.452e-01  9.405e-01  9.353e-01  9.298e-01  9.241e-01  9.184e-01  9.126e-01  9.068e-01  9.012e-01  8.957e-01  8.904e-01  8.853e-01  8.804e-01  8.757e-01  8.712e-01  8.669e-01  8.629e-01  8.591e-01  8.555e-01  8.521e-01  8.489e-01  8.459e-01  8.430e-01  8.403e-01  8.378e-01  8.355e-01  8.333e-01  8.312e-01  8.293e-01  8.275e-01  8.258e-01  8.242e-01  8.227e-01  8.214e-01  8.201e-01  8.189e-01  8.178e-01  8.168e-01  8.158e-01  8.149e-01  8.141e-01  8.134e-01  8.127e-01  8.120e-01  8.115e-01  8.109e-01  8.104e-01 	
 9.573e-01  9.546e-01  9.510e-01  9.466e-01  9.417e-01  9.364e-01  9.308e-01  9.250e-01  9.192e-01  9.134e-01  9.076e-01  9.020e-01  8.965e-01  8.911e-01  8.860e-01  8.811e-01  8.765e-01  8.720e-01  8.678e-01  8.637e-01  8.599e-01  8.563e-01  8.530e-01  8.498e-01  8.467e-01  8.439e-01  8.413e-01  8.388e-01  8.364e-01  8.342e-01  8.322e-01  8.302e-01  8.284e-01  8.268e-01  8.252e-01  8.237e-01  8.224e-01  8.211e-01  8.199e-01  8.188e-01  8.178e-01  8.168e-01  8.160e-01  8.151e-01  8.144e-01  8.137e-01  8.131e-01  8.125e-01  8.120e-01  8.115e-01 	
 9.590e-01  9.559e-01  9.521e-01  9.475e-01  9.425e-01  9.371e-01  9.315e-01  9.257e-01  9.198e-01  9.140e-01  9.082e-01  9.026e-01  8.971e-01  8.918e-01  8.867e-01  8.818e-01  8.772e-01  8.727e-01  8.685e-01  8.645e-01  8.607e-01  8.571e-01  8.538e-01  8.506e-01  8.476e-01  8.448e-01  8.421e-01  8.396e-01  8.373e-01  8.351e-01  8.331e-01  8.312e-01  8.294e-01  8.277e-01  8.261e-01  8.247e-01  8.233e-01  8.220e-01  8.209e-01  8.198e-01  8.188e-01  8.178e-01  8.169e-01  8.161e-01  8.154e-01  8.147e-01  8.141e-01  8.135e-01  8.130e-01  8.125e-01 	
 9.600e-01  9.567e-01  9.527e-01  9.481e-01  9.430e-01  9.376e-01  9.319e-01  9.261e-01  9.203e-01  9.145e-01  9.087e-01  9.031e-01  8.976e-01  8.924e-01  8.873e-01  8.824e-01  8.778e-01  8.734e-01  8.692e-01  8.652e-01  8.614e-01  8.579e-01  8.545e-01  8.514e-01  8.484e-01  8.456e-01  8.430e-01  8.405e-01  8.382e-01  8.360e-01  8.339e-01  8.320e-01  8.303e-01  8.286e-01  8.270e-01  8.256e-01  8.242e-01  8.230e-01  8.218e-01  8.207e-01  8.197e-01  8.188e-01  8.179e-01  8.171e-01  8.163e-01  8.157e-01  8.150e-01  8.145e-01  8.139e-01  8.135e-01 	
 9.605e-01  9.571e-01  9.531e-01  9.485e-01  9.434e-01  9.380e-01  9.323e-01  9.265e-01  9.207e-01  9.149e-01  9.092e-01  9.036e-01  8.981e-01  8.929e-01  8.878e-01  8.830e-01  8.784e-01  8.740e-01  8.698e-01  8.659e-01  8.621e-01  8.586e-01  8.553e-01  8.521e-01  8.491e-01  8.464e-01  8.437e-01  8.413e-01  8.390e-01  8.368e-01  8.348e-01  8.329e-01  8.311e-01  8.295e-01  8.279e-01  8.265e-01  8.251e-01  8.239e-01  8.227e-01  8.216e-01  8.206e-01  8.197e-01  8.188e-01  8.180e-01  8.173e-01  8.166e-01  8.160e-01  8.154e-01  8.149e-01  8.144e-01 	
 9.609e-01  9.574e-01  9.534e-01  9.488e-01  9.437e-01  9.382e-01  9.326e-01  9.268e-01  9.210e-01  9.153e-01  9.096e-01  9.040e-01  8.986e-01  8.934e-01  8.884e-01  8.836e-01  8.790e-01  8.746e-01  8.705e-01  8.665e-01  8.628e-01  8.593e-01  8.560e-01  8.528e-01  8.499e-01  8.471e-01  8.445e-01  8.421e-01  8.398e-01  8.376e-01  8.356e-01  8.337e-01  8.319e-01  8.303e-01  8.287e-01  8.273e-01  8.260e-01  8.247e-01  8.235e-01  8.225e-01  8.215e-01  8.205e-01  8.197e-01  8.189e-01  8.181e-01  8.175e-01  8.168e-01  8.163e-01  8.158e-01  8.153e-01 	
 9.611e-01  9.577e-01  9.536e-01  9.490e-01  9.439e-01  9.385e-01  9.329e-01  9.271e-01  9.214e-01  9.156e-01  9.100e-01  9.044e-01  8.991e-01  8.939e-01  8.889e-01  8.841e-01  8.795e-01  8.752e-01  8.711e-01  8.672e-01  8.635e-01  8.600e-01  8.566e-01  8.535e-01  8.506e-01  8.478e-01  8.453e-01  8.428e-01  8.405e-01  8.384e-01  8.364e-01  8.345e-01  8.327e-01  8.311e-01  8.296e-01  8.281e-01  8.268e-01  8.255e-01  8.244e-01  8.233e-01  8.223e-01  8.214e-01  8.205e-01  8.197e-01  8.190e-01  8.183e-01  8.177e-01  8.171e-01  8.166e-01  8.161e-01 	
 9.613e-01  9.578e-01  9.538e-01  9.492e-01  9.441e-01  9.387e-01  9.331e-01  9.274e-01  9.217e-01  9.160e-01  9.103e-01  9.048e-01  8.995e-01  8.943e-01  8.894e-01  8.846e-01  8.801e-01  8.758e-01  8.717e-01  8.678e-01  8.641e-01  8.606e-01  8.573e-01  8.542e-01  8.513e-01  8.486e-01  8.460e-01  8.435e-01  8.413e-01  8.391e-01  8.371e-01  8.353e-01  8.335e-01  8.319e-01  8.303e-01  8.289e-01  8.276e-01  8.263e-01  8.252e-01  8.241e-01  8.231e-01  8.222e-01  8.213e-01  8.205e-01  8.198e-01  8.191e-01  8.185e-01  8.179e-01  8.174e-01  8.170e-01 	
 9.614e-01  9.580e-01  9.539e-01  9.493e-01  9.443e-01  9.390e-01  9.334e-01  9.277e-01  9.220e-01  9.163e-01  9.107e-01  9.052e-01  8.999e-01  8.948e-01  8.899e-01  8.851e-01  8.806e-01  8.763e-01  8.722e-01  8.684e-01  8.647e-01  8.612e-01  8.580e-01  8.549e-01  8.520e-01  8.492e-01  8.467e-01  8.442e-01  8.420e-01  8.399e-01  8.379e-01  8.360e-01  8.342e-01  8.326e-01  8.311e-01  8.297e-01  8.283e-01  8.271e-01  8.259e-01  8.249e-01  8.239e-01  8.229e-01  8.221e-01  8.213e-01  8.206e-01  8.199e-01  8.193e-01  8.187e-01  8.182e-01  8.177e-01 	
 9.615e-01  9.581e-01  9.541e-01  9.495e-01  9.445e-01  9.392e-01  9.336e-01  9.280e-01  9.223e-01  9.166e-01  9.111e-01  9.056e-01  9.003e-01  8.952e-01  8.903e-01  8.856e-01  8.811e-01  8.769e-01  8.728e-01  8.689e-01  8.653e-01  8.618e-01  8.586e-01  8.555e-01  8.526e-01  8.499e-01  8.473e-01  8.449e-01  8.427e-01  8.406e-01  8.386e-01  8.367e-01  8.350e-01  8.333e-01  8.318e-01  8.304e-01  8.291e-01  8.278e-01  8.267e-01  8.256e-01  8.246e-01  8.237e-01  8.228e-01  8.220e-01  8.213e-01  8.206e-01  8.200e-01  8.195e-01  8.189e-01  8.185e-01 	
 9.616e-01  9.582e-01  9.542e-01  9.497e-01  9.447e-01  9.394e-01  9.339e-01  9.282e-01  9.226e-01  9.169e-01  9.114e-01  9.060e-01  9.007e-01  8.957e-01  8.908e-01  8.861e-01  8.816e-01  8.774e-01  8.733e-01  8.695e-01  8.659e-01  8.624e-01  8.592e-01  8.561e-01  8.533e-01  8.505e-01  8.480e-01  8.456e-01  8.433e-01  8.412e-01  8.392e-01  8.374e-01  8.356e-01  8.340e-01  8.325e-01  8.311e-01  8.298e-01  8.285e-01  8.274e-01  8.263e-01  8.253e-01  8.244e-01  8.235e-01  8.227e-01  8.220e-01  8.213e-01  8.207e-01  8.202e-01  8.196e-01  8.192e-01 	
 9.617e-01  9.583e-01  9.543e-01  9.498e-01  9.448e-01  9.396e-01  9.341e-01  9.285e-01  9.229e-01  9.173e-01  9.118e-01  9.064e-01  9.011e-01  8.961e-01  8.912e-01  8.866e-01  8.821e-01  8.779e-01  8.739e-01  8.701e-01  8.664e-01  8.630e-01  8.598e-01  8.567e-01  8.539e-01  8.512e-01  8.486e-01  8.462e-01  8.440e-01  8.419e-01  8.399e-01  8.380e-01  8.363e-01  8.347e-01  8.332e-01  8.317e-01  8.304e-01  8.292e-01  8.280e-01  8.270e-01  8.260e-01  8.250e-01  8.242e-01  8.234e-01  8.227e-01  8.220e-01  8.214e-01  8.208e-01  8.203e-01  8.198e-01 	
 9.618e-01  9.585e-01  9.545e-01  9.499e-01  9.450e-01  9.398e-01  9.343e-01  9.287e-01  9.231e-01  9.176e-01  9.121e-01  9.067e-01  9.015e-01  8.965e-01  8.917e-01  8.870e-01  8.826e-01  8.784e-01  8.744e-01  8.706e-01  8.670e-01  8.636e-01  8.604e-01  8.573e-01  8.545e-01  8.518e-01  8.492e-01  8.468e-01  8.446e-01  8.425e-01  8.405e-01  8.387e-01  8.369e-01  8.353e-01  8.338e-01  8.324e-01  8.311e-01  8.298e-01  8.287e-01  8.276e-01  8.266e-01  8.257e-01  8.248e-01  8.240e-01  8.233e-01  8.226e-01  8.220e-01  8.214e-01  8.209e-01  8.204e-01 	
 9.619e-01  9.586e-01  9.546e-01  9.501e-01  9.452e-01  9.399e-01  9.345e-01  9.290e-01  9.234e-01  9.179e-01  9.124e-01  9.071e-01  9.019e-01  8.969e-01  8.921e-01  8.875e-01  8.831e-01  8.789e-01  8.749e-01  8.711e-01  8.675e-01  8.641e-01  8.609e-01  8.579e-01  8.550e-01  8.523e-01  8.498e-01  8.474e-01  8.452e-01  8.431e-01  8.411e-01  8.393e-01  8.375e-01  8.359e-01  8.344e-01  8.330e-01  8.317e-01  8.304e-01  8.293e-01  8.282e-01  8.272e-01  8.263e-01  8.254e-01  8.246e-01  8.239e-01  8.232e-01  8.226e-01  8.220e-01  8.215e-01  8.210e-01 	
 9.620e-01  9.587e-01  9.547e-01  9.502e-01  9.453e-01  9.401e-01  9.347e-01  9.292e-01  9.237e-01  9.182e-01  9.128e-01  9.075e-01  9.023e-01  8.973e-01  8.925e-01  8.879e-01  8.836e-01  8.794e-01  8.754e-01  8.716e-01  8.680e-01  8.646e-01  8.614e-01  8.584e-01  8.556e-01  8.529e-01  8.504e-01  8.480e-01  8.457e-01  8.436e-01  8.417e-01  8.398e-01  8.381e-01  8.365e-01  8.350e-01  8.335e-01  8.322e-01  8.310e-01  8.298e-01  8.288e-01  8.278e-01  8.268e-01  8.260e-01  8.252e-01  8.245e-01  8.238e-01  8.232e-01  8.226e-01  8.220e-01  8.216e-01 	
