 6.607e-01  6.607e-01  6.607e-01  6.607e-01  6.607e-01  6.607e-01  6.607e-01  6.607e-01  6.607e-01  6.607e-01  6.607e-01  6.607e-01  6.607e-01  6.607e-01  6.607e-01  6.607e-01  6.607e-01  6.607e-01  6.607e-01  6.607e-01  6.607e-01  6.607e-01  6.607e-01  6.607e-01  6.607e-01  6.607e-01  6.607e-01  6.607e-01  6.607e-01  6.607e-01  6.607e-01  6.607e-01  6.607e-01  6.607e-01  6.607e-01  6.607e-01  6.607e-01  6.607e-01  6.607e-01  6.607e-01  6.607e-01  6.607e-01  6.607e-01  6.607e-01  6.607e-01  6.607e-01  6.607e-01  6.607e-01  6.607e-01  6.607e-01 	
 6.935e-01  6.935e-01  6.935e-01  6.935e-01  6.935e-01  6.935e-01  6.935e-01  6.935e-01  6.935e-01  6.935e-01  6.935e-01  6.935e-01  6.935e-01  6.935e-01  6.935e-01  6.935e-01  6.935e-01  6.935e-01  6.935e-01  6.935e-01  6.935e-01  6.935e-01  6.935e-01  6.935e-01  6.935e-01  6.935e-01  6.935e-01  6.935e-01  6.935e-01  6.935e-01  6.935e-01  6.935e-01  6.935e-01  6.935e-01  6.935e-01  6.935e-01  6.935e-01  6.935e-01  6.935e-01  6.935e-01  6.935e-01  6.935e-01  6.935e-01  6.935e-01  6.935e-01  6.935e-01  6.935e-01  6.935e-01  6.935e-01  6.935e-01 	
 7.072e-01  7.072e-01  7.072e-01  7.072e-01  7.072e-01  7.072e-01  7.072e-01  7.072e-01  7.072e-01  7.072e-01  7.072e-01  7.072e-01  7.072e-01  7.072e-01  7.072e-01  7.072e-01  7.072e-01  7.072e-01  7.072e-01  7.072e-01  7.072e-01  7.072e-01  7.072e-01  7.072e-01  7.072e-01  7.072e-01  7.072e-01  7.072e-01  7.072e-01  7.072e-01  7.072e-01  7.072e-01  7.072e-01  7.072e-01  7.072e-01  7.072e-01  7.072e-01  7.072e-01  7.072e-01  7.072e-01  7.072e-01  7.072e-01  7.072e-01  7.072e-01  7.072e-01  7.072e-01  7.072e-01  7.072e-01  7.072e-01  7.072e-01 	
 7.066e-01  7.066e-01  7.066e-01  7.066e-01  7.066e-01  7.066e-01  7.066e-01  7.066e-01  7.066e-01  7.066e-01  7.066e-01  7.066e-01  7.066e-01  7.066e-01  7.066e-01  7.066e-01  7.066e-01  7.066e-01  7.066e-01  7.066e-01  7.066e-01  7.066e-01  7.066e-01  7.066e-01  7.066e-01  7.066e-01  7.066e-01  7.066e-01  7.066e-01  7.066e-01  7.066e-01  7.066e-01  7.066e-01  7.066e-01  7.066e-01  7.066e-01  7.066e-01  7.066e-01  7.066e-01  7.066e-01  7.066e-01  7.066e-01  7.066e-01  7.066e-01  7.066e-01  7.066e-01  7.066e-01  7.066e-01  7.066e-01  7.066e-01 	
 7.074e-01  7.074e-01  7.074e-01  7.074e-01  7.074e-01  7.074e-01  7.074e-01  7.074e-01  7.074e-01  7.074e-01  7.074e-01  7.074e-01  7.074e-01  7.074e-01  7.074e-01  7.074e-01  7.074e-01  7.074e-01  7.074e-01  7.074e-01  7.074e-01  7.074e-01  7.074e-01  7.074e-01  7.074e-01  7.074e-01  7.074e-01  7.074e-01  7.074e-01  7.074e-01  7.074e-01  7.074e-01  7.074e-01  7.074e-01  7.074e-01  7.074e-01  7.074e-01  7.074e-01  7.074e-01  7.074e-01  7.074e-01  7.074e-01  7.074e-01  7.074e-01  7.074e-01  7.074e-01  7.074e-01  7.074e-01  7.074e-01  7.074e-01 	
 7.204e-01  7.204e-01  7.204e-01  7.204e-01  7.204e-01  7.204e-01  7.204e-01  7.204e-01  7.204e-01  7.204e-01  7.204e-01  7.204e-01  7.204e-01  7.204e-01  7.204e-01  7.204e-01  7.204e-01  7.204e-01  7.204e-01  7.204e-01  7.204e-01  7.204e-01  7.204e-01  7.204e-01  7.204e-01  7.204e-01  7.204e-01  7.204e-01  7.204e-01  7.204e-01  7.204e-01  7.204e-01  7.204e-01  7.204e-01  7.204e-01  7.204e-01  7.204e-01  7.204e-01  7.204e-01  7.204e-01  7.204e-01  7.204e-01  7.204e-01  7.204e-01  7.204e-01  7.204e-01  7.204e-01  7.204e-01  7.204e-01  7.204e-01 	
 7.302e-01  7.302e-01  7.302e-01  7.302e-01  7.302e-01  7.302e-01  7.302e-01  7.302e-01  7.302e-01  7.302e-01  7.302e-01  7.302e-01  7.302e-01  7.302e-01  7.302e-01  7.302e-01  7.302e-01  7.302e-01  7.302e-01  7.302e-01  7.302e-01  7.302e-01  7.302e-01  7.302e-01  7.302e-01  7.302e-01  7.302e-01  7.302e-01  7.302e-01  7.302e-01  7.302e-01  7.302e-01  7.302e-01  7.302e-01  7.302e-01  7.302e-01  7.302e-01  7.302e-01  7.302e-01  7.302e-01  7.302e-01  7.302e-01  7.302e-01  7.302e-01  7.302e-01  7.302e-01  7.302e-01  7.302e-01  7.302e-01  7.302e-01 	
 7.315e-01  7.315e-01  7.315e-01  7.315e-01  7.315e-01  7.315e-01  7.315e-01  7.315e-01  7.315e-01  7.315e-01  7.315e-01  7.315e-01  7.315e-01  7.315e-01  7.315e-01  7.315e-01  7.315e-01  7.315e-01  7.315e-01  7.315e-01  7.315e-01  7.315e-01  7.315e-01  7.315e-01  7.315e-01  7.315e-01  7.315e-01  7.315e-01  7.315e-01  7.315e-01  7.315e-01  7.315e-01  7.315e-01  7.315e-01  7.315e-01  7.315e-01  7.315e-01  7.315e-01  7.315e-01  7.315e-01  7.315e-01  7.315e-01  7.315e-01  7.315e-01  7.315e-01  7.315e-01  7.315e-01  7.315e-01  7.315e-01  7.315e-01 	
 7.394e-01  7.394e-01  7.394e-01  7.394e-01  7.394e-01  7.394e-01  7.394e-01  7.394e-01  7.394e-01  7.394e-01  7.394e-01  7.394e-01  7.394e-01  7.394e-01  7.394e-01  7.394e-01  7.394e-01  7.394e-01  7.394e-01  7.394e-01  7.394e-01  7.394e-01  7.394e-01  7.394e-01  7.394e-01  7.394e-01  7.394e-01  7.394e-01  7.394e-01  7.394e-01  7.394e-01  7.394e-01  7.394e-01  7.394e-01  7.394e-01  7.394e-01  7.394e-01  7.394e-01  7.394e-01  7.394e-01  7.394e-01  7.394e-01  7.394e-01  7.394e-01  7.394e-01  7.394e-01  7.394e-01  7.394e-01  7.394e-01  7.394e-01 	
 7.430e-01  7.430e-01  7.430e-01  7.430e-01  7.430e-01  7.430e-01  7.430e-01  7.430e-01  7.430e-01  7.430e-01  7.430e-01  7.430e-01  7.430e-01  7.430e-01  7.430e-01  7.430e-01  7.430e-01  7.430e-01  7.430e-01  7.430e-01  7.430e-01  7.430e-01  7.430e-01  7.430e-01  7.430e-01  7.430e-01  7.430e-01  7.430e-01  7.430e-01  7.430e-01  7.430e-01  7.430e-01  7.430e-01  7.430e-01  7.430e-01  7.430e-01  7.430e-01  7.430e-01  7.430e-01  7.430e-01  7.430e-01  7.430e-01  7.430e-01  7.430e-01  7.430e-01  7.430e-01  7.430e-01  7.430e-01  7.430e-01  7.430e-01 	
 7.483e-01  7.483e-01  7.483e-01  7.483e-01  7.483e-01  7.483e-01  7.483e-01  7.483e-01  7.483e-01  7.483e-01  7.483e-01  7.483e-01  7.483e-01  7.483e-01  7.483e-01  7.483e-01  7.483e-01  7.483e-01  7.483e-01  7.483e-01  7.483e-01  7.483e-01  7.483e-01  7.483e-01  7.483e-01  7.483e-01  7.483e-01  7.483e-01  7.483e-01  7.483e-01  7.483e-01  7.483e-01  7.483e-01  7.483e-01  7.483e-01  7.483e-01  7.483e-01  7.483e-01  7.483e-01  7.483e-01  7.483e-01  7.483e-01  7.483e-01  7.483e-01  7.483e-01  7.483e-01  7.483e-01  7.483e-01  7.483e-01  7.483e-01 	
 7.514e-01  7.514e-01  7.514e-01  7.514e-01  7.514e-01  7.514e-01  7.514e-01  7.514e-01  7.514e-01  7.514e-01  7.514e-01  7.514e-01  7.514e-01  7.514e-01  7.514e-01  7.514e-01  7.514e-01  7.514e-01  7.514e-01  7.514e-01  7.514e-01  7.514e-01  7.514e-01  7.514e-01  7.514e-01  7.514e-01  7.514e-01  7.514e-01  7.514e-01  7.514e-01  7.514e-01  7.514e-01  7.514e-01  7.514e-01  7.514e-01  7.514e-01  7.514e-01  7.514e-01  7.514e-01  7.514e-01  7.514e-01  7.514e-01  7.514e-01  7.514e-01  7.514e-01  7.514e-01  7.514e-01  7.514e-01  7.514e-01  7.514e-01 	
 7.555e-01  7.555e-01  7.555e-01  7.555e-01  7.555e-01  7.555e-01  7.555e-01  7.555e-01  7.555e-01  7.555e-01  7.555e-01  7.555e-01  7.555e-01  7.555e-01  7.555e-01  7.555e-01  7.555e-01  7.555e-01  7.555e-01  7.555e-01  7.555e-01  7.555e-01  7.555e-01  7.555e-01  7.555e-01  7.555e-01  7.555e-01  7.555e-01  7.555e-01  7.555e-01  7.555e-01  7.555e-01  7.555e-01  7.555e-01  7.555e-01  7.555e-01  7.555e-01  7.555e-01  7.555e-01  7.555e-01  7.555e-01  7.555e-01  7.555e-01  7.555e-01  7.555e-01  7.555e-01  7.555e-01  7.555e-01  7.555e-01  7.555e-01 	
 7.590e-01  7.590e-01  7.590e-01  7.590e-01  7.590e-01  7.590e-01  7.590e-01  7.590e-01  7.590e-01  7.590e-01  7.590e-01  7.590e-01  7.590e-01  7.590e-01  7.590e-01  7.590e-01  7.590e-01  7.590e-01  7.590e-01  7.590e-01  7.590e-01  7.590e-01  7.590e-01  7.590e-01  7.590e-01  7.590e-01  7.590e-01  7.590e-01  7.590e-01  7.590e-01  7.590e-01  7.590e-01  7.590e-01  7.590e-01  7.590e-01  7.590e-01  7.590e-01  7.590e-01  7.590e-01  7.590e-01  7.590e-01  7.590e-01  7.590e-01  7.590e-01  7.590e-01  7.590e-01  7.590e-01  7.590e-01  7.590e-01  7.590e-01 	
 7.621e-01  7.621e-01  7.621e-01  7.621e-01  7.621e-01  7.621e-01  7.621e-01  7.621e-01  7.621e-01  7.621e-01  7.621e-01  7.621e-01  7.621e-01  7.621e-01  7.621e-01  7.621e-01  7.621e-01  7.621e-01  7.621e-01  7.621e-01  7.621e-01  7.621e-01  7.621e-01  7.621e-01  7.621e-01  7.621e-01  7.621e-01  7.621e-01  7.621e-01  7.621e-01  7.621e-01  7.621e-01  7.621e-01  7.621e-01  7.621e-01  7.621e-01  7.621e-01  7.621e-01  7.621e-01  7.621e-01  7.621e-01  7.621e-01  7.621e-01  7.621e-01  7.621e-01  7.621e-01  7.621e-01  7.621e-01  7.621e-01  7.621e-01 	
 7.648e-01  7.648e-01  7.648e-01  7.648e-01  7.648e-01  7.648e-01  7.648e-01  7.648e-01  7.648e-01  7.648e-01  7.648e-01  7.648e-01  7.648e-01  7.648e-01  7.648e-01  7.648e-01  7.648e-01  7.648e-01  7.648e-01  7.648e-01  7.648e-01  7.648e-01  7.648e-01  7.648e-01  7.648e-01  7.648e-01  7.648e-01  7.648e-01  7.648e-01  7.648e-01  7.648e-01  7.648e-01  7.648e-01  7.648e-01  7.648e-01  7.648e-01  7.648e-01  7.648e-01  7.648e-01  7.648e-01  7.648e-01  7.648e-01  7.648e-01  7.648e-01  7.648e-01  7.648e-01  7.648e-01  7.648e-01  7.648e-01  7.648e-01 	
 7.674e-01  7.674e-01  7.674e-01  7.674e-01  7.674e-01  7.674e-01  7.674e-01  7.674e-01  7.674e-01  7.674e-01  7.674e-01  7.674e-01  7.674e-01  7.674e-01  7.674e-01  7.674e-01  7.674e-01  7.674e-01  7.674e-01  7.674e-01  7.674e-01  7.674e-01  7.674e-01  7.674e-01  7.674e-01  7.674e-01  7.674e-01  7.674e-01  7.674e-01  7.674e-01  7.674e-01  7.674e-01  7.674e-01  7.674e-01  7.674e-01  7.674e-01  7.674e-01  7.674e-01  7.674e-01  7.674e-01  7.674e-01  7.674e-01  7.674e-01  7.674e-01  7.674e-01  7.674e-01  7.674e-01  7.674e-01  7.674e-01  7.674e-01 	
 7.699e-01  7.699e-01  7.699e-01  7.699e-01  7.699e-01  7.699e-01  7.699e-01  7.699e-01  7.699e-01  7.699e-01  7.699e-01  7.699e-01  7.699e-01  7.699e-01  7.699e-01  7.699e-01  7.699e-01  7.699e-01  7.699e-01  7.699e-01  7.699e-01  7.699e-01  7.699e-01  7.699e-01  7.699e-01  7.699e-01  7.699e-01  7.699e-01  7.699e-01  7.699e-01  7.699e-01  7.699e-01  7.699e-01  7.699e-01  7.699e-01  7.699e-01  7.699e-01  7.699e-01  7.699e-01  7.699e-01  7.699e-01  7.699e-01  7.699e-01  7.699e-01  7.699e-01  7.699e-01  7.699e-01  7.699e-01  7.699e-01  7.699e-01 	
 7.721e-01  7.721e-01  7.721e-01  7.721e-01  7.721e-01  7.721e-01  7.721e-01  7.721e-01  7.721e-01  7.721e-01  7.721e-01  7.721e-01  7.721e-01  7.721e-01  7.721e-01  7.721e-01  7.721e-01  7.721e-01  7.721e-01  7.721e-01  7.721e-01  7.721e-01  7.721e-01  7.721e-01  7.721e-01  7.721e-01  7.721e-01  7.721e-01  7.721e-01  7.721e-01  7.721e-01  7.721e-01  7.721e-01  7.721e-01  7.721e-01  7.721e-01  7.721e-01  7.721e-01  7.721e-01  7.721e-01  7.721e-01  7.721e-01  7.721e-01  7.721e-01  7.721e-01  7.721e-01  7.721e-01  7.721e-01  7.721e-01  7.721e-01 	
 7.742e-01  7.742e-01  7.742e-01  7.742e-01  7.742e-01  7.742e-01  7.742e-01  7.742e-01  7.742e-01  7.742e-01  7.742e-01  7.742e-01  7.742e-01  7.742e-01  7.742e-01  7.742e-01  7.742e-01  7.742e-01  7.742e-01  7.742e-01  7.742e-01  7.742e-01  7.742e-01  7.742e-01  7.742e-01  7.742e-01  7.742e-01  7.742e-01  7.742e-01  7.742e-01  7.742e-01  7.742e-01  7.742e-01  7.742e-01  7.742e-01  7.742e-01  7.742e-01  7.742e-01  7.742e-01  7.742e-01  7.742e-01  7.742e-01  7.742e-01  7.742e-01  7.742e-01  7.742e-01  7.742e-01  7.742e-01  7.742e-01  7.742e-01 	
 7.762e-01  7.762e-01  7.762e-01  7.762e-01  7.762e-01  7.762e-01  7.762e-01  7.762e-01  7.762e-01  7.762e-01  7.762e-01  7.762e-01  7.762e-01  7.762e-01  7.762e-01  7.762e-01  7.762e-01  7.762e-01  7.762e-01  7.762e-01  7.762e-01  7.762e-01  7.762e-01  7.762e-01  7.762e-01  7.762e-01  7.762e-01  7.762e-01  7.762e-01  7.762e-01  7.762e-01  7.762e-01  7.762e-01  7.762e-01  7.762e-01  7.762e-01  7.762e-01  7.762e-01  7.762e-01  7.762e-01  7.762e-01  7.762e-01  7.762e-01  7.762e-01  7.762e-01  7.762e-01  7.762e-01  7.762e-01  7.762e-01  7.762e-01 	
 7.781e-01  7.781e-01  7.781e-01  7.781e-01  7.781e-01  7.781e-01  7.781e-01  7.781e-01  7.781e-01  7.781e-01  7.781e-01  7.781e-01  7.781e-01  7.781e-01  7.781e-01  7.781e-01  7.781e-01  7.781e-01  7.781e-01  7.781e-01  7.781e-01  7.781e-01  7.781e-01  7.781e-01  7.781e-01  7.781e-01  7.781e-01  7.781e-01  7.781e-01  7.781e-01  7.781e-01  7.781e-01  7.781e-01  7.781e-01  7.781e-01  7.781e-01  7.781e-01  7.781e-01  7.781e-01  7.781e-01  7.781e-01  7.781e-01  7.781e-01  7.781e-01  7.781e-01  7.781e-01  7.781e-01  7.781e-01  7.781e-01  7.781e-01 	
 7.799e-01  7.799e-01  7.799e-01  7.799e-01  7.799e-01  7.799e-01  7.799e-01  7.799e-01  7.799e-01  7.799e-01  7.799e-01  7.799e-01  7.799e-01  7.799e-01  7.799e-01  7.799e-01  7.799e-01  7.799e-01  7.799e-01  7.799e-01  7.799e-01  7.799e-01  7.799e-01  7.799e-01  7.799e-01  7.799e-01  7.799e-01  7.799e-01  7.799e-01  7.799e-01  7.799e-01  7.799e-01  7.799e-01  7.799e-01  7.799e-01  7.799e-01  7.799e-01  7.799e-01  7.799e-01  7.799e-01  7.799e-01  7.799e-01  7.799e-01  7.799e-01  7.799e-01  7.799e-01  7.799e-01  7.799e-01  7.799e-01  7.799e-01 	
 7.816e-01  7.816e-01  7.816e-01  7.816e-01  7.816e-01  7.816e-01  7.816e-01  7.816e-01  7.816e-01  7.816e-01  7.816e-01  7.816e-01  7.816e-01  7.816e-01  7.816e-01  7.816e-01  7.816e-01  7.816e-01  7.816e-01  7.816e-01  7.816e-01  7.816e-01  7.816e-01  7.816e-01  7.816e-01  7.816e-01  7.816e-01  7.816e-01  7.816e-01  7.816e-01  7.816e-01  7.816e-01  7.816e-01  7.816e-01  7.816e-01  7.816e-01  7.816e-01  7.816e-01  7.816e-01  7.816e-01  7.816e-01  7.816e-01  7.816e-01  7.816e-01  7.816e-01  7.816e-01  7.816e-01  7.816e-01  7.816e-01  7.816e-01 	
 7.832e-01  7.832e-01  7.832e-01  7.832e-01  7.832e-01  7.832e-01  7.832e-01  7.832e-01  7.832e-01  7.832e-01  7.832e-01  7.832e-01  7.832e-01  7.832e-01  7.832e-01  7.832e-01  7.832e-01  7.832e-01  7.832e-01  7.832e-01  7.832e-01  7.832e-01  7.832e-01  7.832e-01  7.832e-01  7.832e-01  7.832e-01  7.832e-01  7.832e-01  7.832e-01  7.832e-01  7.832e-01  7.832e-01  7.832e-01  7.832e-01  7.832e-01  7.832e-01  7.832e-01  7.832e-01  7.832e-01  7.832e-01  7.832e-01  7.832e-01  7.832e-01  7.832e-01  7.832e-01  7.832e-01  7.832e-01  7.832e-01  7.832e-01 	
 7.848e-01  7.848e-01  7.848e-01  7.848e-01  7.848e-01  7.848e-01  7.848e-01  7.848e-01  7.848e-01  7.848e-01  7.848e-01  7.848e-01  7.848e-01  7.848e-01  7.848e-01  7.848e-01  7.848e-01  7.848e-01  7.848e-01  7.848e-01  7.848e-01  7.848e-01  7.848e-01  7.848e-01  7.848e-01  7.848e-01  7.848e-01  7.848e-01  7.848e-01  7.848e-01  7.848e-01  7.848e-01  7.848e-01  7.848e-01  7.848e-01  7.848e-01  7.848e-01  7.848e-01  7.848e-01  7.848e-01  7.848e-01  7.848e-01  7.848e-01  7.848e-01  7.848e-01  7.848e-01  7.848e-01  7.848e-01  7.848e-01  7.848e-01 	
 7.863e-01  7.863e-01  7.863e-01  7.863e-01  7.863e-01  7.863e-01  7.863e-01  7.863e-01  7.863e-01  7.863e-01  7.863e-01  7.863e-01  7.863e-01  7.863e-01  7.863e-01  7.863e-01  7.863e-01  7.863e-01  7.863e-01  7.863e-01  7.863e-01  7.863e-01  7.863e-01  7.863e-01  7.863e-01  7.863e-01  7.863e-01  7.863e-01  7.863e-01  7.863e-01  7.863e-01  7.863e-01  7.863e-01  7.863e-01  7.863e-01  7.863e-01  7.863e-01  7.863e-01  7.863e-01  7.863e-01  7.863e-01  7.863e-01  7.863e-01  7.863e-01  7.863e-01  7.863e-01  7.863e-01  7.863e-01  7.863e-01  7.863e-01 	
 7.878e-01  7.878e-01  7.878e-01  7.878e-01  7.878e-01  7.878e-01  7.878e-01  7.878e-01  7.878e-01  7.878e-01  7.878e-01  7.878e-01  7.878e-01  7.878e-01  7.878e-01  7.878e-01  7.878e-01  7.878e-01  7.878e-01  7.878e-01  7.878e-01  7.878e-01  7.878e-01  7.878e-01  7.878e-01  7.878e-01  7.878e-01  7.878e-01  7.878e-01  7.878e-01  7.878e-01  7.878e-01  7.878e-01  7.878e-01  7.878e-01  7.878e-01  7.878e-01  7.878e-01  7.878e-01  7.878e-01  7.878e-01  7.878e-01  7.878e-01  7.878e-01  7.878e-01  7.878e-01  7.878e-01  7.878e-01  7.878e-01  7.878e-01 	
 7.892e-01  7.892e-01  7.892e-01  7.892e-01  7.892e-01  7.892e-01  7.892e-01  7.892e-01  7.892e-01  7.892e-01  7.892e-01  7.892e-01  7.892e-01  7.892e-01  7.892e-01  7.892e-01  7.892e-01  7.892e-01  7.892e-01  7.892e-01  7.892e-01  7.892e-01  7.892e-01  7.892e-01  7.892e-01  7.892e-01  7.892e-01  7.892e-01  7.892e-01  7.892e-01  7.892e-01  7.892e-01  7.892e-01  7.892e-01  7.892e-01  7.892e-01  7.892e-01  7.892e-01  7.892e-01  7.892e-01  7.892e-01  7.892e-01  7.892e-01  7.892e-01  7.892e-01  7.892e-01  7.892e-01  7.892e-01  7.892e-01  7.892e-01 	
 7.905e-01  7.905e-01  7.905e-01  7.905e-01  7.905e-01  7.905e-01  7.905e-01  7.905e-01  7.905e-01  7.905e-01  7.905e-01  7.905e-01  7.905e-01  7.905e-01  7.905e-01  7.905e-01  7.905e-01  7.905e-01  7.905e-01  7.905e-01  7.905e-01  7.905e-01  7.905e-01  7.905e-01  7.905e-01  7.905e-01  7.905e-01  7.905e-01  7.905e-01  7.905e-01  7.905e-01  7.905e-01  7.905e-01  7.905e-01  7.905e-01  7.905e-01  7.905e-01  7.905e-01  7.905e-01  7.905e-01  7.905e-01  7.905e-01  7.905e-01  7.905e-01  7.905e-01  7.905e-01  7.905e-01  7.905e-01  7.905e-01  7.905e-01 	
 7.918e-01  7.918e-01  7.918e-01  7.918e-01  7.918e-01  7.918e-01  7.918e-01  7.918e-01  7.918e-01  7.918e-01  7.918e-01  7.918e-01  7.918e-01  7.918e-01  7.918e-01  7.918e-01  7.918e-01  7.918e-01  7.918e-01  7.918e-01  7.918e-01  7.918e-01  7.918e-01  7.918e-01  7.918e-01  7.918e-01  7.918e-01  7.918e-01  7.918e-01  7.918e-01  7.918e-01  7.918e-01  7.918e-01  7.918e-01  7.918e-01  7.918e-01  7.918e-01  7.918e-01  7.918e-01  7.918e-01  7.918e-01  7.918e-01  7.918e-01  7.918e-01  7.918e-01  7.918e-01  7.918e-01  7.918e-01  7.918e-01  7.918e-01 	
 7.931e-01  7.931e-01  7.931e-01  7.931e-01  7.931e-01  7.931e-01  7.931e-01  7.931e-01  7.931e-01  7.931e-01  7.931e-01  7.931e-01  7.931e-01  7.931e-01  7.931e-01  7.931e-01  7.931e-01  7.931e-01  7.931e-01  7.931e-01  7.931e-01  7.931e-01  7.931e-01  7.931e-01  7.931e-01  7.931e-01  7.931e-01  7.931e-01  7.931e-01  7.931e-01  7.931e-01  7.931e-01  7.931e-01  7.931e-01  7.931e-01  7.931e-01  7.931e-01  7.931e-01  7.931e-01  7.931e-01  7.931e-01  7.931e-01  7.931e-01  7.931e-01  7.931e-01  7.931e-01  7.931e-01  7.931e-01  7.931e-01  7.931e-01 	
 7.944e-01  7.944e-01  7.944e-01  7.944e-01  7.944e-01  7.944e-01  7.944e-01  7.944e-01  7.944e-01  7.944e-01  7.944e-01  7.944e-01  7.944e-01  7.944e-01  7.944e-01  7.944e-01  7.944e-01  7.944e-01  7.944e-01  7.944e-01  7.944e-01  7.944e-01  7.944e-01  7.944e-01  7.944e-01  7.944e-01  7.944e-01  7.944e-01  7.944e-01  7.944e-01  7.944e-01  7.944e-01  7.944e-01  7.944e-01  7.944e-01  7.944e-01  7.944e-01  7.944e-01  7.944e-01  7.944e-01  7.944e-01  7.944e-01  7.944e-01  7.944e-01  7.944e-01  7.944e-01  7.944e-01  7.944e-01  7.944e-01  7.944e-01 	
 7.956e-01  7.956e-01  7.956e-01  7.956e-01  7.956e-01  7.956e-01  7.956e-01  7.956e-01  7.956e-01  7.956e-01  7.956e-01  7.956e-01  7.956e-01  7.956e-01  7.956e-01  7.956e-01  7.956e-01  7.956e-01  7.956e-01  7.956e-01  7.956e-01  7.956e-01  7.956e-01  7.956e-01  7.956e-01  7.956e-01  7.956e-01  7.956e-01  7.956e-01  7.956e-01  7.956e-01  7.956e-01  7.956e-01  7.956e-01  7.956e-01  7.956e-01  7.956e-01  7.956e-01  7.956e-01  7.956e-01  7.956e-01  7.956e-01  7.956e-01  7.956e-01  7.956e-01  7.956e-01  7.956e-01  7.956e-01  7.956e-01  7.956e-01 	
 7.968e-01  7.968e-01  7.968e-01  7.968e-01  7.968e-01  7.968e-01  7.968e-01  7.968e-01  7.968e-01  7.968e-01  7.968e-01  7.968e-01  7.968e-01  7.968e-01  7.968e-01  7.968e-01  7.968e-01  7.968e-01  7.968e-01  7.968e-01  7.968e-01  7.968e-01  7.968e-01  7.968e-01  7.968e-01  7.968e-01  7.968e-01  7.968e-01  7.968e-01  7.968e-01  7.968e-01  7.968e-01  7.968e-01  7.968e-01  7.968e-01  7.968e-01  7.968e-01  7.968e-01  7.968e-01  7.968e-01  7.968e-01  7.968e-01  7.968e-01  7.968e-01  7.968e-01  7.968e-01  7.968e-01  7.968e-01  7.968e-01  7.968e-01 	
 7.979e-01  7.979e-01  7.979e-01  7.979e-01  7.979e-01  7.979e-01  7.979e-01  7.979e-01  7.979e-01  7.979e-01  7.979e-01  7.979e-01  7.979e-01  7.979e-01  7.979e-01  7.979e-01  7.979e-01  7.979e-01  7.979e-01  7.979e-01  7.979e-01  7.979e-01  7.979e-01  7.979e-01  7.979e-01  7.979e-01  7.979e-01  7.979e-01  7.979e-01  7.979e-01  7.979e-01  7.979e-01  7.979e-01  7.979e-01  7.979e-01  7.979e-01  7.979e-01  7.979e-01  7.979e-01  7.979e-01  7.979e-01  7.979e-01  7.979e-01  7.979e-01  7.979e-01  7.979e-01  7.979e-01  7.979e-01  7.979e-01  7.979e-01 	
 7.990e-01  7.990e-01  7.990e-01  7.990e-01  7.990e-01  7.990e-01  7.990e-01  7.990e-01  7.990e-01  7.990e-01  7.990e-01  7.990e-01  7.990e-01  7.990e-01  7.990e-01  7.990e-01  7.990e-01  7.990e-01  7.990e-01  7.990e-01  7.990e-01  7.990e-01  7.990e-01  7.990e-01  7.990e-01  7.990e-01  7.990e-01  7.990e-01  7.990e-01  7.990e-01  7.990e-01  7.990e-01  7.990e-01  7.990e-01  7.990e-01  7.990e-01  7.990e-01  7.990e-01  7.990e-01  7.990e-01  7.990e-01  7.990e-01  7.990e-01  7.990e-01  7.990e-01  7.990e-01  7.990e-01  7.990e-01  7.990e-01  7.990e-01 	
 8.000e-01  8.000e-01  8.000e-01  8.000e-01  8.000e-01  8.000e-01  8.000e-01  8.000e-01  8.000e-01  8.000e-01  8.000e-01  8.000e-01  8.000e-01  8.000e-01  8.000e-01  8.000e-01  8.000e-01  8.000e-01  8.000e-01  8.000e-01  8.000e-01  8.000e-01  8.000e-01  8.000e-01  8.000e-01  8.000e-01  8.000e-01  8.000e-01  8.000e-01  8.000e-01  8.000e-01  8.000e-01  8.000e-01  8.000e-01  8.000e-01  8.000e-01  8.000e-01  8.000e-01  8.000e-01  8.000e-01  8.000e-01  8.000e-01  8.000e-01  8.000e-01  8.000e-01  8.000e-01  8.000e-01  8.000e-01  8.000e-01  8.000e-01 	
 8.010e-01  8.010e-01  8.010e-01  8.010e-01  8.010e-01  8.010e-01  8.010e-01  8.010e-01  8.010e-01  8.010e-01  8.010e-01  8.010e-01  8.010e-01  8.010e-01  8.010e-01  8.010e-01  8.010e-01  8.010e-01  8.010e-01  8.010e-01  8.010e-01  8.010e-01  8.010e-01  8.010e-01  8.010e-01  8.010e-01  8.010e-01  8.010e-01  8.010e-01  8.010e-01  8.010e-01  8.010e-01  8.010e-01  8.010e-01  8.010e-01  8.010e-01  8.010e-01  8.010e-01  8.010e-01  8.010e-01  8.010e-01  8.010e-01  8.010e-01  8.010e-01  8.010e-01  8.010e-01  8.010e-01  8.010e-01  8.010e-01  8.010e-01 	
 8.020e-01  8.020e-01  8.020e-01  8.020e-01  8.020e-01  8.020e-01  8.020e-01  8.020e-01  8.020e-01  8.020e-01  8.020e-01  8.020e-01  8.020e-01  8.020e-01  8.020e-01  8.020e-01  8.020e-01  8.020e-01  8.020e-01  8.020e-01  8.020e-01  8.020e-01  8.020e-01  8.020e-01  8.020e-01  8.020e-01  8.020e-01  8.020e-01  8.020e-01  8.020e-01  8.020e-01  8.020e-01  8.020e-01  8.020e-01  8.020e-01  8.020e-01  8.020e-01  8.020e-01  8.020e-01  8.020e-01  8.020e-01  8.020e-01  8.020e-01  8.020e-01  8.020e-01  8.020e-01  8.020e-01  8.020e-01  8.020e-01  8.020e-01 	
 8.029e-01  8.029e-01  8.029e-01  8.029e-01  8.029e-01  8.029e-01  8.029e-01  8.029e-01  8.029e-01  8.029e-01  8.029e-01  8.029e-01  8.029e-01  8.029e-01  8.029e-01  8.029e-01  8.029e-01  8.029e-01  8.029e-01  8.029e-01  8.029e-01  8.029e-01  8.029e-01  8.029e-01  8.029e-01  8.029e-01  8.029e-01  8.029e-01  8.029e-01  8.029e-01  8.029e-01  8.029e-01  8.029e-01  8.029e-01  8.029e-01  8.029e-01  8.029e-01  8.029e-01  8.029e-01  8.029e-01  8.029e-01  8.029e-01  8.029e-01  8.029e-01  8.029e-01  8.029e-01  8.029e-01  8.029e-01  8.029e-01  8.029e-01 	
 8.037e-01  8.037e-01  8.037e-01  8.037e-01  8.037e-01  8.037e-01  8.037e-01  8.037e-01  8.037e-01  8.037e-01  8.037e-01  8.037e-01  8.037e-01  8.037e-01  8.037e-01  8.037e-01  8.037e-01  8.037e-01  8.037e-01  8.037e-01  8.037e-01  8.037e-01  8.037e-01  8.037e-01  8.037e-01  8.037e-01  8.037e-01  8.037e-01  8.037e-01  8.037e-01  8.037e-01  8.037e-01  8.037e-01  8.037e-01  8.037e-01  8.037e-01  8.037e-01  8.037e-01  8.037e-01  8.037e-01  8.037e-01  8.037e-01  8.037e-01  8.037e-01  8.037e-01  8.037e-01  8.037e-01  8.037e-01  8.037e-01  8.037e-01 	
 8.045e-01  8.045e-01  8.045e-01  8.045e-01  8.045e-01  8.045e-01  8.045e-01  8.045e-01  8.045e-01  8.045e-01  8.045e-01  8.045e-01  8.045e-01  8.045e-01  8.045e-01  8.045e-01  8.045e-01  8.045e-01  8.045e-01  8.045e-01  8.045e-01  8.045e-01  8.045e-01  8.045e-01  8.045e-01  8.045e-01  8.045e-01  8.045e-01  8.045e-01  8.045e-01  8.045e-01  8.045e-01  8.045e-01  8.045e-01  8.045e-01  8.045e-01  8.045e-01  8.045e-01  8.045e-01  8.045e-01  8.045e-01  8.045e-01  8.045e-01  8.045e-01  8.045e-01  8.045e-01  8.045e-01  8.045e-01  8.045e-01  8.045e-01 	
 8.053e-01  8.053e-01  8.053e-01  8.053e-01  8.053e-01  8.053e-01  8.053e-01  8.053e-01  8.053e-01  8.053e-01  8.053e-01  8.053e-01  8.053e-01  8.053e-01  8.053e-01  8.053e-01  8.053e-01  8.053e-01  8.053e-01  8.053e-01  8.053e-01  8.053e-01  8.053e-01  8.053e-01  8.053e-01  8.053e-01  8.053e-01  8.053e-01  8.053e-01  8.053e-01  8.053e-01  8.053e-01  8.053e-01  8.053e-01  8.053e-01  8.053e-01  8.053e-01  8.053e-01  8.053e-01  8.053e-01  8.053e-01  8.053e-01  8.053e-01  8.053e-01  8.053e-01  8.053e-01  8.053e-01  8.053e-01  8.053e-01  8.053e-01 	
 8.060e-01  8.060e-01  8.060e-01  8.060e-01  8.060e-01  8.060e-01  8.060e-01  8.060e-01  8.060e-01  8.060e-01  8.060e-01  8.060e-01  8.060e-01  8.060e-01  8.060e-01  8.060e-01  8.060e-01  8.060e-01  8.060e-01  8.060e-01  8.060e-01  8.060e-01  8.060e-01  8.060e-01  8.060e-01  8.060e-01  8.060e-01  8.060e-01  8.060e-01  8.060e-01  8.060e-01  8.060e-01  8.060e-01  8.060e-01  8.060e-01  8.060e-01  8.060e-01  8.060e-01  8.060e-01  8.060e-01  8.060e-01  8.060e-01  8.060e-01  8.060e-01  8.060e-01  8.060e-01  8.060e-01  8.060e-01  8.060e-01  8.060e-01 	
 8.066e-01  8.066e-01  8.066e-01  8.066e-01  8.066e-01  8.066e-01  8.066e-01  8.066e-01  8.066e-01  8.066e-01  8.066e-01  8.066e-01  8.066e-01  8.066e-01  8.066e-01  8.066e-01  8.066e-01  8.066e-01  8.066e-01  8.066e-01  8.066e-01  8.066e-01  8.066e-01  8.066e-01  8.066e-01  8.066e-01  8.066e-01  8.066e-01  8.066e-01  8.066e-01  8.066e-01  8.066e-01  8.066e-01  8.066e-01  8.066e-01  8.066e-01  8.066e-01  8.066e-01  8.066e-01  8.066e-01  8.066e-01  8.066e-01  8.066e-01  8.066e-01  8.066e-01  8.066e-01  8.066e-01  8.066e-01  8.066e-01  8.066e-01 	
 8.072e-01  8.072e-01  8.072e-01  8.072e-01  8.072e-01  8.072e-01  8.072e-01  8.072e-01  8.072e-01  8.072e-01  8.072e-01  8.072e-01  8.072e-01  8.072e-01  8.072e-01  8.072e-01  8.072e-01  8.072e-01  8.072e-01  8.072e-01  8.072e-01  8.072e-01  8.072e-01  8.072e-01  8.072e-01  8.072e-01  8.072e-01  8.072e-01  8.072e-01  8.072e-01  8.072e-01  8.072e-01  8.072e-01  8.072e-01  8.072e-01  8.072e-01  8.072e-01  8.072e-01  8.072e-01  8.072e-01  8.072e-01  8.072e-01  8.072e-01  8.072e-01  8.072e-01  8.072e-01  8.072e-01  8.072e-01  8.072e-01  8.072e-01 	
 8.077e-01  8.077e-01  8.077e-01  8.077e-01  8.077e-01  8.077e-01  8.077e-01  8.077e-01  8.077e-01  8.077e-01  8.077e-01  8.077e-01  8.077e-01  8.077e-01  8.077e-01  8.077e-01  8.077e-01  8.077e-01  8.077e-01  8.077e-01  8.077e-01  8.077e-01  8.077e-01  8.077e-01  8.077e-01  8.077e-01  8.077e-01  8.077e-01  8.077e-01  8.077e-01  8.077e-01  8.077e-01  8.077e-01  8.077e-01  8.077e-01  8.077e-01  8.077e-01  8.077e-01  8.077e-01  8.077e-01  8.077e-01  8.077e-01  8.077e-01  8.077e-01  8.077e-01  8.077e-01  8.077e-01  8.077e-01  8.077e-01  8.077e-01 	
 8.082e-01  8.082e-01  8.082e-01  8.082e-01  8.082e-01  8.082e-01  8.082e-01  8.082e-01  8.082e-01  8.082e-01  8.082e-01  8.082e-01  8.082e-01  8.082e-01  8.082e-01  8.082e-01  8.082e-01  8.082e-01  8.082e-01  8.082e-01  8.082e-01  8.082e-01  8.082e-01  8.082e-01  8.082e-01  8.082e-01  8.082e-01  8.082e-01  8.082e-01  8.082e-01  8.082e-01  8.082e-01  8.082e-01  8.082e-01  8.082e-01  8.082e-01  8.082e-01  8.082e-01  8.082e-01  8.082e-01  8.082e-01  8.082e-01  8.082e-01  8.082e-01  8.082e-01  8.082e-01  8.082e-01  8.082e-01  8.082e-01  8.082e-01 	
 8.087e-01  8.087e-01  8.087e-01  8.087e-01  8.087e-01  8.087e-01  8.087e-01  8.087e-01  8.087e-01  8.087e-01  8.087e-01  8.087e-01  8.087e-01  8.087e-01  8.087e-01  8.087e-01  8.087e-01  8.087e-01  8.087e-01  8.087e-01  8.087e-01  8.087e-01  8.087e-01  8.087e-01  8.087e-01  8.087e-01  8.087e-01  8.087e-01  8.087e-01  8.087e-01  8.087e-01  8.087e-01  8.087e-01  8.087e-01  8.087e-01  8.087e-01  8.087e-01  8.087e-01  8.087e-01  8.087e-01  8.087e-01  8.087e-01  8.087e-01  8.087e-01  8.087e-01  8.087e-01  8.087e-01  8.087e-01  8.087e-01  8.087e-01 	
