 5.660e-01  5.660e-01  5.660e-01  5.660e-01  5.660e-01  5.660e-01  5.660e-01  5.660e-01  5.660e-01  5.660e-01  5.660e-01  5.660e-01  5.660e-01  5.660e-01  5.660e-01  5.660e-01  5.660e-01  5.660e-01  5.660e-01  5.660e-01  5.660e-01  5.660e-01  5.660e-01  5.660e-01  5.660e-01  5.660e-01  5.660e-01  5.660e-01  5.660e-01  5.660e-01  5.660e-01  5.660e-01  5.660e-01  5.660e-01  5.660e-01  5.660e-01  5.660e-01  5.660e-01  5.660e-01  5.660e-01  5.660e-01  5.660e-01  5.660e-01  5.660e-01  5.660e-01  5.660e-01  5.660e-01  5.660e-01  5.660e-01  5.660e-01 	
 6.297e-01  6.297e-01  6.297e-01  6.297e-01  6.297e-01  6.297e-01  6.297e-01  6.297e-01  6.297e-01  6.297e-01  6.297e-01  6.297e-01  6.297e-01  6.297e-01  6.297e-01  6.297e-01  6.297e-01  6.297e-01  6.297e-01  6.297e-01  6.297e-01  6.297e-01  6.297e-01  6.297e-01  6.297e-01  6.297e-01  6.297e-01  6.297e-01  6.297e-01  6.297e-01  6.297e-01  6.297e-01  6.297e-01  6.297e-01  6.297e-01  6.297e-01  6.297e-01  6.297e-01  6.297e-01  6.297e-01  6.297e-01  6.297e-01  6.297e-01  6.297e-01  6.297e-01  6.297e-01  6.297e-01  6.297e-01  6.297e-01  6.297e-01 	
 6.727e-01  6.727e-01  6.727e-01  6.727e-01  6.727e-01  6.727e-01  6.727e-01  6.727e-01  6.727e-01  6.727e-01  6.727e-01  6.727e-01  6.727e-01  6.727e-01  6.727e-01  6.727e-01  6.727e-01  6.727e-01  6.727e-01  6.727e-01  6.727e-01  6.727e-01  6.727e-01  6.727e-01  6.727e-01  6.727e-01  6.727e-01  6.727e-01  6.727e-01  6.727e-01  6.727e-01  6.727e-01  6.727e-01  6.727e-01  6.727e-01  6.727e-01  6.727e-01  6.727e-01  6.727e-01  6.727e-01  6.727e-01  6.727e-01  6.727e-01  6.727e-01  6.727e-01  6.727e-01  6.727e-01  6.727e-01  6.727e-01  6.727e-01 	
 6.958e-01  6.958e-01  6.958e-01  6.958e-01  6.958e-01  6.958e-01  6.958e-01  6.958e-01  6.958e-01  6.958e-01  6.958e-01  6.958e-01  6.958e-01  6.958e-01  6.958e-01  6.958e-01  6.958e-01  6.958e-01  6.958e-01  6.958e-01  6.958e-01  6.958e-01  6.958e-01  6.958e-01  6.958e-01  6.958e-01  6.958e-01  6.958e-01  6.958e-01  6.958e-01  6.958e-01  6.958e-01  6.958e-01  6.958e-01  6.958e-01  6.958e-01  6.958e-01  6.958e-01  6.958e-01  6.958e-01  6.958e-01  6.958e-01  6.958e-01  6.958e-01  6.958e-01  6.958e-01  6.958e-01  6.958e-01  6.958e-01  6.958e-01 	
 7.017e-01  7.017e-01  7.017e-01  7.017e-01  7.017e-01  7.017e-01  7.017e-01  7.017e-01  7.017e-01  7.017e-01  7.017e-01  7.017e-01  7.017e-01  7.017e-01  7.017e-01  7.017e-01  7.017e-01  7.017e-01  7.017e-01  7.017e-01  7.017e-01  7.017e-01  7.017e-01  7.017e-01  7.017e-01  7.017e-01  7.017e-01  7.017e-01  7.017e-01  7.017e-01  7.017e-01  7.017e-01  7.017e-01  7.017e-01  7.017e-01  7.017e-01  7.017e-01  7.017e-01  7.017e-01  7.017e-01  7.017e-01  7.017e-01  7.017e-01  7.017e-01  7.017e-01  7.017e-01  7.017e-01  7.017e-01  7.017e-01  7.017e-01 	
 7.001e-01  7.001e-01  7.001e-01  7.001e-01  7.001e-01  7.001e-01  7.001e-01  7.001e-01  7.001e-01  7.001e-01  7.001e-01  7.001e-01  7.001e-01  7.001e-01  7.001e-01  7.001e-01  7.001e-01  7.001e-01  7.001e-01  7.001e-01  7.001e-01  7.001e-01  7.001e-01  7.001e-01  7.001e-01  7.001e-01  7.001e-01  7.001e-01  7.001e-01  7.001e-01  7.001e-01  7.001e-01  7.001e-01  7.001e-01  7.001e-01  7.001e-01  7.001e-01  7.001e-01  7.001e-01  7.001e-01  7.001e-01  7.001e-01  7.001e-01  7.001e-01  7.001e-01  7.001e-01  7.001e-01  7.001e-01  7.001e-01  7.001e-01 	
 7.079e-01  7.079e-01  7.079e-01  7.079e-01  7.079e-01  7.079e-01  7.079e-01  7.079e-01  7.079e-01  7.079e-01  7.079e-01  7.079e-01  7.079e-01  7.079e-01  7.079e-01  7.079e-01  7.079e-01  7.079e-01  7.079e-01  7.079e-01  7.079e-01  7.079e-01  7.079e-01  7.079e-01  7.079e-01  7.079e-01  7.079e-01  7.079e-01  7.079e-01  7.079e-01  7.079e-01  7.079e-01  7.079e-01  7.079e-01  7.079e-01  7.079e-01  7.079e-01  7.079e-01  7.079e-01  7.079e-01  7.079e-01  7.079e-01  7.079e-01  7.079e-01  7.079e-01  7.079e-01  7.079e-01  7.079e-01  7.079e-01  7.079e-01 	
 7.216e-01  7.216e-01  7.216e-01  7.216e-01  7.216e-01  7.216e-01  7.216e-01  7.216e-01  7.216e-01  7.216e-01  7.216e-01  7.216e-01  7.216e-01  7.216e-01  7.216e-01  7.216e-01  7.216e-01  7.216e-01  7.216e-01  7.216e-01  7.216e-01  7.216e-01  7.216e-01  7.216e-01  7.216e-01  7.216e-01  7.216e-01  7.216e-01  7.216e-01  7.216e-01  7.216e-01  7.216e-01  7.216e-01  7.216e-01  7.216e-01  7.216e-01  7.216e-01  7.216e-01  7.216e-01  7.216e-01  7.216e-01  7.216e-01  7.216e-01  7.216e-01  7.216e-01  7.216e-01  7.216e-01  7.216e-01  7.216e-01  7.216e-01 	
 7.260e-01  7.260e-01  7.260e-01  7.260e-01  7.260e-01  7.260e-01  7.260e-01  7.260e-01  7.260e-01  7.260e-01  7.260e-01  7.260e-01  7.260e-01  7.260e-01  7.260e-01  7.260e-01  7.260e-01  7.260e-01  7.260e-01  7.260e-01  7.260e-01  7.260e-01  7.260e-01  7.260e-01  7.260e-01  7.260e-01  7.260e-01  7.260e-01  7.260e-01  7.260e-01  7.260e-01  7.260e-01  7.260e-01  7.260e-01  7.260e-01  7.260e-01  7.260e-01  7.260e-01  7.260e-01  7.260e-01  7.260e-01  7.260e-01  7.260e-01  7.260e-01  7.260e-01  7.260e-01  7.260e-01  7.260e-01  7.260e-01  7.260e-01 	
 7.303e-01  7.303e-01  7.303e-01  7.303e-01  7.303e-01  7.303e-01  7.303e-01  7.303e-01  7.303e-01  7.303e-01  7.303e-01  7.303e-01  7.303e-01  7.303e-01  7.303e-01  7.303e-01  7.303e-01  7.303e-01  7.303e-01  7.303e-01  7.303e-01  7.303e-01  7.303e-01  7.303e-01  7.303e-01  7.303e-01  7.303e-01  7.303e-01  7.303e-01  7.303e-01  7.303e-01  7.303e-01  7.303e-01  7.303e-01  7.303e-01  7.303e-01  7.303e-01  7.303e-01  7.303e-01  7.303e-01  7.303e-01  7.303e-01  7.303e-01  7.303e-01  7.303e-01  7.303e-01  7.303e-01  7.303e-01  7.303e-01  7.303e-01 	
 7.377e-01  7.377e-01  7.377e-01  7.377e-01  7.377e-01  7.377e-01  7.377e-01  7.377e-01  7.377e-01  7.377e-01  7.377e-01  7.377e-01  7.377e-01  7.377e-01  7.377e-01  7.377e-01  7.377e-01  7.377e-01  7.377e-01  7.377e-01  7.377e-01  7.377e-01  7.377e-01  7.377e-01  7.377e-01  7.377e-01  7.377e-01  7.377e-01  7.377e-01  7.377e-01  7.377e-01  7.377e-01  7.377e-01  7.377e-01  7.377e-01  7.377e-01  7.377e-01  7.377e-01  7.377e-01  7.377e-01  7.377e-01  7.377e-01  7.377e-01  7.377e-01  7.377e-01  7.377e-01  7.377e-01  7.377e-01  7.377e-01  7.377e-01 	
 7.409e-01  7.409e-01  7.409e-01  7.409e-01  7.409e-01  7.409e-01  7.409e-01  7.409e-01  7.409e-01  7.409e-01  7.409e-01  7.409e-01  7.409e-01  7.409e-01  7.409e-01  7.409e-01  7.409e-01  7.409e-01  7.409e-01  7.409e-01  7.409e-01  7.409e-01  7.409e-01  7.409e-01  7.409e-01  7.409e-01  7.409e-01  7.409e-01  7.409e-01  7.409e-01  7.409e-01  7.409e-01  7.409e-01  7.409e-01  7.409e-01  7.409e-01  7.409e-01  7.409e-01  7.409e-01  7.409e-01  7.409e-01  7.409e-01  7.409e-01  7.409e-01  7.409e-01  7.409e-01  7.409e-01  7.409e-01  7.409e-01  7.409e-01 	
 7.461e-01  7.461e-01  7.461e-01  7.461e-01  7.461e-01  7.461e-01  7.461e-01  7.461e-01  7.461e-01  7.461e-01  7.461e-01  7.461e-01  7.461e-01  7.461e-01  7.461e-01  7.461e-01  7.461e-01  7.461e-01  7.461e-01  7.461e-01  7.461e-01  7.461e-01  7.461e-01  7.461e-01  7.461e-01  7.461e-01  7.461e-01  7.461e-01  7.461e-01  7.461e-01  7.461e-01  7.461e-01  7.461e-01  7.461e-01  7.461e-01  7.461e-01  7.461e-01  7.461e-01  7.461e-01  7.461e-01  7.461e-01  7.461e-01  7.461e-01  7.461e-01  7.461e-01  7.461e-01  7.461e-01  7.461e-01  7.461e-01  7.461e-01 	
 7.501e-01  7.501e-01  7.501e-01  7.501e-01  7.501e-01  7.501e-01  7.501e-01  7.501e-01  7.501e-01  7.501e-01  7.501e-01  7.501e-01  7.501e-01  7.501e-01  7.501e-01  7.501e-01  7.501e-01  7.501e-01  7.501e-01  7.501e-01  7.501e-01  7.501e-01  7.501e-01  7.501e-01  7.501e-01  7.501e-01  7.501e-01  7.501e-01  7.501e-01  7.501e-01  7.501e-01  7.501e-01  7.501e-01  7.501e-01  7.501e-01  7.501e-01  7.501e-01  7.501e-01  7.501e-01  7.501e-01  7.501e-01  7.501e-01  7.501e-01  7.501e-01  7.501e-01  7.501e-01  7.501e-01  7.501e-01  7.501e-01  7.501e-01 	
 7.534e-01  7.534e-01  7.534e-01  7.534e-01  7.534e-01  7.534e-01  7.534e-01  7.534e-01  7.534e-01  7.534e-01  7.534e-01  7.534e-01  7.534e-01  7.534e-01  7.534e-01  7.534e-01  7.534e-01  7.534e-01  7.534e-01  7.534e-01  7.534e-01  7.534e-01  7.534e-01  7.534e-01  7.534e-01  7.534e-01  7.534e-01  7.534e-01  7.534e-01  7.534e-01  7.534e-01  7.534e-01  7.534e-01  7.534e-01  7.534e-01  7.534e-01  7.534e-01  7.534e-01  7.534e-01  7.534e-01  7.534e-01  7.534e-01  7.534e-01  7.534e-01  7.534e-01  7.534e-01  7.534e-01  7.534e-01  7.534e-01  7.534e-01 	
 7.567e-01  7.567e-01  7.567e-01  7.567e-01  7.567e-01  7.567e-01  7.567e-01  7.567e-01  7.567e-01  7.567e-01  7.567e-01  7.567e-01  7.567e-01  7.567e-01  7.567e-01  7.567e-01  7.567e-01  7.567e-01  7.567e-01  7.567e-01  7.567e-01  7.567e-01  7.567e-01  7.567e-01  7.567e-01  7.567e-01  7.567e-01  7.567e-01  7.567e-01  7.567e-01  7.567e-01  7.567e-01  7.567e-01  7.567e-01  7.567e-01  7.567e-01  7.567e-01  7.567e-01  7.567e-01  7.567e-01  7.567e-01  7.567e-01  7.567e-01  7.567e-01  7.567e-01  7.567e-01  7.567e-01  7.567e-01  7.567e-01  7.567e-01 	
 7.599e-01  7.599e-01  7.599e-01  7.599e-01  7.599e-01  7.599e-01  7.599e-01  7.599e-01  7.599e-01  7.599e-01  7.599e-01  7.599e-01  7.599e-01  7.599e-01  7.599e-01  7.599e-01  7.599e-01  7.599e-01  7.599e-01  7.599e-01  7.599e-01  7.599e-01  7.599e-01  7.599e-01  7.599e-01  7.599e-01  7.599e-01  7.599e-01  7.599e-01  7.599e-01  7.599e-01  7.599e-01  7.599e-01  7.599e-01  7.599e-01  7.599e-01  7.599e-01  7.599e-01  7.599e-01  7.599e-01  7.599e-01  7.599e-01  7.599e-01  7.599e-01  7.599e-01  7.599e-01  7.599e-01  7.599e-01  7.599e-01  7.599e-01 	
 7.628e-01  7.628e-01  7.628e-01  7.628e-01  7.628e-01  7.628e-01  7.628e-01  7.628e-01  7.628e-01  7.628e-01  7.628e-01  7.628e-01  7.628e-01  7.628e-01  7.628e-01  7.628e-01  7.628e-01  7.628e-01  7.628e-01  7.628e-01  7.628e-01  7.628e-01  7.628e-01  7.628e-01  7.628e-01  7.628e-01  7.628e-01  7.628e-01  7.628e-01  7.628e-01  7.628e-01  7.628e-01  7.628e-01  7.628e-01  7.628e-01  7.628e-01  7.628e-01  7.628e-01  7.628e-01  7.628e-01  7.628e-01  7.628e-01  7.628e-01  7.628e-01  7.628e-01  7.628e-01  7.628e-01  7.628e-01  7.628e-01  7.628e-01 	
 7.654e-01  7.654e-01  7.654e-01  7.654e-01  7.654e-01  7.654e-01  7.654e-01  7.654e-01  7.654e-01  7.654e-01  7.654e-01  7.654e-01  7.654e-01  7.654e-01  7.654e-01  7.654e-01  7.654e-01  7.654e-01  7.654e-01  7.654e-01  7.654e-01  7.654e-01  7.654e-01  7.654e-01  7.654e-01  7.654e-01  7.654e-01  7.654e-01  7.654e-01  7.654e-01  7.654e-01  7.654e-01  7.654e-01  7.654e-01  7.654e-01  7.654e-01  7.654e-01  7.654e-01  7.654e-01  7.654e-01  7.654e-01  7.654e-01  7.654e-01  7.654e-01  7.654e-01  7.654e-01  7.654e-01  7.654e-01  7.654e-01  7.654e-01 	
 7.678e-01  7.678e-01  7.678e-01  7.678e-01  7.678e-01  7.678e-01  7.678e-01  7.678e-01  7.678e-01  7.678e-01  7.678e-01  7.678e-01  7.678e-01  7.678e-01  7.678e-01  7.678e-01  7.678e-01  7.678e-01  7.678e-01  7.678e-01  7.678e-01  7.678e-01  7.678e-01  7.678e-01  7.678e-01  7.678e-01  7.678e-01  7.678e-01  7.678e-01  7.678e-01  7.678e-01  7.678e-01  7.678e-01  7.678e-01  7.678e-01  7.678e-01  7.678e-01  7.678e-01  7.678e-01  7.678e-01  7.678e-01  7.678e-01  7.678e-01  7.678e-01  7.678e-01  7.678e-01  7.678e-01  7.678e-01  7.678e-01  7.678e-01 	
 7.700e-01  7.700e-01  7.700e-01  7.700e-01  7.700e-01  7.700e-01  7.700e-01  7.700e-01  7.700e-01  7.700e-01  7.700e-01  7.700e-01  7.700e-01  7.700e-01  7.700e-01  7.700e-01  7.700e-01  7.700e-01  7.700e-01  7.700e-01  7.700e-01  7.700e-01  7.700e-01  7.700e-01  7.700e-01  7.700e-01  7.700e-01  7.700e-01  7.700e-01  7.700e-01  7.700e-01  7.700e-01  7.700e-01  7.700e-01  7.700e-01  7.700e-01  7.700e-01  7.700e-01  7.700e-01  7.700e-01  7.700e-01  7.700e-01  7.700e-01  7.700e-01  7.700e-01  7.700e-01  7.700e-01  7.700e-01  7.700e-01  7.700e-01 	
 7.721e-01  7.721e-01  7.721e-01  7.721e-01  7.721e-01  7.721e-01  7.721e-01  7.721e-01  7.721e-01  7.721e-01  7.721e-01  7.721e-01  7.721e-01  7.721e-01  7.721e-01  7.721e-01  7.721e-01  7.721e-01  7.721e-01  7.721e-01  7.721e-01  7.721e-01  7.721e-01  7.721e-01  7.721e-01  7.721e-01  7.721e-01  7.721e-01  7.721e-01  7.721e-01  7.721e-01  7.721e-01  7.721e-01  7.721e-01  7.721e-01  7.721e-01  7.721e-01  7.721e-01  7.721e-01  7.721e-01  7.721e-01  7.721e-01  7.721e-01  7.721e-01  7.721e-01  7.721e-01  7.721e-01  7.721e-01  7.721e-01  7.721e-01 	
 7.741e-01  7.741e-01  7.741e-01  7.741e-01  7.741e-01  7.741e-01  7.741e-01  7.741e-01  7.741e-01  7.741e-01  7.741e-01  7.741e-01  7.741e-01  7.741e-01  7.741e-01  7.741e-01  7.741e-01  7.741e-01  7.741e-01  7.741e-01  7.741e-01  7.741e-01  7.741e-01  7.741e-01  7.741e-01  7.741e-01  7.741e-01  7.741e-01  7.741e-01  7.741e-01  7.741e-01  7.741e-01  7.741e-01  7.741e-01  7.741e-01  7.741e-01  7.741e-01  7.741e-01  7.741e-01  7.741e-01  7.741e-01  7.741e-01  7.741e-01  7.741e-01  7.741e-01  7.741e-01  7.741e-01  7.741e-01  7.741e-01  7.741e-01 	
 7.759e-01  7.759e-01  7.759e-01  7.759e-01  7.759e-01  7.759e-01  7.759e-01  7.759e-01  7.759e-01  7.759e-01  7.759e-01  7.759e-01  7.759e-01  7.759e-01  7.759e-01  7.759e-01  7.759e-01  7.759e-01  7.759e-01  7.759e-01  7.759e-01  7.759e-01  7.759e-01  7.759e-01  7.759e-01  7.759e-01  7.759e-01  7.759e-01  7.759e-01  7.759e-01  7.759e-01  7.759e-01  7.759e-01  7.759e-01  7.759e-01  7.759e-01  7.759e-01  7.759e-01  7.759e-01  7.759e-01  7.759e-01  7.759e-01  7.759e-01  7.759e-01  7.759e-01  7.759e-01  7.759e-01  7.759e-01  7.759e-01  7.759e-01 	
 7.777e-01  7.777e-01  7.777e-01  7.777e-01  7.777e-01  7.777e-01  7.777e-01  7.777e-01  7.777e-01  7.777e-01  7.777e-01  7.777e-01  7.777e-01  7.777e-01  7.777e-01  7.777e-01  7.777e-01  7.777e-01  7.777e-01  7.777e-01  7.777e-01  7.777e-01  7.777e-01  7.777e-01  7.777e-01  7.777e-01  7.777e-01  7.777e-01  7.777e-01  7.777e-01  7.777e-01  7.777e-01  7.777e-01  7.777e-01  7.777e-01  7.777e-01  7.777e-01  7.777e-01  7.777e-01  7.777e-01  7.777e-01  7.777e-01  7.777e-01  7.777e-01  7.777e-01  7.777e-01  7.777e-01  7.777e-01  7.777e-01  7.777e-01 	
 7.793e-01  7.793e-01  7.793e-01  7.793e-01  7.793e-01  7.793e-01  7.793e-01  7.793e-01  7.793e-01  7.793e-01  7.793e-01  7.793e-01  7.793e-01  7.793e-01  7.793e-01  7.793e-01  7.793e-01  7.793e-01  7.793e-01  7.793e-01  7.793e-01  7.793e-01  7.793e-01  7.793e-01  7.793e-01  7.793e-01  7.793e-01  7.793e-01  7.793e-01  7.793e-01  7.793e-01  7.793e-01  7.793e-01  7.793e-01  7.793e-01  7.793e-01  7.793e-01  7.793e-01  7.793e-01  7.793e-01  7.793e-01  7.793e-01  7.793e-01  7.793e-01  7.793e-01  7.793e-01  7.793e-01  7.793e-01  7.793e-01  7.793e-01 	
 7.809e-01  7.809e-01  7.809e-01  7.809e-01  7.809e-01  7.809e-01  7.809e-01  7.809e-01  7.809e-01  7.809e-01  7.809e-01  7.809e-01  7.809e-01  7.809e-01  7.809e-01  7.809e-01  7.809e-01  7.809e-01  7.809e-01  7.809e-01  7.809e-01  7.809e-01  7.809e-01  7.809e-01  7.809e-01  7.809e-01  7.809e-01  7.809e-01  7.809e-01  7.809e-01  7.809e-01  7.809e-01  7.809e-01  7.809e-01  7.809e-01  7.809e-01  7.809e-01  7.809e-01  7.809e-01  7.809e-01  7.809e-01  7.809e-01  7.809e-01  7.809e-01  7.809e-01  7.809e-01  7.809e-01  7.809e-01  7.809e-01  7.809e-01 	
 7.824e-01  7.824e-01  7.824e-01  7.824e-01  7.824e-01  7.824e-01  7.824e-01  7.824e-01  7.824e-01  7.824e-01  7.824e-01  7.824e-01  7.824e-01  7.824e-01  7.824e-01  7.824e-01  7.824e-01  7.824e-01  7.824e-01  7.824e-01  7.824e-01  7.824e-01  7.824e-01  7.824e-01  7.824e-01  7.824e-01  7.824e-01  7.824e-01  7.824e-01  7.824e-01  7.824e-01  7.824e-01  7.824e-01  7.824e-01  7.824e-01  7.824e-01  7.824e-01  7.824e-01  7.824e-01  7.824e-01  7.824e-01  7.824e-01  7.824e-01  7.824e-01  7.824e-01  7.824e-01  7.824e-01  7.824e-01  7.824e-01  7.824e-01 	
 7.838e-01  7.838e-01  7.838e-01  7.838e-01  7.838e-01  7.838e-01  7.838e-01  7.838e-01  7.838e-01  7.838e-01  7.838e-01  7.838e-01  7.838e-01  7.838e-01  7.838e-01  7.838e-01  7.838e-01  7.838e-01  7.838e-01  7.838e-01  7.838e-01  7.838e-01  7.838e-01  7.838e-01  7.838e-01  7.838e-01  7.838e-01  7.838e-01  7.838e-01  7.838e-01  7.838e-01  7.838e-01  7.838e-01  7.838e-01  7.838e-01  7.838e-01  7.838e-01  7.838e-01  7.838e-01  7.838e-01  7.838e-01  7.838e-01  7.838e-01  7.838e-01  7.838e-01  7.838e-01  7.838e-01  7.838e-01  7.838e-01  7.838e-01 	
 7.852e-01  7.852e-01  7.852e-01  7.852e-01  7.852e-01  7.852e-01  7.852e-01  7.852e-01  7.852e-01  7.852e-01  7.852e-01  7.852e-01  7.852e-01  7.852e-01  7.852e-01  7.852e-01  7.852e-01  7.852e-01  7.852e-01  7.852e-01  7.852e-01  7.852e-01  7.852e-01  7.852e-01  7.852e-01  7.852e-01  7.852e-01  7.852e-01  7.852e-01  7.852e-01  7.852e-01  7.852e-01  7.852e-01  7.852e-01  7.852e-01  7.852e-01  7.852e-01  7.852e-01  7.852e-01  7.852e-01  7.852e-01  7.852e-01  7.852e-01  7.852e-01  7.852e-01  7.852e-01  7.852e-01  7.852e-01  7.852e-01  7.852e-01 	
 7.866e-01  7.866e-01  7.866e-01  7.866e-01  7.866e-01  7.866e-01  7.866e-01  7.866e-01  7.866e-01  7.866e-01  7.866e-01  7.866e-01  7.866e-01  7.866e-01  7.866e-01  7.866e-01  7.866e-01  7.866e-01  7.866e-01  7.866e-01  7.866e-01  7.866e-01  7.866e-01  7.866e-01  7.866e-01  7.866e-01  7.866e-01  7.866e-01  7.866e-01  7.866e-01  7.866e-01  7.866e-01  7.866e-01  7.866e-01  7.866e-01  7.866e-01  7.866e-01  7.866e-01  7.866e-01  7.866e-01  7.866e-01  7.866e-01  7.866e-01  7.866e-01  7.866e-01  7.866e-01  7.866e-01  7.866e-01  7.866e-01  7.866e-01 	
 7.879e-01  7.879e-01  7.879e-01  7.879e-01  7.879e-01  7.879e-01  7.879e-01  7.879e-01  7.879e-01  7.879e-01  7.879e-01  7.879e-01  7.879e-01  7.879e-01  7.879e-01  7.879e-01  7.879e-01  7.879e-01  7.879e-01  7.879e-01  7.879e-01  7.879e-01  7.879e-01  7.879e-01  7.879e-01  7.879e-01  7.879e-01  7.879e-01  7.879e-01  7.879e-01  7.879e-01  7.879e-01  7.879e-01  7.879e-01  7.879e-01  7.879e-01  7.879e-01  7.879e-01  7.879e-01  7.879e-01  7.879e-01  7.879e-01  7.879e-01  7.879e-01  7.879e-01  7.879e-01  7.879e-01  7.879e-01  7.879e-01  7.879e-01 	
 7.891e-01  7.891e-01  7.891e-01  7.891e-01  7.891e-01  7.891e-01  7.891e-01  7.891e-01  7.891e-01  7.891e-01  7.891e-01  7.891e-01  7.891e-01  7.891e-01  7.891e-01  7.891e-01  7.891e-01  7.891e-01  7.891e-01  7.891e-01  7.891e-01  7.891e-01  7.891e-01  7.891e-01  7.891e-01  7.891e-01  7.891e-01  7.891e-01  7.891e-01  7.891e-01  7.891e-01  7.891e-01  7.891e-01  7.891e-01  7.891e-01  7.891e-01  7.891e-01  7.891e-01  7.891e-01  7.891e-01  7.891e-01  7.891e-01  7.891e-01  7.891e-01  7.891e-01  7.891e-01  7.891e-01  7.891e-01  7.891e-01  7.891e-01 	
 7.903e-01  7.903e-01  7.903e-01  7.903e-01  7.903e-01  7.903e-01  7.903e-01  7.903e-01  7.903e-01  7.903e-01  7.903e-01  7.903e-01  7.903e-01  7.903e-01  7.903e-01  7.903e-01  7.903e-01  7.903e-01  7.903e-01  7.903e-01  7.903e-01  7.903e-01  7.903e-01  7.903e-01  7.903e-01  7.903e-01  7.903e-01  7.903e-01  7.903e-01  7.903e-01  7.903e-01  7.903e-01  7.903e-01  7.903e-01  7.903e-01  7.903e-01  7.903e-01  7.903e-01  7.903e-01  7.903e-01  7.903e-01  7.903e-01  7.903e-01  7.903e-01  7.903e-01  7.903e-01  7.903e-01  7.903e-01  7.903e-01  7.903e-01 	
 7.915e-01  7.915e-01  7.915e-01  7.915e-01  7.915e-01  7.915e-01  7.915e-01  7.915e-01  7.915e-01  7.915e-01  7.915e-01  7.915e-01  7.915e-01  7.915e-01  7.915e-01  7.915e-01  7.915e-01  7.915e-01  7.915e-01  7.915e-01  7.915e-01  7.915e-01  7.915e-01  7.915e-01  7.915e-01  7.915e-01  7.915e-01  7.915e-01  7.915e-01  7.915e-01  7.915e-01  7.915e-01  7.915e-01  7.915e-01  7.915e-01  7.915e-01  7.915e-01  7.915e-01  7.915e-01  7.915e-01  7.915e-01  7.915e-01  7.915e-01  7.915e-01  7.915e-01  7.915e-01  7.915e-01  7.915e-01  7.915e-01  7.915e-01 	
 7.926e-01  7.926e-01  7.926e-01  7.926e-01  7.926e-01  7.926e-01  7.926e-01  7.926e-01  7.926e-01  7.926e-01  7.926e-01  7.926e-01  7.926e-01  7.926e-01  7.926e-01  7.926e-01  7.926e-01  7.926e-01  7.926e-01  7.926e-01  7.926e-01  7.926e-01  7.926e-01  7.926e-01  7.926e-01  7.926e-01  7.926e-01  7.926e-01  7.926e-01  7.926e-01  7.926e-01  7.926e-01  7.926e-01  7.926e-01  7.926e-01  7.926e-01  7.926e-01  7.926e-01  7.926e-01  7.926e-01  7.926e-01  7.926e-01  7.926e-01  7.926e-01  7.926e-01  7.926e-01  7.926e-01  7.926e-01  7.926e-01  7.926e-01 	
 7.936e-01  7.936e-01  7.936e-01  7.936e-01  7.936e-01  7.936e-01  7.936e-01  7.936e-01  7.936e-01  7.936e-01  7.936e-01  7.936e-01  7.936e-01  7.936e-01  7.936e-01  7.936e-01  7.936e-01  7.936e-01  7.936e-01  7.936e-01  7.936e-01  7.936e-01  7.936e-01  7.936e-01  7.936e-01  7.936e-01  7.936e-01  7.936e-01  7.936e-01  7.936e-01  7.936e-01  7.936e-01  7.936e-01  7.936e-01  7.936e-01  7.936e-01  7.936e-01  7.936e-01  7.936e-01  7.936e-01  7.936e-01  7.936e-01  7.936e-01  7.936e-01  7.936e-01  7.936e-01  7.936e-01  7.936e-01  7.936e-01  7.936e-01 	
 7.947e-01  7.947e-01  7.947e-01  7.947e-01  7.947e-01  7.947e-01  7.947e-01  7.947e-01  7.947e-01  7.947e-01  7.947e-01  7.947e-01  7.947e-01  7.947e-01  7.947e-01  7.947e-01  7.947e-01  7.947e-01  7.947e-01  7.947e-01  7.947e-01  7.947e-01  7.947e-01  7.947e-01  7.947e-01  7.947e-01  7.947e-01  7.947e-01  7.947e-01  7.947e-01  7.947e-01  7.947e-01  7.947e-01  7.947e-01  7.947e-01  7.947e-01  7.947e-01  7.947e-01  7.947e-01  7.947e-01  7.947e-01  7.947e-01  7.947e-01  7.947e-01  7.947e-01  7.947e-01  7.947e-01  7.947e-01  7.947e-01  7.947e-01 	
 7.957e-01  7.957e-01  7.957e-01  7.957e-01  7.957e-01  7.957e-01  7.957e-01  7.957e-01  7.957e-01  7.957e-01  7.957e-01  7.957e-01  7.957e-01  7.957e-01  7.957e-01  7.957e-01  7.957e-01  7.957e-01  7.957e-01  7.957e-01  7.957e-01  7.957e-01  7.957e-01  7.957e-01  7.957e-01  7.957e-01  7.957e-01  7.957e-01  7.957e-01  7.957e-01  7.957e-01  7.957e-01  7.957e-01  7.957e-01  7.957e-01  7.957e-01  7.957e-01  7.957e-01  7.957e-01  7.957e-01  7.957e-01  7.957e-01  7.957e-01  7.957e-01  7.957e-01  7.957e-01  7.957e-01  7.957e-01  7.957e-01  7.957e-01 	
 7.966e-01  7.966e-01  7.966e-01  7.966e-01  7.966e-01  7.966e-01  7.966e-01  7.966e-01  7.966e-01  7.966e-01  7.966e-01  7.966e-01  7.966e-01  7.966e-01  7.966e-01  7.966e-01  7.966e-01  7.966e-01  7.966e-01  7.966e-01  7.966e-01  7.966e-01  7.966e-01  7.966e-01  7.966e-01  7.966e-01  7.966e-01  7.966e-01  7.966e-01  7.966e-01  7.966e-01  7.966e-01  7.966e-01  7.966e-01  7.966e-01  7.966e-01  7.966e-01  7.966e-01  7.966e-01  7.966e-01  7.966e-01  7.966e-01  7.966e-01  7.966e-01  7.966e-01  7.966e-01  7.966e-01  7.966e-01  7.966e-01  7.966e-01 	
 7.975e-01  7.975e-01  7.975e-01  7.975e-01  7.975e-01  7.975e-01  7.975e-01  7.975e-01  7.975e-01  7.975e-01  7.975e-01  7.975e-01  7.975e-01  7.975e-01  7.975e-01  7.975e-01  7.975e-01  7.975e-01  7.975e-01  7.975e-01  7.975e-01  7.975e-01  7.975e-01  7.975e-01  7.975e-01  7.975e-01  7.975e-01  7.975e-01  7.975e-01  7.975e-01  7.975e-01  7.975e-01  7.975e-01  7.975e-01  7.975e-01  7.975e-01  7.975e-01  7.975e-01  7.975e-01  7.975e-01  7.975e-01  7.975e-01  7.975e-01  7.975e-01  7.975e-01  7.975e-01  7.975e-01  7.975e-01  7.975e-01  7.975e-01 	
 7.984e-01  7.984e-01  7.984e-01  7.984e-01  7.984e-01  7.984e-01  7.984e-01  7.984e-01  7.984e-01  7.984e-01  7.984e-01  7.984e-01  7.984e-01  7.984e-01  7.984e-01  7.984e-01  7.984e-01  7.984e-01  7.984e-01  7.984e-01  7.984e-01  7.984e-01  7.984e-01  7.984e-01  7.984e-01  7.984e-01  7.984e-01  7.984e-01  7.984e-01  7.984e-01  7.984e-01  7.984e-01  7.984e-01  7.984e-01  7.984e-01  7.984e-01  7.984e-01  7.984e-01  7.984e-01  7.984e-01  7.984e-01  7.984e-01  7.984e-01  7.984e-01  7.984e-01  7.984e-01  7.984e-01  7.984e-01  7.984e-01  7.984e-01 	
 7.992e-01  7.992e-01  7.992e-01  7.992e-01  7.992e-01  7.992e-01  7.992e-01  7.992e-01  7.992e-01  7.992e-01  7.992e-01  7.992e-01  7.992e-01  7.992e-01  7.992e-01  7.992e-01  7.992e-01  7.992e-01  7.992e-01  7.992e-01  7.992e-01  7.992e-01  7.992e-01  7.992e-01  7.992e-01  7.992e-01  7.992e-01  7.992e-01  7.992e-01  7.992e-01  7.992e-01  7.992e-01  7.992e-01  7.992e-01  7.992e-01  7.992e-01  7.992e-01  7.992e-01  7.992e-01  7.992e-01  7.992e-01  7.992e-01  7.992e-01  7.992e-01  7.992e-01  7.992e-01  7.992e-01  7.992e-01  7.992e-01  7.992e-01 	
 8.000e-01  8.000e-01  8.000e-01  8.000e-01  8.000e-01  8.000e-01  8.000e-01  8.000e-01  8.000e-01  8.000e-01  8.000e-01  8.000e-01  8.000e-01  8.000e-01  8.000e-01  8.000e-01  8.000e-01  8.000e-01  8.000e-01  8.000e-01  8.000e-01  8.000e-01  8.000e-01  8.000e-01  8.000e-01  8.000e-01  8.000e-01  8.000e-01  8.000e-01  8.000e-01  8.000e-01  8.000e-01  8.000e-01  8.000e-01  8.000e-01  8.000e-01  8.000e-01  8.000e-01  8.000e-01  8.000e-01  8.000e-01  8.000e-01  8.000e-01  8.000e-01  8.000e-01  8.000e-01  8.000e-01  8.000e-01  8.000e-01  8.000e-01 	
 8.007e-01  8.007e-01  8.007e-01  8.007e-01  8.007e-01  8.007e-01  8.007e-01  8.007e-01  8.007e-01  8.007e-01  8.007e-01  8.007e-01  8.007e-01  8.007e-01  8.007e-01  8.007e-01  8.007e-01  8.007e-01  8.007e-01  8.007e-01  8.007e-01  8.007e-01  8.007e-01  8.007e-01  8.007e-01  8.007e-01  8.007e-01  8.007e-01  8.007e-01  8.007e-01  8.007e-01  8.007e-01  8.007e-01  8.007e-01  8.007e-01  8.007e-01  8.007e-01  8.007e-01  8.007e-01  8.007e-01  8.007e-01  8.007e-01  8.007e-01  8.007e-01  8.007e-01  8.007e-01  8.007e-01  8.007e-01  8.007e-01  8.007e-01 	
 8.014e-01  8.014e-01  8.014e-01  8.014e-01  8.014e-01  8.014e-01  8.014e-01  8.014e-01  8.014e-01  8.014e-01  8.014e-01  8.014e-01  8.014e-01  8.014e-01  8.014e-01  8.014e-01  8.014e-01  8.014e-01  8.014e-01  8.014e-01  8.014e-01  8.014e-01  8.014e-01  8.014e-01  8.014e-01  8.014e-01  8.014e-01  8.014e-01  8.014e-01  8.014e-01  8.014e-01  8.014e-01  8.014e-01  8.014e-01  8.014e-01  8.014e-01  8.014e-01  8.014e-01  8.014e-01  8.014e-01  8.014e-01  8.014e-01  8.014e-01  8.014e-01  8.014e-01  8.014e-01  8.014e-01  8.014e-01  8.014e-01  8.014e-01 	
 8.020e-01  8.020e-01  8.020e-01  8.020e-01  8.020e-01  8.020e-01  8.020e-01  8.020e-01  8.020e-01  8.020e-01  8.020e-01  8.020e-01  8.020e-01  8.020e-01  8.020e-01  8.020e-01  8.020e-01  8.020e-01  8.020e-01  8.020e-01  8.020e-01  8.020e-01  8.020e-01  8.020e-01  8.020e-01  8.020e-01  8.020e-01  8.020e-01  8.020e-01  8.020e-01  8.020e-01  8.020e-01  8.020e-01  8.020e-01  8.020e-01  8.020e-01  8.020e-01  8.020e-01  8.020e-01  8.020e-01  8.020e-01  8.020e-01  8.020e-01  8.020e-01  8.020e-01  8.020e-01  8.020e-01  8.020e-01  8.020e-01  8.020e-01 	
 8.026e-01  8.026e-01  8.026e-01  8.026e-01  8.026e-01  8.026e-01  8.026e-01  8.026e-01  8.026e-01  8.026e-01  8.026e-01  8.026e-01  8.026e-01  8.026e-01  8.026e-01  8.026e-01  8.026e-01  8.026e-01  8.026e-01  8.026e-01  8.026e-01  8.026e-01  8.026e-01  8.026e-01  8.026e-01  8.026e-01  8.026e-01  8.026e-01  8.026e-01  8.026e-01  8.026e-01  8.026e-01  8.026e-01  8.026e-01  8.026e-01  8.026e-01  8.026e-01  8.026e-01  8.026e-01  8.026e-01  8.026e-01  8.026e-01  8.026e-01  8.026e-01  8.026e-01  8.026e-01  8.026e-01  8.026e-01  8.026e-01  8.026e-01 	
 8.032e-01  8.032e-01  8.032e-01  8.032e-01  8.032e-01  8.032e-01  8.032e-01  8.032e-01  8.032e-01  8.032e-01  8.032e-01  8.032e-01  8.032e-01  8.032e-01  8.032e-01  8.032e-01  8.032e-01  8.032e-01  8.032e-01  8.032e-01  8.032e-01  8.032e-01  8.032e-01  8.032e-01  8.032e-01  8.032e-01  8.032e-01  8.032e-01  8.032e-01  8.032e-01  8.032e-01  8.032e-01  8.032e-01  8.032e-01  8.032e-01  8.032e-01  8.032e-01  8.032e-01  8.032e-01  8.032e-01  8.032e-01  8.032e-01  8.032e-01  8.032e-01  8.032e-01  8.032e-01  8.032e-01  8.032e-01  8.032e-01  8.032e-01 	
 8.037e-01  8.037e-01  8.037e-01  8.037e-01  8.037e-01  8.037e-01  8.037e-01  8.037e-01  8.037e-01  8.037e-01  8.037e-01  8.037e-01  8.037e-01  8.037e-01  8.037e-01  8.037e-01  8.037e-01  8.037e-01  8.037e-01  8.037e-01  8.037e-01  8.037e-01  8.037e-01  8.037e-01  8.037e-01  8.037e-01  8.037e-01  8.037e-01  8.037e-01  8.037e-01  8.037e-01  8.037e-01  8.037e-01  8.037e-01  8.037e-01  8.037e-01  8.037e-01  8.037e-01  8.037e-01  8.037e-01  8.037e-01  8.037e-01  8.037e-01  8.037e-01  8.037e-01  8.037e-01  8.037e-01  8.037e-01  8.037e-01  8.037e-01 	
