 7.396e-01  7.396e-01  7.396e-01  7.396e-01  7.396e-01  7.396e-01  7.396e-01  7.396e-01  7.396e-01  7.396e-01  7.396e-01  7.396e-01  7.396e-01  7.396e-01  7.396e-01  7.396e-01  7.396e-01  7.396e-01  7.396e-01  7.396e-01  7.396e-01  7.396e-01  7.396e-01  7.396e-01  7.396e-01  7.396e-01  7.396e-01  7.396e-01  7.396e-01  7.396e-01  7.396e-01  7.396e-01  7.396e-01  7.396e-01  7.396e-01  7.396e-01  7.396e-01  7.396e-01  7.396e-01  7.396e-01  7.396e-01  7.396e-01  7.396e-01  7.396e-01  7.396e-01  7.396e-01  7.396e-01  7.396e-01  7.396e-01  7.396e-01 	
 7.381e-01  7.381e-01  7.381e-01  7.381e-01  7.381e-01  7.381e-01  7.381e-01  7.381e-01  7.381e-01  7.381e-01  7.381e-01  7.381e-01  7.381e-01  7.381e-01  7.381e-01  7.381e-01  7.381e-01  7.381e-01  7.381e-01  7.381e-01  7.381e-01  7.381e-01  7.381e-01  7.381e-01  7.381e-01  7.381e-01  7.381e-01  7.381e-01  7.381e-01  7.381e-01  7.381e-01  7.381e-01  7.381e-01  7.381e-01  7.381e-01  7.381e-01  7.381e-01  7.381e-01  7.381e-01  7.381e-01  7.381e-01  7.381e-01  7.381e-01  7.381e-01  7.381e-01  7.381e-01  7.381e-01  7.381e-01  7.381e-01  7.381e-01 	
 7.361e-01  7.361e-01  7.361e-01  7.361e-01  7.361e-01  7.361e-01  7.361e-01  7.361e-01  7.361e-01  7.361e-01  7.361e-01  7.361e-01  7.361e-01  7.361e-01  7.361e-01  7.361e-01  7.361e-01  7.361e-01  7.361e-01  7.361e-01  7.361e-01  7.361e-01  7.361e-01  7.361e-01  7.361e-01  7.361e-01  7.361e-01  7.361e-01  7.361e-01  7.361e-01  7.361e-01  7.361e-01  7.361e-01  7.361e-01  7.361e-01  7.361e-01  7.361e-01  7.361e-01  7.361e-01  7.361e-01  7.361e-01  7.361e-01  7.361e-01  7.361e-01  7.361e-01  7.361e-01  7.361e-01  7.361e-01  7.361e-01  7.361e-01 	
 7.479e-01  7.479e-01  7.479e-01  7.479e-01  7.479e-01  7.479e-01  7.479e-01  7.479e-01  7.479e-01  7.479e-01  7.479e-01  7.479e-01  7.479e-01  7.479e-01  7.479e-01  7.479e-01  7.479e-01  7.479e-01  7.479e-01  7.479e-01  7.479e-01  7.479e-01  7.479e-01  7.479e-01  7.479e-01  7.479e-01  7.479e-01  7.479e-01  7.479e-01  7.479e-01  7.479e-01  7.479e-01  7.479e-01  7.479e-01  7.479e-01  7.479e-01  7.479e-01  7.479e-01  7.479e-01  7.479e-01  7.479e-01  7.479e-01  7.479e-01  7.479e-01  7.479e-01  7.479e-01  7.479e-01  7.479e-01  7.479e-01  7.479e-01 	
 7.583e-01  7.583e-01  7.583e-01  7.583e-01  7.583e-01  7.583e-01  7.583e-01  7.583e-01  7.583e-01  7.583e-01  7.583e-01  7.583e-01  7.583e-01  7.583e-01  7.583e-01  7.583e-01  7.583e-01  7.583e-01  7.583e-01  7.583e-01  7.583e-01  7.583e-01  7.583e-01  7.583e-01  7.583e-01  7.583e-01  7.583e-01  7.583e-01  7.583e-01  7.583e-01  7.583e-01  7.583e-01  7.583e-01  7.583e-01  7.583e-01  7.583e-01  7.583e-01  7.583e-01  7.583e-01  7.583e-01  7.583e-01  7.583e-01  7.583e-01  7.583e-01  7.583e-01  7.583e-01  7.583e-01  7.583e-01  7.583e-01  7.583e-01 	
 7.580e-01  7.580e-01  7.580e-01  7.580e-01  7.580e-01  7.580e-01  7.580e-01  7.580e-01  7.580e-01  7.580e-01  7.580e-01  7.580e-01  7.580e-01  7.580e-01  7.580e-01  7.580e-01  7.580e-01  7.580e-01  7.580e-01  7.580e-01  7.580e-01  7.580e-01  7.580e-01  7.580e-01  7.580e-01  7.580e-01  7.580e-01  7.580e-01  7.580e-01  7.580e-01  7.580e-01  7.580e-01  7.580e-01  7.580e-01  7.580e-01  7.580e-01  7.580e-01  7.580e-01  7.580e-01  7.580e-01  7.580e-01  7.580e-01  7.580e-01  7.580e-01  7.580e-01  7.580e-01  7.580e-01  7.580e-01  7.580e-01  7.580e-01 	
 7.650e-01  7.650e-01  7.650e-01  7.650e-01  7.650e-01  7.650e-01  7.650e-01  7.650e-01  7.650e-01  7.650e-01  7.650e-01  7.650e-01  7.650e-01  7.650e-01  7.650e-01  7.650e-01  7.650e-01  7.650e-01  7.650e-01  7.650e-01  7.650e-01  7.650e-01  7.650e-01  7.650e-01  7.650e-01  7.650e-01  7.650e-01  7.650e-01  7.650e-01  7.650e-01  7.650e-01  7.650e-01  7.650e-01  7.650e-01  7.650e-01  7.650e-01  7.650e-01  7.650e-01  7.650e-01  7.650e-01  7.650e-01  7.650e-01  7.650e-01  7.650e-01  7.650e-01  7.650e-01  7.650e-01  7.650e-01  7.650e-01  7.650e-01 	
 7.684e-01  7.684e-01  7.684e-01  7.684e-01  7.684e-01  7.684e-01  7.684e-01  7.684e-01  7.684e-01  7.684e-01  7.684e-01  7.684e-01  7.684e-01  7.684e-01  7.684e-01  7.684e-01  7.684e-01  7.684e-01  7.684e-01  7.684e-01  7.684e-01  7.684e-01  7.684e-01  7.684e-01  7.684e-01  7.684e-01  7.684e-01  7.684e-01  7.684e-01  7.684e-01  7.684e-01  7.684e-01  7.684e-01  7.684e-01  7.684e-01  7.684e-01  7.684e-01  7.684e-01  7.684e-01  7.684e-01  7.684e-01  7.684e-01  7.684e-01  7.684e-01  7.684e-01  7.684e-01  7.684e-01  7.684e-01  7.684e-01  7.684e-01 	
 7.728e-01  7.728e-01  7.728e-01  7.728e-01  7.728e-01  7.728e-01  7.728e-01  7.728e-01  7.728e-01  7.728e-01  7.728e-01  7.728e-01  7.728e-01  7.728e-01  7.728e-01  7.728e-01  7.728e-01  7.728e-01  7.728e-01  7.728e-01  7.728e-01  7.728e-01  7.728e-01  7.728e-01  7.728e-01  7.728e-01  7.728e-01  7.728e-01  7.728e-01  7.728e-01  7.728e-01  7.728e-01  7.728e-01  7.728e-01  7.728e-01  7.728e-01  7.728e-01  7.728e-01  7.728e-01  7.728e-01  7.728e-01  7.728e-01  7.728e-01  7.728e-01  7.728e-01  7.728e-01  7.728e-01  7.728e-01  7.728e-01  7.728e-01 	
 7.751e-01  7.751e-01  7.751e-01  7.751e-01  7.751e-01  7.751e-01  7.751e-01  7.751e-01  7.751e-01  7.751e-01  7.751e-01  7.751e-01  7.751e-01  7.751e-01  7.751e-01  7.751e-01  7.751e-01  7.751e-01  7.751e-01  7.751e-01  7.751e-01  7.751e-01  7.751e-01  7.751e-01  7.751e-01  7.751e-01  7.751e-01  7.751e-01  7.751e-01  7.751e-01  7.751e-01  7.751e-01  7.751e-01  7.751e-01  7.751e-01  7.751e-01  7.751e-01  7.751e-01  7.751e-01  7.751e-01  7.751e-01  7.751e-01  7.751e-01  7.751e-01  7.751e-01  7.751e-01  7.751e-01  7.751e-01  7.751e-01  7.751e-01 	
 7.790e-01  7.790e-01  7.790e-01  7.790e-01  7.790e-01  7.790e-01  7.790e-01  7.790e-01  7.790e-01  7.790e-01  7.790e-01  7.790e-01  7.790e-01  7.790e-01  7.790e-01  7.790e-01  7.790e-01  7.790e-01  7.790e-01  7.790e-01  7.790e-01  7.790e-01  7.790e-01  7.790e-01  7.790e-01  7.790e-01  7.790e-01  7.790e-01  7.790e-01  7.790e-01  7.790e-01  7.790e-01  7.790e-01  7.790e-01  7.790e-01  7.790e-01  7.790e-01  7.790e-01  7.790e-01  7.790e-01  7.790e-01  7.790e-01  7.790e-01  7.790e-01  7.790e-01  7.790e-01  7.790e-01  7.790e-01  7.790e-01  7.790e-01 	
 7.820e-01  7.820e-01  7.820e-01  7.820e-01  7.820e-01  7.820e-01  7.820e-01  7.820e-01  7.820e-01  7.820e-01  7.820e-01  7.820e-01  7.820e-01  7.820e-01  7.820e-01  7.820e-01  7.820e-01  7.820e-01  7.820e-01  7.820e-01  7.820e-01  7.820e-01  7.820e-01  7.820e-01  7.820e-01  7.820e-01  7.820e-01  7.820e-01  7.820e-01  7.820e-01  7.820e-01  7.820e-01  7.820e-01  7.820e-01  7.820e-01  7.820e-01  7.820e-01  7.820e-01  7.820e-01  7.820e-01  7.820e-01  7.820e-01  7.820e-01  7.820e-01  7.820e-01  7.820e-01  7.820e-01  7.820e-01  7.820e-01  7.820e-01 	
 7.845e-01  7.845e-01  7.845e-01  7.845e-01  7.845e-01  7.845e-01  7.845e-01  7.845e-01  7.845e-01  7.845e-01  7.845e-01  7.845e-01  7.845e-01  7.845e-01  7.845e-01  7.845e-01  7.845e-01  7.845e-01  7.845e-01  7.845e-01  7.845e-01  7.845e-01  7.845e-01  7.845e-01  7.845e-01  7.845e-01  7.845e-01  7.845e-01  7.845e-01  7.845e-01  7.845e-01  7.845e-01  7.845e-01  7.845e-01  7.845e-01  7.845e-01  7.845e-01  7.845e-01  7.845e-01  7.845e-01  7.845e-01  7.845e-01  7.845e-01  7.845e-01  7.845e-01  7.845e-01  7.845e-01  7.845e-01  7.845e-01  7.845e-01 	
 7.869e-01  7.869e-01  7.869e-01  7.869e-01  7.869e-01  7.869e-01  7.869e-01  7.869e-01  7.869e-01  7.869e-01  7.869e-01  7.869e-01  7.869e-01  7.869e-01  7.869e-01  7.869e-01  7.869e-01  7.869e-01  7.869e-01  7.869e-01  7.869e-01  7.869e-01  7.869e-01  7.869e-01  7.869e-01  7.869e-01  7.869e-01  7.869e-01  7.869e-01  7.869e-01  7.869e-01  7.869e-01  7.869e-01  7.869e-01  7.869e-01  7.869e-01  7.869e-01  7.869e-01  7.869e-01  7.869e-01  7.869e-01  7.869e-01  7.869e-01  7.869e-01  7.869e-01  7.869e-01  7.869e-01  7.869e-01  7.869e-01  7.869e-01 	
 7.889e-01  7.889e-01  7.889e-01  7.889e-01  7.889e-01  7.889e-01  7.889e-01  7.889e-01  7.889e-01  7.889e-01  7.889e-01  7.889e-01  7.889e-01  7.889e-01  7.889e-01  7.889e-01  7.889e-01  7.889e-01  7.889e-01  7.889e-01  7.889e-01  7.889e-01  7.889e-01  7.889e-01  7.889e-01  7.889e-01  7.889e-01  7.889e-01  7.889e-01  7.889e-01  7.889e-01  7.889e-01  7.889e-01  7.889e-01  7.889e-01  7.889e-01  7.889e-01  7.889e-01  7.889e-01  7.889e-01  7.889e-01  7.889e-01  7.889e-01  7.889e-01  7.889e-01  7.889e-01  7.889e-01  7.889e-01  7.889e-01  7.889e-01 	
 7.911e-01  7.911e-01  7.911e-01  7.911e-01  7.911e-01  7.911e-01  7.911e-01  7.911e-01  7.911e-01  7.911e-01  7.911e-01  7.911e-01  7.911e-01  7.911e-01  7.911e-01  7.911e-01  7.911e-01  7.911e-01  7.911e-01  7.911e-01  7.911e-01  7.911e-01  7.911e-01  7.911e-01  7.911e-01  7.911e-01  7.911e-01  7.911e-01  7.911e-01  7.911e-01  7.911e-01  7.911e-01  7.911e-01  7.911e-01  7.911e-01  7.911e-01  7.911e-01  7.911e-01  7.911e-01  7.911e-01  7.911e-01  7.911e-01  7.911e-01  7.911e-01  7.911e-01  7.911e-01  7.911e-01  7.911e-01  7.911e-01  7.911e-01 	
 7.930e-01  7.930e-01  7.930e-01  7.930e-01  7.930e-01  7.930e-01  7.930e-01  7.930e-01  7.930e-01  7.930e-01  7.930e-01  7.930e-01  7.930e-01  7.930e-01  7.930e-01  7.930e-01  7.930e-01  7.930e-01  7.930e-01  7.930e-01  7.930e-01  7.930e-01  7.930e-01  7.930e-01  7.930e-01  7.930e-01  7.930e-01  7.930e-01  7.930e-01  7.930e-01  7.930e-01  7.930e-01  7.930e-01  7.930e-01  7.930e-01  7.930e-01  7.930e-01  7.930e-01  7.930e-01  7.930e-01  7.930e-01  7.930e-01  7.930e-01  7.930e-01  7.930e-01  7.930e-01  7.930e-01  7.930e-01  7.930e-01  7.930e-01 	
 7.949e-01  7.949e-01  7.949e-01  7.949e-01  7.949e-01  7.949e-01  7.949e-01  7.949e-01  7.949e-01  7.949e-01  7.949e-01  7.949e-01  7.949e-01  7.949e-01  7.949e-01  7.949e-01  7.949e-01  7.949e-01  7.949e-01  7.949e-01  7.949e-01  7.949e-01  7.949e-01  7.949e-01  7.949e-01  7.949e-01  7.949e-01  7.949e-01  7.949e-01  7.949e-01  7.949e-01  7.949e-01  7.949e-01  7.949e-01  7.949e-01  7.949e-01  7.949e-01  7.949e-01  7.949e-01  7.949e-01  7.949e-01  7.949e-01  7.949e-01  7.949e-01  7.949e-01  7.949e-01  7.949e-01  7.949e-01  7.949e-01  7.949e-01 	
 7.967e-01  7.967e-01  7.967e-01  7.967e-01  7.967e-01  7.967e-01  7.967e-01  7.967e-01  7.967e-01  7.967e-01  7.967e-01  7.967e-01  7.967e-01  7.967e-01  7.967e-01  7.967e-01  7.967e-01  7.967e-01  7.967e-01  7.967e-01  7.967e-01  7.967e-01  7.967e-01  7.967e-01  7.967e-01  7.967e-01  7.967e-01  7.967e-01  7.967e-01  7.967e-01  7.967e-01  7.967e-01  7.967e-01  7.967e-01  7.967e-01  7.967e-01  7.967e-01  7.967e-01  7.967e-01  7.967e-01  7.967e-01  7.967e-01  7.967e-01  7.967e-01  7.967e-01  7.967e-01  7.967e-01  7.967e-01  7.967e-01  7.967e-01 	
 7.984e-01  7.984e-01  7.984e-01  7.984e-01  7.984e-01  7.984e-01  7.984e-01  7.984e-01  7.984e-01  7.984e-01  7.984e-01  7.984e-01  7.984e-01  7.984e-01  7.984e-01  7.984e-01  7.984e-01  7.984e-01  7.984e-01  7.984e-01  7.984e-01  7.984e-01  7.984e-01  7.984e-01  7.984e-01  7.984e-01  7.984e-01  7.984e-01  7.984e-01  7.984e-01  7.984e-01  7.984e-01  7.984e-01  7.984e-01  7.984e-01  7.984e-01  7.984e-01  7.984e-01  7.984e-01  7.984e-01  7.984e-01  7.984e-01  7.984e-01  7.984e-01  7.984e-01  7.984e-01  7.984e-01  7.984e-01  7.984e-01  7.984e-01 	
 8.000e-01  8.000e-01  8.000e-01  8.000e-01  8.000e-01  8.000e-01  8.000e-01  8.000e-01  8.000e-01  8.000e-01  8.000e-01  8.000e-01  8.000e-01  8.000e-01  8.000e-01  8.000e-01  8.000e-01  8.000e-01  8.000e-01  8.000e-01  8.000e-01  8.000e-01  8.000e-01  8.000e-01  8.000e-01  8.000e-01  8.000e-01  8.000e-01  8.000e-01  8.000e-01  8.000e-01  8.000e-01  8.000e-01  8.000e-01  8.000e-01  8.000e-01  8.000e-01  8.000e-01  8.000e-01  8.000e-01  8.000e-01  8.000e-01  8.000e-01  8.000e-01  8.000e-01  8.000e-01  8.000e-01  8.000e-01  8.000e-01  8.000e-01 	
 8.015e-01  8.015e-01  8.015e-01  8.015e-01  8.015e-01  8.015e-01  8.015e-01  8.015e-01  8.015e-01  8.015e-01  8.015e-01  8.015e-01  8.015e-01  8.015e-01  8.015e-01  8.015e-01  8.015e-01  8.015e-01  8.015e-01  8.015e-01  8.015e-01  8.015e-01  8.015e-01  8.015e-01  8.015e-01  8.015e-01  8.015e-01  8.015e-01  8.015e-01  8.015e-01  8.015e-01  8.015e-01  8.015e-01  8.015e-01  8.015e-01  8.015e-01  8.015e-01  8.015e-01  8.015e-01  8.015e-01  8.015e-01  8.015e-01  8.015e-01  8.015e-01  8.015e-01  8.015e-01  8.015e-01  8.015e-01  8.015e-01  8.015e-01 	
 8.031e-01  8.031e-01  8.031e-01  8.031e-01  8.031e-01  8.031e-01  8.031e-01  8.031e-01  8.031e-01  8.031e-01  8.031e-01  8.031e-01  8.031e-01  8.031e-01  8.031e-01  8.031e-01  8.031e-01  8.031e-01  8.031e-01  8.031e-01  8.031e-01  8.031e-01  8.031e-01  8.031e-01  8.031e-01  8.031e-01  8.031e-01  8.031e-01  8.031e-01  8.031e-01  8.031e-01  8.031e-01  8.031e-01  8.031e-01  8.031e-01  8.031e-01  8.031e-01  8.031e-01  8.031e-01  8.031e-01  8.031e-01  8.031e-01  8.031e-01  8.031e-01  8.031e-01  8.031e-01  8.031e-01  8.031e-01  8.031e-01  8.031e-01 	
 8.045e-01  8.045e-01  8.045e-01  8.045e-01  8.045e-01  8.045e-01  8.045e-01  8.045e-01  8.045e-01  8.045e-01  8.045e-01  8.045e-01  8.045e-01  8.045e-01  8.045e-01  8.045e-01  8.045e-01  8.045e-01  8.045e-01  8.045e-01  8.045e-01  8.045e-01  8.045e-01  8.045e-01  8.045e-01  8.045e-01  8.045e-01  8.045e-01  8.045e-01  8.045e-01  8.045e-01  8.045e-01  8.045e-01  8.045e-01  8.045e-01  8.045e-01  8.045e-01  8.045e-01  8.045e-01  8.045e-01  8.045e-01  8.045e-01  8.045e-01  8.045e-01  8.045e-01  8.045e-01  8.045e-01  8.045e-01  8.045e-01  8.045e-01 	
 8.060e-01  8.060e-01  8.060e-01  8.060e-01  8.060e-01  8.060e-01  8.060e-01  8.060e-01  8.060e-01  8.060e-01  8.060e-01  8.060e-01  8.060e-01  8.060e-01  8.060e-01  8.060e-01  8.060e-01  8.060e-01  8.060e-01  8.060e-01  8.060e-01  8.060e-01  8.060e-01  8.060e-01  8.060e-01  8.060e-01  8.060e-01  8.060e-01  8.060e-01  8.060e-01  8.060e-01  8.060e-01  8.060e-01  8.060e-01  8.060e-01  8.060e-01  8.060e-01  8.060e-01  8.060e-01  8.060e-01  8.060e-01  8.060e-01  8.060e-01  8.060e-01  8.060e-01  8.060e-01  8.060e-01  8.060e-01  8.060e-01  8.060e-01 	
 8.074e-01  8.074e-01  8.074e-01  8.074e-01  8.074e-01  8.074e-01  8.074e-01  8.074e-01  8.074e-01  8.074e-01  8.074e-01  8.074e-01  8.074e-01  8.074e-01  8.074e-01  8.074e-01  8.074e-01  8.074e-01  8.074e-01  8.074e-01  8.074e-01  8.074e-01  8.074e-01  8.074e-01  8.074e-01  8.074e-01  8.074e-01  8.074e-01  8.074e-01  8.074e-01  8.074e-01  8.074e-01  8.074e-01  8.074e-01  8.074e-01  8.074e-01  8.074e-01  8.074e-01  8.074e-01  8.074e-01  8.074e-01  8.074e-01  8.074e-01  8.074e-01  8.074e-01  8.074e-01  8.074e-01  8.074e-01  8.074e-01  8.074e-01 	
 8.088e-01  8.088e-01  8.088e-01  8.088e-01  8.088e-01  8.088e-01  8.088e-01  8.088e-01  8.088e-01  8.088e-01  8.088e-01  8.088e-01  8.088e-01  8.088e-01  8.088e-01  8.088e-01  8.088e-01  8.088e-01  8.088e-01  8.088e-01  8.088e-01  8.088e-01  8.088e-01  8.088e-01  8.088e-01  8.088e-01  8.088e-01  8.088e-01  8.088e-01  8.088e-01  8.088e-01  8.088e-01  8.088e-01  8.088e-01  8.088e-01  8.088e-01  8.088e-01  8.088e-01  8.088e-01  8.088e-01  8.088e-01  8.088e-01  8.088e-01  8.088e-01  8.088e-01  8.088e-01  8.088e-01  8.088e-01  8.088e-01  8.088e-01 	
 8.102e-01  8.102e-01  8.102e-01  8.102e-01  8.102e-01  8.102e-01  8.102e-01  8.102e-01  8.102e-01  8.102e-01  8.102e-01  8.102e-01  8.102e-01  8.102e-01  8.102e-01  8.102e-01  8.102e-01  8.102e-01  8.102e-01  8.102e-01  8.102e-01  8.102e-01  8.102e-01  8.102e-01  8.102e-01  8.102e-01  8.102e-01  8.102e-01  8.102e-01  8.102e-01  8.102e-01  8.102e-01  8.102e-01  8.102e-01  8.102e-01  8.102e-01  8.102e-01  8.102e-01  8.102e-01  8.102e-01  8.102e-01  8.102e-01  8.102e-01  8.102e-01  8.102e-01  8.102e-01  8.102e-01  8.102e-01  8.102e-01  8.102e-01 	
 8.116e-01  8.116e-01  8.116e-01  8.116e-01  8.116e-01  8.116e-01  8.116e-01  8.116e-01  8.116e-01  8.116e-01  8.116e-01  8.116e-01  8.116e-01  8.116e-01  8.116e-01  8.116e-01  8.116e-01  8.116e-01  8.116e-01  8.116e-01  8.116e-01  8.116e-01  8.116e-01  8.116e-01  8.116e-01  8.116e-01  8.116e-01  8.116e-01  8.116e-01  8.116e-01  8.116e-01  8.116e-01  8.116e-01  8.116e-01  8.116e-01  8.116e-01  8.116e-01  8.116e-01  8.116e-01  8.116e-01  8.116e-01  8.116e-01  8.116e-01  8.116e-01  8.116e-01  8.116e-01  8.116e-01  8.116e-01  8.116e-01  8.116e-01 	
 8.130e-01  8.130e-01  8.130e-01  8.130e-01  8.130e-01  8.130e-01  8.130e-01  8.130e-01  8.130e-01  8.130e-01  8.130e-01  8.130e-01  8.130e-01  8.130e-01  8.130e-01  8.130e-01  8.130e-01  8.130e-01  8.130e-01  8.130e-01  8.130e-01  8.130e-01  8.130e-01  8.130e-01  8.130e-01  8.130e-01  8.130e-01  8.130e-01  8.130e-01  8.130e-01  8.130e-01  8.130e-01  8.130e-01  8.130e-01  8.130e-01  8.130e-01  8.130e-01  8.130e-01  8.130e-01  8.130e-01  8.130e-01  8.130e-01  8.130e-01  8.130e-01  8.130e-01  8.130e-01  8.130e-01  8.130e-01  8.130e-01  8.130e-01 	
 8.143e-01  8.143e-01  8.143e-01  8.143e-01  8.143e-01  8.143e-01  8.143e-01  8.143e-01  8.143e-01  8.143e-01  8.143e-01  8.143e-01  8.143e-01  8.143e-01  8.143e-01  8.143e-01  8.143e-01  8.143e-01  8.143e-01  8.143e-01  8.143e-01  8.143e-01  8.143e-01  8.143e-01  8.143e-01  8.143e-01  8.143e-01  8.143e-01  8.143e-01  8.143e-01  8.143e-01  8.143e-01  8.143e-01  8.143e-01  8.143e-01  8.143e-01  8.143e-01  8.143e-01  8.143e-01  8.143e-01  8.143e-01  8.143e-01  8.143e-01  8.143e-01  8.143e-01  8.143e-01  8.143e-01  8.143e-01  8.143e-01  8.143e-01 	
 8.156e-01  8.156e-01  8.156e-01  8.156e-01  8.156e-01  8.156e-01  8.156e-01  8.156e-01  8.156e-01  8.156e-01  8.156e-01  8.156e-01  8.156e-01  8.156e-01  8.156e-01  8.156e-01  8.156e-01  8.156e-01  8.156e-01  8.156e-01  8.156e-01  8.156e-01  8.156e-01  8.156e-01  8.156e-01  8.156e-01  8.156e-01  8.156e-01  8.156e-01  8.156e-01  8.156e-01  8.156e-01  8.156e-01  8.156e-01  8.156e-01  8.156e-01  8.156e-01  8.156e-01  8.156e-01  8.156e-01  8.156e-01  8.156e-01  8.156e-01  8.156e-01  8.156e-01  8.156e-01  8.156e-01  8.156e-01  8.156e-01  8.156e-01 	
 8.169e-01  8.169e-01  8.169e-01  8.169e-01  8.169e-01  8.169e-01  8.169e-01  8.169e-01  8.169e-01  8.169e-01  8.169e-01  8.169e-01  8.169e-01  8.169e-01  8.169e-01  8.169e-01  8.169e-01  8.169e-01  8.169e-01  8.169e-01  8.169e-01  8.169e-01  8.169e-01  8.169e-01  8.169e-01  8.169e-01  8.169e-01  8.169e-01  8.169e-01  8.169e-01  8.169e-01  8.169e-01  8.169e-01  8.169e-01  8.169e-01  8.169e-01  8.169e-01  8.169e-01  8.169e-01  8.169e-01  8.169e-01  8.169e-01  8.169e-01  8.169e-01  8.169e-01  8.169e-01  8.169e-01  8.169e-01  8.169e-01  8.169e-01 	
 8.182e-01  8.182e-01  8.182e-01  8.182e-01  8.182e-01  8.182e-01  8.182e-01  8.182e-01  8.182e-01  8.182e-01  8.182e-01  8.182e-01  8.182e-01  8.182e-01  8.182e-01  8.182e-01  8.182e-01  8.182e-01  8.182e-01  8.182e-01  8.182e-01  8.182e-01  8.182e-01  8.182e-01  8.182e-01  8.182e-01  8.182e-01  8.182e-01  8.182e-01  8.182e-01  8.182e-01  8.182e-01  8.182e-01  8.182e-01  8.182e-01  8.182e-01  8.182e-01  8.182e-01  8.182e-01  8.182e-01  8.182e-01  8.182e-01  8.182e-01  8.182e-01  8.182e-01  8.182e-01  8.182e-01  8.182e-01  8.182e-01  8.182e-01 	
 8.194e-01  8.194e-01  8.194e-01  8.194e-01  8.194e-01  8.194e-01  8.194e-01  8.194e-01  8.194e-01  8.194e-01  8.194e-01  8.194e-01  8.194e-01  8.194e-01  8.194e-01  8.194e-01  8.194e-01  8.194e-01  8.194e-01  8.194e-01  8.194e-01  8.194e-01  8.194e-01  8.194e-01  8.194e-01  8.194e-01  8.194e-01  8.194e-01  8.194e-01  8.194e-01  8.194e-01  8.194e-01  8.194e-01  8.194e-01  8.194e-01  8.194e-01  8.194e-01  8.194e-01  8.194e-01  8.194e-01  8.194e-01  8.194e-01  8.194e-01  8.194e-01  8.194e-01  8.194e-01  8.194e-01  8.194e-01  8.194e-01  8.194e-01 	
 8.206e-01  8.206e-01  8.206e-01  8.206e-01  8.206e-01  8.206e-01  8.206e-01  8.206e-01  8.206e-01  8.206e-01  8.206e-01  8.206e-01  8.206e-01  8.206e-01  8.206e-01  8.206e-01  8.206e-01  8.206e-01  8.206e-01  8.206e-01  8.206e-01  8.206e-01  8.206e-01  8.206e-01  8.206e-01  8.206e-01  8.206e-01  8.206e-01  8.206e-01  8.206e-01  8.206e-01  8.206e-01  8.206e-01  8.206e-01  8.206e-01  8.206e-01  8.206e-01  8.206e-01  8.206e-01  8.206e-01  8.206e-01  8.206e-01  8.206e-01  8.206e-01  8.206e-01  8.206e-01  8.206e-01  8.206e-01  8.206e-01  8.206e-01 	
 8.218e-01  8.218e-01  8.218e-01  8.218e-01  8.218e-01  8.218e-01  8.218e-01  8.218e-01  8.218e-01  8.218e-01  8.218e-01  8.218e-01  8.218e-01  8.218e-01  8.218e-01  8.218e-01  8.218e-01  8.218e-01  8.218e-01  8.218e-01  8.218e-01  8.218e-01  8.218e-01  8.218e-01  8.218e-01  8.218e-01  8.218e-01  8.218e-01  8.218e-01  8.218e-01  8.218e-01  8.218e-01  8.218e-01  8.218e-01  8.218e-01  8.218e-01  8.218e-01  8.218e-01  8.218e-01  8.218e-01  8.218e-01  8.218e-01  8.218e-01  8.218e-01  8.218e-01  8.218e-01  8.218e-01  8.218e-01  8.218e-01  8.218e-01 	
 8.229e-01  8.229e-01  8.229e-01  8.229e-01  8.229e-01  8.229e-01  8.229e-01  8.229e-01  8.229e-01  8.229e-01  8.229e-01  8.229e-01  8.229e-01  8.229e-01  8.229e-01  8.229e-01  8.229e-01  8.229e-01  8.229e-01  8.229e-01  8.229e-01  8.229e-01  8.229e-01  8.229e-01  8.229e-01  8.229e-01  8.229e-01  8.229e-01  8.229e-01  8.229e-01  8.229e-01  8.229e-01  8.229e-01  8.229e-01  8.229e-01  8.229e-01  8.229e-01  8.229e-01  8.229e-01  8.229e-01  8.229e-01  8.229e-01  8.229e-01  8.229e-01  8.229e-01  8.229e-01  8.229e-01  8.229e-01  8.229e-01  8.229e-01 	
 8.239e-01  8.239e-01  8.239e-01  8.239e-01  8.239e-01  8.239e-01  8.239e-01  8.239e-01  8.239e-01  8.239e-01  8.239e-01  8.239e-01  8.239e-01  8.239e-01  8.239e-01  8.239e-01  8.239e-01  8.239e-01  8.239e-01  8.239e-01  8.239e-01  8.239e-01  8.239e-01  8.239e-01  8.239e-01  8.239e-01  8.239e-01  8.239e-01  8.239e-01  8.239e-01  8.239e-01  8.239e-01  8.239e-01  8.239e-01  8.239e-01  8.239e-01  8.239e-01  8.239e-01  8.239e-01  8.239e-01  8.239e-01  8.239e-01  8.239e-01  8.239e-01  8.239e-01  8.239e-01  8.239e-01  8.239e-01  8.239e-01  8.239e-01 	
 8.249e-01  8.249e-01  8.249e-01  8.249e-01  8.249e-01  8.249e-01  8.249e-01  8.249e-01  8.249e-01  8.249e-01  8.249e-01  8.249e-01  8.249e-01  8.249e-01  8.249e-01  8.249e-01  8.249e-01  8.249e-01  8.249e-01  8.249e-01  8.249e-01  8.249e-01  8.249e-01  8.249e-01  8.249e-01  8.249e-01  8.249e-01  8.249e-01  8.249e-01  8.249e-01  8.249e-01  8.249e-01  8.249e-01  8.249e-01  8.249e-01  8.249e-01  8.249e-01  8.249e-01  8.249e-01  8.249e-01  8.249e-01  8.249e-01  8.249e-01  8.249e-01  8.249e-01  8.249e-01  8.249e-01  8.249e-01  8.249e-01  8.249e-01 	
 8.259e-01  8.259e-01  8.259e-01  8.259e-01  8.259e-01  8.259e-01  8.259e-01  8.259e-01  8.259e-01  8.259e-01  8.259e-01  8.259e-01  8.259e-01  8.259e-01  8.259e-01  8.259e-01  8.259e-01  8.259e-01  8.259e-01  8.259e-01  8.259e-01  8.259e-01  8.259e-01  8.259e-01  8.259e-01  8.259e-01  8.259e-01  8.259e-01  8.259e-01  8.259e-01  8.259e-01  8.259e-01  8.259e-01  8.259e-01  8.259e-01  8.259e-01  8.259e-01  8.259e-01  8.259e-01  8.259e-01  8.259e-01  8.259e-01  8.259e-01  8.259e-01  8.259e-01  8.259e-01  8.259e-01  8.259e-01  8.259e-01  8.259e-01 	
 8.267e-01  8.267e-01  8.267e-01  8.267e-01  8.267e-01  8.267e-01  8.267e-01  8.267e-01  8.267e-01  8.267e-01  8.267e-01  8.267e-01  8.267e-01  8.267e-01  8.267e-01  8.267e-01  8.267e-01  8.267e-01  8.267e-01  8.267e-01  8.267e-01  8.267e-01  8.267e-01  8.267e-01  8.267e-01  8.267e-01  8.267e-01  8.267e-01  8.267e-01  8.267e-01  8.267e-01  8.267e-01  8.267e-01  8.267e-01  8.267e-01  8.267e-01  8.267e-01  8.267e-01  8.267e-01  8.267e-01  8.267e-01  8.267e-01  8.267e-01  8.267e-01  8.267e-01  8.267e-01  8.267e-01  8.267e-01  8.267e-01  8.267e-01 	
 8.275e-01  8.275e-01  8.275e-01  8.275e-01  8.275e-01  8.275e-01  8.275e-01  8.275e-01  8.275e-01  8.275e-01  8.275e-01  8.275e-01  8.275e-01  8.275e-01  8.275e-01  8.275e-01  8.275e-01  8.275e-01  8.275e-01  8.275e-01  8.275e-01  8.275e-01  8.275e-01  8.275e-01  8.275e-01  8.275e-01  8.275e-01  8.275e-01  8.275e-01  8.275e-01  8.275e-01  8.275e-01  8.275e-01  8.275e-01  8.275e-01  8.275e-01  8.275e-01  8.275e-01  8.275e-01  8.275e-01  8.275e-01  8.275e-01  8.275e-01  8.275e-01  8.275e-01  8.275e-01  8.275e-01  8.275e-01  8.275e-01  8.275e-01 	
 8.283e-01  8.283e-01  8.283e-01  8.283e-01  8.283e-01  8.283e-01  8.283e-01  8.283e-01  8.283e-01  8.283e-01  8.283e-01  8.283e-01  8.283e-01  8.283e-01  8.283e-01  8.283e-01  8.283e-01  8.283e-01  8.283e-01  8.283e-01  8.283e-01  8.283e-01  8.283e-01  8.283e-01  8.283e-01  8.283e-01  8.283e-01  8.283e-01  8.283e-01  8.283e-01  8.283e-01  8.283e-01  8.283e-01  8.283e-01  8.283e-01  8.283e-01  8.283e-01  8.283e-01  8.283e-01  8.283e-01  8.283e-01  8.283e-01  8.283e-01  8.283e-01  8.283e-01  8.283e-01  8.283e-01  8.283e-01  8.283e-01  8.283e-01 	
 8.289e-01  8.289e-01  8.289e-01  8.289e-01  8.289e-01  8.289e-01  8.289e-01  8.289e-01  8.289e-01  8.289e-01  8.289e-01  8.289e-01  8.289e-01  8.289e-01  8.289e-01  8.289e-01  8.289e-01  8.289e-01  8.289e-01  8.289e-01  8.289e-01  8.289e-01  8.289e-01  8.289e-01  8.289e-01  8.289e-01  8.289e-01  8.289e-01  8.289e-01  8.289e-01  8.289e-01  8.289e-01  8.289e-01  8.289e-01  8.289e-01  8.289e-01  8.289e-01  8.289e-01  8.289e-01  8.289e-01  8.289e-01  8.289e-01  8.289e-01  8.289e-01  8.289e-01  8.289e-01  8.289e-01  8.289e-01  8.289e-01  8.289e-01 	
 8.295e-01  8.295e-01  8.295e-01  8.295e-01  8.295e-01  8.295e-01  8.295e-01  8.295e-01  8.295e-01  8.295e-01  8.295e-01  8.295e-01  8.295e-01  8.295e-01  8.295e-01  8.295e-01  8.295e-01  8.295e-01  8.295e-01  8.295e-01  8.295e-01  8.295e-01  8.295e-01  8.295e-01  8.295e-01  8.295e-01  8.295e-01  8.295e-01  8.295e-01  8.295e-01  8.295e-01  8.295e-01  8.295e-01  8.295e-01  8.295e-01  8.295e-01  8.295e-01  8.295e-01  8.295e-01  8.295e-01  8.295e-01  8.295e-01  8.295e-01  8.295e-01  8.295e-01  8.295e-01  8.295e-01  8.295e-01  8.295e-01  8.295e-01 	
 8.301e-01  8.301e-01  8.301e-01  8.301e-01  8.301e-01  8.301e-01  8.301e-01  8.301e-01  8.301e-01  8.301e-01  8.301e-01  8.301e-01  8.301e-01  8.301e-01  8.301e-01  8.301e-01  8.301e-01  8.301e-01  8.301e-01  8.301e-01  8.301e-01  8.301e-01  8.301e-01  8.301e-01  8.301e-01  8.301e-01  8.301e-01  8.301e-01  8.301e-01  8.301e-01  8.301e-01  8.301e-01  8.301e-01  8.301e-01  8.301e-01  8.301e-01  8.301e-01  8.301e-01  8.301e-01  8.301e-01  8.301e-01  8.301e-01  8.301e-01  8.301e-01  8.301e-01  8.301e-01  8.301e-01  8.301e-01  8.301e-01  8.301e-01 	
 8.305e-01  8.305e-01  8.305e-01  8.305e-01  8.305e-01  8.305e-01  8.305e-01  8.305e-01  8.305e-01  8.305e-01  8.305e-01  8.305e-01  8.305e-01  8.305e-01  8.305e-01  8.305e-01  8.305e-01  8.305e-01  8.305e-01  8.305e-01  8.305e-01  8.305e-01  8.305e-01  8.305e-01  8.305e-01  8.305e-01  8.305e-01  8.305e-01  8.305e-01  8.305e-01  8.305e-01  8.305e-01  8.305e-01  8.305e-01  8.305e-01  8.305e-01  8.305e-01  8.305e-01  8.305e-01  8.305e-01  8.305e-01  8.305e-01  8.305e-01  8.305e-01  8.305e-01  8.305e-01  8.305e-01  8.305e-01  8.305e-01  8.305e-01 	
 8.310e-01  8.310e-01  8.310e-01  8.310e-01  8.310e-01  8.310e-01  8.310e-01  8.310e-01  8.310e-01  8.310e-01  8.310e-01  8.310e-01  8.310e-01  8.310e-01  8.310e-01  8.310e-01  8.310e-01  8.310e-01  8.310e-01  8.310e-01  8.310e-01  8.310e-01  8.310e-01  8.310e-01  8.310e-01  8.310e-01  8.310e-01  8.310e-01  8.310e-01  8.310e-01  8.310e-01  8.310e-01  8.310e-01  8.310e-01  8.310e-01  8.310e-01  8.310e-01  8.310e-01  8.310e-01  8.310e-01  8.310e-01  8.310e-01  8.310e-01  8.310e-01  8.310e-01  8.310e-01  8.310e-01  8.310e-01  8.310e-01  8.310e-01 	
 8.313e-01  8.313e-01  8.313e-01  8.313e-01  8.313e-01  8.313e-01  8.313e-01  8.313e-01  8.313e-01  8.313e-01  8.313e-01  8.313e-01  8.313e-01  8.313e-01  8.313e-01  8.313e-01  8.313e-01  8.313e-01  8.313e-01  8.313e-01  8.313e-01  8.313e-01  8.313e-01  8.313e-01  8.313e-01  8.313e-01  8.313e-01  8.313e-01  8.313e-01  8.313e-01  8.313e-01  8.313e-01  8.313e-01  8.313e-01  8.313e-01  8.313e-01  8.313e-01  8.313e-01  8.313e-01  8.313e-01  8.313e-01  8.313e-01  8.313e-01  8.313e-01  8.313e-01  8.313e-01  8.313e-01  8.313e-01  8.313e-01  8.313e-01 	
