 1.202e-01  1.202e-01  1.202e-01  1.202e-01  1.202e-01  1.202e-01  1.202e-01  1.202e-01  1.202e-01  1.202e-01  1.202e-01  1.202e-01  1.202e-01  1.202e-01  1.202e-01  1.202e-01  1.202e-01  1.202e-01  1.202e-01  1.202e-01  1.202e-01  1.202e-01  1.202e-01  1.202e-01  1.202e-01  1.202e-01  1.202e-01  1.202e-01  1.202e-01  1.202e-01  1.202e-01  1.202e-01  1.202e-01  1.202e-01  1.202e-01  1.202e-01  1.202e-01  1.202e-01  1.202e-01  1.202e-01  1.202e-01  1.202e-01  1.202e-01  1.202e-01  1.202e-01  1.202e-01  1.202e-01  1.202e-01  1.202e-01  1.202e-01 	
 1.668e-01  1.668e-01  1.668e-01  1.668e-01  1.668e-01  1.668e-01  1.668e-01  1.668e-01  1.668e-01  1.668e-01  1.668e-01  1.668e-01  1.668e-01  1.668e-01  1.668e-01  1.668e-01  1.668e-01  1.668e-01  1.668e-01  1.668e-01  1.668e-01  1.668e-01  1.668e-01  1.668e-01  1.668e-01  1.668e-01  1.668e-01  1.668e-01  1.668e-01  1.668e-01  1.668e-01  1.668e-01  1.668e-01  1.668e-01  1.668e-01  1.668e-01  1.668e-01  1.668e-01  1.668e-01  1.668e-01  1.668e-01  1.668e-01  1.668e-01  1.668e-01  1.668e-01  1.668e-01  1.668e-01  1.668e-01  1.668e-01  1.668e-01 	
 2.320e-01  2.320e-01  2.320e-01  2.320e-01  2.320e-01  2.320e-01  2.320e-01  2.320e-01  2.320e-01  2.320e-01  2.320e-01  2.320e-01  2.320e-01  2.320e-01  2.320e-01  2.320e-01  2.320e-01  2.320e-01  2.320e-01  2.320e-01  2.320e-01  2.320e-01  2.320e-01  2.320e-01  2.320e-01  2.320e-01  2.320e-01  2.320e-01  2.320e-01  2.320e-01  2.320e-01  2.320e-01  2.320e-01  2.320e-01  2.320e-01  2.320e-01  2.320e-01  2.320e-01  2.320e-01  2.320e-01  2.320e-01  2.320e-01  2.320e-01  2.320e-01  2.320e-01  2.320e-01  2.320e-01  2.320e-01  2.320e-01  2.320e-01 	
 3.180e-01  3.180e-01  3.180e-01  3.180e-01  3.180e-01  3.180e-01  3.180e-01  3.180e-01  3.180e-01  3.180e-01  3.180e-01  3.180e-01  3.180e-01  3.180e-01  3.180e-01  3.180e-01  3.180e-01  3.180e-01  3.180e-01  3.180e-01  3.180e-01  3.180e-01  3.180e-01  3.180e-01  3.180e-01  3.180e-01  3.180e-01  3.180e-01  3.180e-01  3.180e-01  3.180e-01  3.180e-01  3.180e-01  3.180e-01  3.180e-01  3.180e-01  3.180e-01  3.180e-01  3.180e-01  3.180e-01  3.180e-01  3.180e-01  3.180e-01  3.180e-01  3.180e-01  3.180e-01  3.180e-01  3.180e-01  3.180e-01  3.180e-01 	
 4.214e-01  4.214e-01  4.214e-01  4.214e-01  4.214e-01  4.214e-01  4.214e-01  4.214e-01  4.214e-01  4.214e-01  4.214e-01  4.214e-01  4.214e-01  4.214e-01  4.214e-01  4.214e-01  4.214e-01  4.214e-01  4.214e-01  4.214e-01  4.214e-01  4.214e-01  4.214e-01  4.214e-01  4.214e-01  4.214e-01  4.214e-01  4.214e-01  4.214e-01  4.214e-01  4.214e-01  4.214e-01  4.214e-01  4.214e-01  4.214e-01  4.214e-01  4.214e-01  4.214e-01  4.214e-01  4.214e-01  4.214e-01  4.214e-01  4.214e-01  4.214e-01  4.214e-01  4.214e-01  4.214e-01  4.214e-01  4.214e-01  4.214e-01 	
 5.311e-01  5.311e-01  5.311e-01  5.311e-01  5.311e-01  5.311e-01  5.311e-01  5.311e-01  5.311e-01  5.311e-01  5.311e-01  5.311e-01  5.311e-01  5.311e-01  5.311e-01  5.311e-01  5.311e-01  5.311e-01  5.311e-01  5.311e-01  5.311e-01  5.311e-01  5.311e-01  5.311e-01  5.311e-01  5.311e-01  5.311e-01  5.311e-01  5.311e-01  5.311e-01  5.311e-01  5.311e-01  5.311e-01  5.311e-01  5.311e-01  5.311e-01  5.311e-01  5.311e-01  5.311e-01  5.311e-01  5.311e-01  5.311e-01  5.311e-01  5.311e-01  5.311e-01  5.311e-01  5.311e-01  5.311e-01  5.311e-01  5.311e-01 	
 6.325e-01  6.325e-01  6.325e-01  6.325e-01  6.325e-01  6.325e-01  6.325e-01  6.325e-01  6.325e-01  6.325e-01  6.325e-01  6.325e-01  6.325e-01  6.325e-01  6.325e-01  6.325e-01  6.325e-01  6.325e-01  6.325e-01  6.325e-01  6.325e-01  6.325e-01  6.325e-01  6.325e-01  6.325e-01  6.325e-01  6.325e-01  6.325e-01  6.325e-01  6.325e-01  6.325e-01  6.325e-01  6.325e-01  6.325e-01  6.325e-01  6.325e-01  6.325e-01  6.325e-01  6.325e-01  6.325e-01  6.325e-01  6.325e-01  6.325e-01  6.325e-01  6.325e-01  6.325e-01  6.325e-01  6.325e-01  6.325e-01  6.325e-01 	
 7.146e-01  7.146e-01  7.146e-01  7.146e-01  7.146e-01  7.146e-01  7.146e-01  7.146e-01  7.146e-01  7.146e-01  7.146e-01  7.146e-01  7.146e-01  7.146e-01  7.146e-01  7.146e-01  7.146e-01  7.146e-01  7.146e-01  7.146e-01  7.146e-01  7.146e-01  7.146e-01  7.146e-01  7.146e-01  7.146e-01  7.146e-01  7.146e-01  7.146e-01  7.146e-01  7.146e-01  7.146e-01  7.146e-01  7.146e-01  7.146e-01  7.146e-01  7.146e-01  7.146e-01  7.146e-01  7.146e-01  7.146e-01  7.146e-01  7.146e-01  7.146e-01  7.146e-01  7.146e-01  7.146e-01  7.146e-01  7.146e-01  7.146e-01 	
 7.741e-01  7.741e-01  7.741e-01  7.741e-01  7.741e-01  7.741e-01  7.741e-01  7.741e-01  7.741e-01  7.741e-01  7.741e-01  7.741e-01  7.741e-01  7.741e-01  7.741e-01  7.741e-01  7.741e-01  7.741e-01  7.741e-01  7.741e-01  7.741e-01  7.741e-01  7.741e-01  7.741e-01  7.741e-01  7.741e-01  7.741e-01  7.741e-01  7.741e-01  7.741e-01  7.741e-01  7.741e-01  7.741e-01  7.741e-01  7.741e-01  7.741e-01  7.741e-01  7.741e-01  7.741e-01  7.741e-01  7.741e-01  7.741e-01  7.741e-01  7.741e-01  7.741e-01  7.741e-01  7.741e-01  7.741e-01  7.741e-01  7.741e-01 	
 8.131e-01  8.131e-01  8.131e-01  8.131e-01  8.131e-01  8.131e-01  8.131e-01  8.131e-01  8.131e-01  8.131e-01  8.131e-01  8.131e-01  8.131e-01  8.131e-01  8.131e-01  8.131e-01  8.131e-01  8.131e-01  8.131e-01  8.131e-01  8.131e-01  8.131e-01  8.131e-01  8.131e-01  8.131e-01  8.131e-01  8.131e-01  8.131e-01  8.131e-01  8.131e-01  8.131e-01  8.131e-01  8.131e-01  8.131e-01  8.131e-01  8.131e-01  8.131e-01  8.131e-01  8.131e-01  8.131e-01  8.131e-01  8.131e-01  8.131e-01  8.131e-01  8.131e-01  8.131e-01  8.131e-01  8.131e-01  8.131e-01  8.131e-01 	
 8.358e-01  8.358e-01  8.358e-01  8.358e-01  8.358e-01  8.358e-01  8.358e-01  8.358e-01  8.358e-01  8.358e-01  8.358e-01  8.358e-01  8.358e-01  8.358e-01  8.358e-01  8.358e-01  8.358e-01  8.358e-01  8.358e-01  8.358e-01  8.358e-01  8.358e-01  8.358e-01  8.358e-01  8.358e-01  8.358e-01  8.358e-01  8.358e-01  8.358e-01  8.358e-01  8.358e-01  8.358e-01  8.358e-01  8.358e-01  8.358e-01  8.358e-01  8.358e-01  8.358e-01  8.358e-01  8.358e-01  8.358e-01  8.358e-01  8.358e-01  8.358e-01  8.358e-01  8.358e-01  8.358e-01  8.358e-01  8.358e-01  8.358e-01 	
 8.452e-01  8.452e-01  8.452e-01  8.452e-01  8.452e-01  8.452e-01  8.452e-01  8.452e-01  8.452e-01  8.452e-01  8.452e-01  8.452e-01  8.452e-01  8.452e-01  8.452e-01  8.452e-01  8.452e-01  8.452e-01  8.452e-01  8.452e-01  8.452e-01  8.452e-01  8.452e-01  8.452e-01  8.452e-01  8.452e-01  8.452e-01  8.452e-01  8.452e-01  8.452e-01  8.452e-01  8.452e-01  8.452e-01  8.452e-01  8.452e-01  8.452e-01  8.452e-01  8.452e-01  8.452e-01  8.452e-01  8.452e-01  8.452e-01  8.452e-01  8.452e-01  8.452e-01  8.452e-01  8.452e-01  8.452e-01  8.452e-01  8.452e-01 	
 8.449e-01  8.449e-01  8.449e-01  8.449e-01  8.449e-01  8.449e-01  8.449e-01  8.449e-01  8.449e-01  8.449e-01  8.449e-01  8.449e-01  8.449e-01  8.449e-01  8.449e-01  8.449e-01  8.449e-01  8.449e-01  8.449e-01  8.449e-01  8.449e-01  8.449e-01  8.449e-01  8.449e-01  8.449e-01  8.449e-01  8.449e-01  8.449e-01  8.449e-01  8.449e-01  8.449e-01  8.449e-01  8.449e-01  8.449e-01  8.449e-01  8.449e-01  8.449e-01  8.449e-01  8.449e-01  8.449e-01  8.449e-01  8.449e-01  8.449e-01  8.449e-01  8.449e-01  8.449e-01  8.449e-01  8.449e-01  8.449e-01  8.449e-01 	
 8.441e-01  8.441e-01  8.441e-01  8.441e-01  8.441e-01  8.441e-01  8.441e-01  8.441e-01  8.441e-01  8.441e-01  8.441e-01  8.441e-01  8.441e-01  8.441e-01  8.441e-01  8.441e-01  8.441e-01  8.441e-01  8.441e-01  8.441e-01  8.441e-01  8.441e-01  8.441e-01  8.441e-01  8.441e-01  8.441e-01  8.441e-01  8.441e-01  8.441e-01  8.441e-01  8.441e-01  8.441e-01  8.441e-01  8.441e-01  8.441e-01  8.441e-01  8.441e-01  8.441e-01  8.441e-01  8.441e-01  8.441e-01  8.441e-01  8.441e-01  8.441e-01  8.441e-01  8.441e-01  8.441e-01  8.441e-01  8.441e-01  8.441e-01 	
 8.511e-01  8.511e-01  8.511e-01  8.511e-01  8.511e-01  8.511e-01  8.511e-01  8.511e-01  8.511e-01  8.511e-01  8.511e-01  8.511e-01  8.511e-01  8.511e-01  8.511e-01  8.511e-01  8.511e-01  8.511e-01  8.511e-01  8.511e-01  8.511e-01  8.511e-01  8.511e-01  8.511e-01  8.511e-01  8.511e-01  8.511e-01  8.511e-01  8.511e-01  8.511e-01  8.511e-01  8.511e-01  8.511e-01  8.511e-01  8.511e-01  8.511e-01  8.511e-01  8.511e-01  8.511e-01  8.511e-01  8.511e-01  8.511e-01  8.511e-01  8.511e-01  8.511e-01  8.511e-01  8.511e-01  8.511e-01  8.511e-01  8.511e-01 	
 8.576e-01  8.576e-01  8.576e-01  8.576e-01  8.576e-01  8.576e-01  8.576e-01  8.576e-01  8.576e-01  8.576e-01  8.576e-01  8.576e-01  8.576e-01  8.576e-01  8.576e-01  8.576e-01  8.576e-01  8.576e-01  8.576e-01  8.576e-01  8.576e-01  8.576e-01  8.576e-01  8.576e-01  8.576e-01  8.576e-01  8.576e-01  8.576e-01  8.576e-01  8.576e-01  8.576e-01  8.576e-01  8.576e-01  8.576e-01  8.576e-01  8.576e-01  8.576e-01  8.576e-01  8.576e-01  8.576e-01  8.576e-01  8.576e-01  8.576e-01  8.576e-01  8.576e-01  8.576e-01  8.576e-01  8.576e-01  8.576e-01  8.576e-01 	
 8.578e-01  8.578e-01  8.578e-01  8.578e-01  8.578e-01  8.578e-01  8.578e-01  8.578e-01  8.578e-01  8.578e-01  8.578e-01  8.578e-01  8.578e-01  8.578e-01  8.578e-01  8.578e-01  8.578e-01  8.578e-01  8.578e-01  8.578e-01  8.578e-01  8.578e-01  8.578e-01  8.578e-01  8.578e-01  8.578e-01  8.578e-01  8.578e-01  8.578e-01  8.578e-01  8.578e-01  8.578e-01  8.578e-01  8.578e-01  8.578e-01  8.578e-01  8.578e-01  8.578e-01  8.578e-01  8.578e-01  8.578e-01  8.578e-01  8.578e-01  8.578e-01  8.578e-01  8.578e-01  8.578e-01  8.578e-01  8.578e-01  8.578e-01 	
 8.618e-01  8.618e-01  8.618e-01  8.618e-01  8.618e-01  8.618e-01  8.618e-01  8.618e-01  8.618e-01  8.618e-01  8.618e-01  8.618e-01  8.618e-01  8.618e-01  8.618e-01  8.618e-01  8.618e-01  8.618e-01  8.618e-01  8.618e-01  8.618e-01  8.618e-01  8.618e-01  8.618e-01  8.618e-01  8.618e-01  8.618e-01  8.618e-01  8.618e-01  8.618e-01  8.618e-01  8.618e-01  8.618e-01  8.618e-01  8.618e-01  8.618e-01  8.618e-01  8.618e-01  8.618e-01  8.618e-01  8.618e-01  8.618e-01  8.618e-01  8.618e-01  8.618e-01  8.618e-01  8.618e-01  8.618e-01  8.618e-01  8.618e-01 	
 8.640e-01  8.640e-01  8.640e-01  8.640e-01  8.640e-01  8.640e-01  8.640e-01  8.640e-01  8.640e-01  8.640e-01  8.640e-01  8.640e-01  8.640e-01  8.640e-01  8.640e-01  8.640e-01  8.640e-01  8.640e-01  8.640e-01  8.640e-01  8.640e-01  8.640e-01  8.640e-01  8.640e-01  8.640e-01  8.640e-01  8.640e-01  8.640e-01  8.640e-01  8.640e-01  8.640e-01  8.640e-01  8.640e-01  8.640e-01  8.640e-01  8.640e-01  8.640e-01  8.640e-01  8.640e-01  8.640e-01  8.640e-01  8.640e-01  8.640e-01  8.640e-01  8.640e-01  8.640e-01  8.640e-01  8.640e-01  8.640e-01  8.640e-01 	
 8.664e-01  8.664e-01  8.664e-01  8.664e-01  8.664e-01  8.664e-01  8.664e-01  8.664e-01  8.664e-01  8.664e-01  8.664e-01  8.664e-01  8.664e-01  8.664e-01  8.664e-01  8.664e-01  8.664e-01  8.664e-01  8.664e-01  8.664e-01  8.664e-01  8.664e-01  8.664e-01  8.664e-01  8.664e-01  8.664e-01  8.664e-01  8.664e-01  8.664e-01  8.664e-01  8.664e-01  8.664e-01  8.664e-01  8.664e-01  8.664e-01  8.664e-01  8.664e-01  8.664e-01  8.664e-01  8.664e-01  8.664e-01  8.664e-01  8.664e-01  8.664e-01  8.664e-01  8.664e-01  8.664e-01  8.664e-01  8.664e-01  8.664e-01 	
 8.679e-01  8.679e-01  8.679e-01  8.679e-01  8.679e-01  8.679e-01  8.679e-01  8.679e-01  8.679e-01  8.679e-01  8.679e-01  8.679e-01  8.679e-01  8.679e-01  8.679e-01  8.679e-01  8.679e-01  8.679e-01  8.679e-01  8.679e-01  8.679e-01  8.679e-01  8.679e-01  8.679e-01  8.679e-01  8.679e-01  8.679e-01  8.679e-01  8.679e-01  8.679e-01  8.679e-01  8.679e-01  8.679e-01  8.679e-01  8.679e-01  8.679e-01  8.679e-01  8.679e-01  8.679e-01  8.679e-01  8.679e-01  8.679e-01  8.679e-01  8.679e-01  8.679e-01  8.679e-01  8.679e-01  8.679e-01  8.679e-01  8.679e-01 	
 8.701e-01  8.701e-01  8.701e-01  8.701e-01  8.701e-01  8.701e-01  8.701e-01  8.701e-01  8.701e-01  8.701e-01  8.701e-01  8.701e-01  8.701e-01  8.701e-01  8.701e-01  8.701e-01  8.701e-01  8.701e-01  8.701e-01  8.701e-01  8.701e-01  8.701e-01  8.701e-01  8.701e-01  8.701e-01  8.701e-01  8.701e-01  8.701e-01  8.701e-01  8.701e-01  8.701e-01  8.701e-01  8.701e-01  8.701e-01  8.701e-01  8.701e-01  8.701e-01  8.701e-01  8.701e-01  8.701e-01  8.701e-01  8.701e-01  8.701e-01  8.701e-01  8.701e-01  8.701e-01  8.701e-01  8.701e-01  8.701e-01  8.701e-01 	
 8.717e-01  8.717e-01  8.717e-01  8.717e-01  8.717e-01  8.717e-01  8.717e-01  8.717e-01  8.717e-01  8.717e-01  8.717e-01  8.717e-01  8.717e-01  8.717e-01  8.717e-01  8.717e-01  8.717e-01  8.717e-01  8.717e-01  8.717e-01  8.717e-01  8.717e-01  8.717e-01  8.717e-01  8.717e-01  8.717e-01  8.717e-01  8.717e-01  8.717e-01  8.717e-01  8.717e-01  8.717e-01  8.717e-01  8.717e-01  8.717e-01  8.717e-01  8.717e-01  8.717e-01  8.717e-01  8.717e-01  8.717e-01  8.717e-01  8.717e-01  8.717e-01  8.717e-01  8.717e-01  8.717e-01  8.717e-01  8.717e-01  8.717e-01 	
 8.731e-01  8.731e-01  8.731e-01  8.731e-01  8.731e-01  8.731e-01  8.731e-01  8.731e-01  8.731e-01  8.731e-01  8.731e-01  8.731e-01  8.731e-01  8.731e-01  8.731e-01  8.731e-01  8.731e-01  8.731e-01  8.731e-01  8.731e-01  8.731e-01  8.731e-01  8.731e-01  8.731e-01  8.731e-01  8.731e-01  8.731e-01  8.731e-01  8.731e-01  8.731e-01  8.731e-01  8.731e-01  8.731e-01  8.731e-01  8.731e-01  8.731e-01  8.731e-01  8.731e-01  8.731e-01  8.731e-01  8.731e-01  8.731e-01  8.731e-01  8.731e-01  8.731e-01  8.731e-01  8.731e-01  8.731e-01  8.731e-01  8.731e-01 	
 8.744e-01  8.744e-01  8.744e-01  8.744e-01  8.744e-01  8.744e-01  8.744e-01  8.744e-01  8.744e-01  8.744e-01  8.744e-01  8.744e-01  8.744e-01  8.744e-01  8.744e-01  8.744e-01  8.744e-01  8.744e-01  8.744e-01  8.744e-01  8.744e-01  8.744e-01  8.744e-01  8.744e-01  8.744e-01  8.744e-01  8.744e-01  8.744e-01  8.744e-01  8.744e-01  8.744e-01  8.744e-01  8.744e-01  8.744e-01  8.744e-01  8.744e-01  8.744e-01  8.744e-01  8.744e-01  8.744e-01  8.744e-01  8.744e-01  8.744e-01  8.744e-01  8.744e-01  8.744e-01  8.744e-01  8.744e-01  8.744e-01  8.744e-01 	
 8.755e-01  8.755e-01  8.755e-01  8.755e-01  8.755e-01  8.755e-01  8.755e-01  8.755e-01  8.755e-01  8.755e-01  8.755e-01  8.755e-01  8.755e-01  8.755e-01  8.755e-01  8.755e-01  8.755e-01  8.755e-01  8.755e-01  8.755e-01  8.755e-01  8.755e-01  8.755e-01  8.755e-01  8.755e-01  8.755e-01  8.755e-01  8.755e-01  8.755e-01  8.755e-01  8.755e-01  8.755e-01  8.755e-01  8.755e-01  8.755e-01  8.755e-01  8.755e-01  8.755e-01  8.755e-01  8.755e-01  8.755e-01  8.755e-01  8.755e-01  8.755e-01  8.755e-01  8.755e-01  8.755e-01  8.755e-01  8.755e-01  8.755e-01 	
 8.765e-01  8.765e-01  8.765e-01  8.765e-01  8.765e-01  8.765e-01  8.765e-01  8.765e-01  8.765e-01  8.765e-01  8.765e-01  8.765e-01  8.765e-01  8.765e-01  8.765e-01  8.765e-01  8.765e-01  8.765e-01  8.765e-01  8.765e-01  8.765e-01  8.765e-01  8.765e-01  8.765e-01  8.765e-01  8.765e-01  8.765e-01  8.765e-01  8.765e-01  8.765e-01  8.765e-01  8.765e-01  8.765e-01  8.765e-01  8.765e-01  8.765e-01  8.765e-01  8.765e-01  8.765e-01  8.765e-01  8.765e-01  8.765e-01  8.765e-01  8.765e-01  8.765e-01  8.765e-01  8.765e-01  8.765e-01  8.765e-01  8.765e-01 	
 8.775e-01  8.775e-01  8.775e-01  8.775e-01  8.775e-01  8.775e-01  8.775e-01  8.775e-01  8.775e-01  8.775e-01  8.775e-01  8.775e-01  8.775e-01  8.775e-01  8.775e-01  8.775e-01  8.775e-01  8.775e-01  8.775e-01  8.775e-01  8.775e-01  8.775e-01  8.775e-01  8.775e-01  8.775e-01  8.775e-01  8.775e-01  8.775e-01  8.775e-01  8.775e-01  8.775e-01  8.775e-01  8.775e-01  8.775e-01  8.775e-01  8.775e-01  8.775e-01  8.775e-01  8.775e-01  8.775e-01  8.775e-01  8.775e-01  8.775e-01  8.775e-01  8.775e-01  8.775e-01  8.775e-01  8.775e-01  8.775e-01  8.775e-01 	
 8.784e-01  8.784e-01  8.784e-01  8.784e-01  8.784e-01  8.784e-01  8.784e-01  8.784e-01  8.784e-01  8.784e-01  8.784e-01  8.784e-01  8.784e-01  8.784e-01  8.784e-01  8.784e-01  8.784e-01  8.784e-01  8.784e-01  8.784e-01  8.784e-01  8.784e-01  8.784e-01  8.784e-01  8.784e-01  8.784e-01  8.784e-01  8.784e-01  8.784e-01  8.784e-01  8.784e-01  8.784e-01  8.784e-01  8.784e-01  8.784e-01  8.784e-01  8.784e-01  8.784e-01  8.784e-01  8.784e-01  8.784e-01  8.784e-01  8.784e-01  8.784e-01  8.784e-01  8.784e-01  8.784e-01  8.784e-01  8.784e-01  8.784e-01 	
 8.792e-01  8.792e-01  8.792e-01  8.792e-01  8.792e-01  8.792e-01  8.792e-01  8.792e-01  8.792e-01  8.792e-01  8.792e-01  8.792e-01  8.792e-01  8.792e-01  8.792e-01  8.792e-01  8.792e-01  8.792e-01  8.792e-01  8.792e-01  8.792e-01  8.792e-01  8.792e-01  8.792e-01  8.792e-01  8.792e-01  8.792e-01  8.792e-01  8.792e-01  8.792e-01  8.792e-01  8.792e-01  8.792e-01  8.792e-01  8.792e-01  8.792e-01  8.792e-01  8.792e-01  8.792e-01  8.792e-01  8.792e-01  8.792e-01  8.792e-01  8.792e-01  8.792e-01  8.792e-01  8.792e-01  8.792e-01  8.792e-01  8.792e-01 	
 8.799e-01  8.799e-01  8.799e-01  8.799e-01  8.799e-01  8.799e-01  8.799e-01  8.799e-01  8.799e-01  8.799e-01  8.799e-01  8.799e-01  8.799e-01  8.799e-01  8.799e-01  8.799e-01  8.799e-01  8.799e-01  8.799e-01  8.799e-01  8.799e-01  8.799e-01  8.799e-01  8.799e-01  8.799e-01  8.799e-01  8.799e-01  8.799e-01  8.799e-01  8.799e-01  8.799e-01  8.799e-01  8.799e-01  8.799e-01  8.799e-01  8.799e-01  8.799e-01  8.799e-01  8.799e-01  8.799e-01  8.799e-01  8.799e-01  8.799e-01  8.799e-01  8.799e-01  8.799e-01  8.799e-01  8.799e-01  8.799e-01  8.799e-01 	
 8.806e-01  8.806e-01  8.806e-01  8.806e-01  8.806e-01  8.806e-01  8.806e-01  8.806e-01  8.806e-01  8.806e-01  8.806e-01  8.806e-01  8.806e-01  8.806e-01  8.806e-01  8.806e-01  8.806e-01  8.806e-01  8.806e-01  8.806e-01  8.806e-01  8.806e-01  8.806e-01  8.806e-01  8.806e-01  8.806e-01  8.806e-01  8.806e-01  8.806e-01  8.806e-01  8.806e-01  8.806e-01  8.806e-01  8.806e-01  8.806e-01  8.806e-01  8.806e-01  8.806e-01  8.806e-01  8.806e-01  8.806e-01  8.806e-01  8.806e-01  8.806e-01  8.806e-01  8.806e-01  8.806e-01  8.806e-01  8.806e-01  8.806e-01 	
 8.812e-01  8.812e-01  8.812e-01  8.812e-01  8.812e-01  8.812e-01  8.812e-01  8.812e-01  8.812e-01  8.812e-01  8.812e-01  8.812e-01  8.812e-01  8.812e-01  8.812e-01  8.812e-01  8.812e-01  8.812e-01  8.812e-01  8.812e-01  8.812e-01  8.812e-01  8.812e-01  8.812e-01  8.812e-01  8.812e-01  8.812e-01  8.812e-01  8.812e-01  8.812e-01  8.812e-01  8.812e-01  8.812e-01  8.812e-01  8.812e-01  8.812e-01  8.812e-01  8.812e-01  8.812e-01  8.812e-01  8.812e-01  8.812e-01  8.812e-01  8.812e-01  8.812e-01  8.812e-01  8.812e-01  8.812e-01  8.812e-01  8.812e-01 	
 8.818e-01  8.818e-01  8.818e-01  8.818e-01  8.818e-01  8.818e-01  8.818e-01  8.818e-01  8.818e-01  8.818e-01  8.818e-01  8.818e-01  8.818e-01  8.818e-01  8.818e-01  8.818e-01  8.818e-01  8.818e-01  8.818e-01  8.818e-01  8.818e-01  8.818e-01  8.818e-01  8.818e-01  8.818e-01  8.818e-01  8.818e-01  8.818e-01  8.818e-01  8.818e-01  8.818e-01  8.818e-01  8.818e-01  8.818e-01  8.818e-01  8.818e-01  8.818e-01  8.818e-01  8.818e-01  8.818e-01  8.818e-01  8.818e-01  8.818e-01  8.818e-01  8.818e-01  8.818e-01  8.818e-01  8.818e-01  8.818e-01  8.818e-01 	
 8.824e-01  8.824e-01  8.824e-01  8.824e-01  8.824e-01  8.824e-01  8.824e-01  8.824e-01  8.824e-01  8.824e-01  8.824e-01  8.824e-01  8.824e-01  8.824e-01  8.824e-01  8.824e-01  8.824e-01  8.824e-01  8.824e-01  8.824e-01  8.824e-01  8.824e-01  8.824e-01  8.824e-01  8.824e-01  8.824e-01  8.824e-01  8.824e-01  8.824e-01  8.824e-01  8.824e-01  8.824e-01  8.824e-01  8.824e-01  8.824e-01  8.824e-01  8.824e-01  8.824e-01  8.824e-01  8.824e-01  8.824e-01  8.824e-01  8.824e-01  8.824e-01  8.824e-01  8.824e-01  8.824e-01  8.824e-01  8.824e-01  8.824e-01 	
 8.829e-01  8.829e-01  8.829e-01  8.829e-01  8.829e-01  8.829e-01  8.829e-01  8.829e-01  8.829e-01  8.829e-01  8.829e-01  8.829e-01  8.829e-01  8.829e-01  8.829e-01  8.829e-01  8.829e-01  8.829e-01  8.829e-01  8.829e-01  8.829e-01  8.829e-01  8.829e-01  8.829e-01  8.829e-01  8.829e-01  8.829e-01  8.829e-01  8.829e-01  8.829e-01  8.829e-01  8.829e-01  8.829e-01  8.829e-01  8.829e-01  8.829e-01  8.829e-01  8.829e-01  8.829e-01  8.829e-01  8.829e-01  8.829e-01  8.829e-01  8.829e-01  8.829e-01  8.829e-01  8.829e-01  8.829e-01  8.829e-01  8.829e-01 	
 8.834e-01  8.834e-01  8.834e-01  8.834e-01  8.834e-01  8.834e-01  8.834e-01  8.834e-01  8.834e-01  8.834e-01  8.834e-01  8.834e-01  8.834e-01  8.834e-01  8.834e-01  8.834e-01  8.834e-01  8.834e-01  8.834e-01  8.834e-01  8.834e-01  8.834e-01  8.834e-01  8.834e-01  8.834e-01  8.834e-01  8.834e-01  8.834e-01  8.834e-01  8.834e-01  8.834e-01  8.834e-01  8.834e-01  8.834e-01  8.834e-01  8.834e-01  8.834e-01  8.834e-01  8.834e-01  8.834e-01  8.834e-01  8.834e-01  8.834e-01  8.834e-01  8.834e-01  8.834e-01  8.834e-01  8.834e-01  8.834e-01  8.834e-01 	
 8.840e-01  8.840e-01  8.840e-01  8.840e-01  8.840e-01  8.840e-01  8.840e-01  8.840e-01  8.840e-01  8.840e-01  8.840e-01  8.840e-01  8.840e-01  8.840e-01  8.840e-01  8.840e-01  8.840e-01  8.840e-01  8.840e-01  8.840e-01  8.840e-01  8.840e-01  8.840e-01  8.840e-01  8.840e-01  8.840e-01  8.840e-01  8.840e-01  8.840e-01  8.840e-01  8.840e-01  8.840e-01  8.840e-01  8.840e-01  8.840e-01  8.840e-01  8.840e-01  8.840e-01  8.840e-01  8.840e-01  8.840e-01  8.840e-01  8.840e-01  8.840e-01  8.840e-01  8.840e-01  8.840e-01  8.840e-01  8.840e-01  8.840e-01 	
 8.844e-01  8.844e-01  8.844e-01  8.844e-01  8.844e-01  8.844e-01  8.844e-01  8.844e-01  8.844e-01  8.844e-01  8.844e-01  8.844e-01  8.844e-01  8.844e-01  8.844e-01  8.844e-01  8.844e-01  8.844e-01  8.844e-01  8.844e-01  8.844e-01  8.844e-01  8.844e-01  8.844e-01  8.844e-01  8.844e-01  8.844e-01  8.844e-01  8.844e-01  8.844e-01  8.844e-01  8.844e-01  8.844e-01  8.844e-01  8.844e-01  8.844e-01  8.844e-01  8.844e-01  8.844e-01  8.844e-01  8.844e-01  8.844e-01  8.844e-01  8.844e-01  8.844e-01  8.844e-01  8.844e-01  8.844e-01  8.844e-01  8.844e-01 	
 8.849e-01  8.849e-01  8.849e-01  8.849e-01  8.849e-01  8.849e-01  8.849e-01  8.849e-01  8.849e-01  8.849e-01  8.849e-01  8.849e-01  8.849e-01  8.849e-01  8.849e-01  8.849e-01  8.849e-01  8.849e-01  8.849e-01  8.849e-01  8.849e-01  8.849e-01  8.849e-01  8.849e-01  8.849e-01  8.849e-01  8.849e-01  8.849e-01  8.849e-01  8.849e-01  8.849e-01  8.849e-01  8.849e-01  8.849e-01  8.849e-01  8.849e-01  8.849e-01  8.849e-01  8.849e-01  8.849e-01  8.849e-01  8.849e-01  8.849e-01  8.849e-01  8.849e-01  8.849e-01  8.849e-01  8.849e-01  8.849e-01  8.849e-01 	
 8.854e-01  8.854e-01  8.854e-01  8.854e-01  8.854e-01  8.854e-01  8.854e-01  8.854e-01  8.854e-01  8.854e-01  8.854e-01  8.854e-01  8.854e-01  8.854e-01  8.854e-01  8.854e-01  8.854e-01  8.854e-01  8.854e-01  8.854e-01  8.854e-01  8.854e-01  8.854e-01  8.854e-01  8.854e-01  8.854e-01  8.854e-01  8.854e-01  8.854e-01  8.854e-01  8.854e-01  8.854e-01  8.854e-01  8.854e-01  8.854e-01  8.854e-01  8.854e-01  8.854e-01  8.854e-01  8.854e-01  8.854e-01  8.854e-01  8.854e-01  8.854e-01  8.854e-01  8.854e-01  8.854e-01  8.854e-01  8.854e-01  8.854e-01 	
 8.859e-01  8.859e-01  8.859e-01  8.859e-01  8.859e-01  8.859e-01  8.859e-01  8.859e-01  8.859e-01  8.859e-01  8.859e-01  8.859e-01  8.859e-01  8.859e-01  8.859e-01  8.859e-01  8.859e-01  8.859e-01  8.859e-01  8.859e-01  8.859e-01  8.859e-01  8.859e-01  8.859e-01  8.859e-01  8.859e-01  8.859e-01  8.859e-01  8.859e-01  8.859e-01  8.859e-01  8.859e-01  8.859e-01  8.859e-01  8.859e-01  8.859e-01  8.859e-01  8.859e-01  8.859e-01  8.859e-01  8.859e-01  8.859e-01  8.859e-01  8.859e-01  8.859e-01  8.859e-01  8.859e-01  8.859e-01  8.859e-01  8.859e-01 	
 8.864e-01  8.864e-01  8.864e-01  8.864e-01  8.864e-01  8.864e-01  8.864e-01  8.864e-01  8.864e-01  8.864e-01  8.864e-01  8.864e-01  8.864e-01  8.864e-01  8.864e-01  8.864e-01  8.864e-01  8.864e-01  8.864e-01  8.864e-01  8.864e-01  8.864e-01  8.864e-01  8.864e-01  8.864e-01  8.864e-01  8.864e-01  8.864e-01  8.864e-01  8.864e-01  8.864e-01  8.864e-01  8.864e-01  8.864e-01  8.864e-01  8.864e-01  8.864e-01  8.864e-01  8.864e-01  8.864e-01  8.864e-01  8.864e-01  8.864e-01  8.864e-01  8.864e-01  8.864e-01  8.864e-01  8.864e-01  8.864e-01  8.864e-01 	
 8.868e-01  8.868e-01  8.868e-01  8.868e-01  8.868e-01  8.868e-01  8.868e-01  8.868e-01  8.868e-01  8.868e-01  8.868e-01  8.868e-01  8.868e-01  8.868e-01  8.868e-01  8.868e-01  8.868e-01  8.868e-01  8.868e-01  8.868e-01  8.868e-01  8.868e-01  8.868e-01  8.868e-01  8.868e-01  8.868e-01  8.868e-01  8.868e-01  8.868e-01  8.868e-01  8.868e-01  8.868e-01  8.868e-01  8.868e-01  8.868e-01  8.868e-01  8.868e-01  8.868e-01  8.868e-01  8.868e-01  8.868e-01  8.868e-01  8.868e-01  8.868e-01  8.868e-01  8.868e-01  8.868e-01  8.868e-01  8.868e-01  8.868e-01 	
 8.873e-01  8.873e-01  8.873e-01  8.873e-01  8.873e-01  8.873e-01  8.873e-01  8.873e-01  8.873e-01  8.873e-01  8.873e-01  8.873e-01  8.873e-01  8.873e-01  8.873e-01  8.873e-01  8.873e-01  8.873e-01  8.873e-01  8.873e-01  8.873e-01  8.873e-01  8.873e-01  8.873e-01  8.873e-01  8.873e-01  8.873e-01  8.873e-01  8.873e-01  8.873e-01  8.873e-01  8.873e-01  8.873e-01  8.873e-01  8.873e-01  8.873e-01  8.873e-01  8.873e-01  8.873e-01  8.873e-01  8.873e-01  8.873e-01  8.873e-01  8.873e-01  8.873e-01  8.873e-01  8.873e-01  8.873e-01  8.873e-01  8.873e-01 	
 8.878e-01  8.878e-01  8.878e-01  8.878e-01  8.878e-01  8.878e-01  8.878e-01  8.878e-01  8.878e-01  8.878e-01  8.878e-01  8.878e-01  8.878e-01  8.878e-01  8.878e-01  8.878e-01  8.878e-01  8.878e-01  8.878e-01  8.878e-01  8.878e-01  8.878e-01  8.878e-01  8.878e-01  8.878e-01  8.878e-01  8.878e-01  8.878e-01  8.878e-01  8.878e-01  8.878e-01  8.878e-01  8.878e-01  8.878e-01  8.878e-01  8.878e-01  8.878e-01  8.878e-01  8.878e-01  8.878e-01  8.878e-01  8.878e-01  8.878e-01  8.878e-01  8.878e-01  8.878e-01  8.878e-01  8.878e-01  8.878e-01  8.878e-01 	
 8.883e-01  8.883e-01  8.883e-01  8.883e-01  8.883e-01  8.883e-01  8.883e-01  8.883e-01  8.883e-01  8.883e-01  8.883e-01  8.883e-01  8.883e-01  8.883e-01  8.883e-01  8.883e-01  8.883e-01  8.883e-01  8.883e-01  8.883e-01  8.883e-01  8.883e-01  8.883e-01  8.883e-01  8.883e-01  8.883e-01  8.883e-01  8.883e-01  8.883e-01  8.883e-01  8.883e-01  8.883e-01  8.883e-01  8.883e-01  8.883e-01  8.883e-01  8.883e-01  8.883e-01  8.883e-01  8.883e-01  8.883e-01  8.883e-01  8.883e-01  8.883e-01  8.883e-01  8.883e-01  8.883e-01  8.883e-01  8.883e-01  8.883e-01 	
 8.887e-01  8.887e-01  8.887e-01  8.887e-01  8.887e-01  8.887e-01  8.887e-01  8.887e-01  8.887e-01  8.887e-01  8.887e-01  8.887e-01  8.887e-01  8.887e-01  8.887e-01  8.887e-01  8.887e-01  8.887e-01  8.887e-01  8.887e-01  8.887e-01  8.887e-01  8.887e-01  8.887e-01  8.887e-01  8.887e-01  8.887e-01  8.887e-01  8.887e-01  8.887e-01  8.887e-01  8.887e-01  8.887e-01  8.887e-01  8.887e-01  8.887e-01  8.887e-01  8.887e-01  8.887e-01  8.887e-01  8.887e-01  8.887e-01  8.887e-01  8.887e-01  8.887e-01  8.887e-01  8.887e-01  8.887e-01  8.887e-01  8.887e-01 	
 8.892e-01  8.892e-01  8.892e-01  8.892e-01  8.892e-01  8.892e-01  8.892e-01  8.892e-01  8.892e-01  8.892e-01  8.892e-01  8.892e-01  8.892e-01  8.892e-01  8.892e-01  8.892e-01  8.892e-01  8.892e-01  8.892e-01  8.892e-01  8.892e-01  8.892e-01  8.892e-01  8.892e-01  8.892e-01  8.892e-01  8.892e-01  8.892e-01  8.892e-01  8.892e-01  8.892e-01  8.892e-01  8.892e-01  8.892e-01  8.892e-01  8.892e-01  8.892e-01  8.892e-01  8.892e-01  8.892e-01  8.892e-01  8.892e-01  8.892e-01  8.892e-01  8.892e-01  8.892e-01  8.892e-01  8.892e-01  8.892e-01  8.892e-01 	
 8.897e-01  8.897e-01  8.897e-01  8.897e-01  8.897e-01  8.897e-01  8.897e-01  8.897e-01  8.897e-01  8.897e-01  8.897e-01  8.897e-01  8.897e-01  8.897e-01  8.897e-01  8.897e-01  8.897e-01  8.897e-01  8.897e-01  8.897e-01  8.897e-01  8.897e-01  8.897e-01  8.897e-01  8.897e-01  8.897e-01  8.897e-01  8.897e-01  8.897e-01  8.897e-01  8.897e-01  8.897e-01  8.897e-01  8.897e-01  8.897e-01  8.897e-01  8.897e-01  8.897e-01  8.897e-01  8.897e-01  8.897e-01  8.897e-01  8.897e-01  8.897e-01  8.897e-01  8.897e-01  8.897e-01  8.897e-01  8.897e-01  8.897e-01 	
