 4.593e-05  5.306e-05  6.025e-05  6.747e-05  7.468e-05  8.186e-05  8.902e-05  9.613e-05  1.032e-04  1.102e-04  1.171e-04  1.240e-04  1.308e-04  1.376e-04  1.442e-04  1.508e-04  1.574e-04  1.638e-04  1.702e-04  1.765e-04  1.827e-04  1.889e-04  1.950e-04  2.010e-04  2.069e-04  2.128e-04  2.186e-04  2.243e-04  2.300e-04  2.356e-04  2.411e-04  2.466e-04  2.520e-04  2.573e-04  2.626e-04  2.678e-04  2.730e-04  2.781e-04  2.832e-04  2.882e-04  2.932e-04  2.981e-04  3.030e-04  3.079e-04  3.127e-04  3.175e-04  3.223e-04  3.270e-04  3.317e-04  3.364e-04 	
 6.184e-05  7.150e-05  8.123e-05  9.100e-05  1.008e-04  1.105e-04  1.202e-04  1.298e-04  1.394e-04  1.488e-04  1.582e-04  1.675e-04  1.767e-04  1.858e-04  1.947e-04  2.036e-04  2.124e-04  2.210e-04  2.295e-04  2.379e-04  2.463e-04  2.544e-04  2.625e-04  2.705e-04  2.784e-04  2.861e-04  2.938e-04  3.014e-04  3.088e-04  3.162e-04  3.235e-04  3.307e-04  3.378e-04  3.449e-04  3.519e-04  3.588e-04  3.656e-04  3.724e-04  3.791e-04  3.857e-04  3.924e-04  3.989e-04  4.055e-04  4.119e-04  4.184e-04  4.248e-04  4.313e-04  4.376e-04  4.440e-04  4.504e-04 	
 8.561e-05  9.899e-05  1.125e-04  1.260e-04  1.395e-04  1.530e-04  1.663e-04  1.796e-04  1.927e-04  2.057e-04  2.186e-04  2.312e-04  2.438e-04  2.561e-04  2.683e-04  2.803e-04  2.921e-04  3.037e-04  3.152e-04  3.265e-04  3.376e-04  3.485e-04  3.593e-04  3.699e-04  3.804e-04  3.907e-04  4.009e-04  4.109e-04  4.208e-04  4.306e-04  4.403e-04  4.498e-04  4.593e-04  4.687e-04  4.780e-04  4.872e-04  4.963e-04  5.054e-04  5.145e-04  5.235e-04  5.324e-04  5.414e-04  5.503e-04  5.592e-04  5.681e-04  5.770e-04  5.859e-04  5.948e-04  6.038e-04  6.128e-04 	
 1.219e-04  1.409e-04  1.600e-04  1.791e-04  1.981e-04  2.170e-04  2.357e-04  2.542e-04  2.725e-04  2.905e-04  3.082e-04  3.257e-04  3.428e-04  3.597e-04  3.763e-04  3.926e-04  4.085e-04  4.242e-04  4.397e-04  4.548e-04  4.697e-04  4.843e-04  4.987e-04  5.129e-04  5.269e-04  5.406e-04  5.542e-04  5.676e-04  5.809e-04  5.940e-04  6.069e-04  6.198e-04  6.326e-04  6.453e-04  6.579e-04  6.705e-04  6.830e-04  6.955e-04  7.080e-04  7.205e-04  7.330e-04  7.455e-04  7.581e-04  7.708e-04  7.835e-04  7.963e-04  8.092e-04  8.222e-04  8.353e-04  8.486e-04 	
 1.783e-04  2.058e-04  2.332e-04  2.606e-04  2.877e-04  3.146e-04  3.410e-04  3.670e-04  3.925e-04  4.175e-04  4.421e-04  4.661e-04  4.896e-04  5.127e-04  5.352e-04  5.572e-04  5.788e-04  6.000e-04  6.207e-04  6.410e-04  6.610e-04  6.806e-04  6.998e-04  7.188e-04  7.376e-04  7.561e-04  7.743e-04  7.925e-04  8.104e-04  8.282e-04  8.460e-04  8.637e-04  8.813e-04  8.989e-04  9.165e-04  9.342e-04  9.519e-04  9.697e-04  9.876e-04  1.006e-03  1.024e-03  1.042e-03  1.061e-03  1.080e-03  1.099e-03  1.118e-03  1.137e-03  1.157e-03  1.177e-03  1.198e-03 	
 2.666e-04  3.067e-04  3.466e-04  3.861e-04  4.250e-04  4.631e-04  5.004e-04  5.369e-04  5.725e-04  6.071e-04  6.409e-04  6.738e-04  7.058e-04  7.371e-04  7.675e-04  7.972e-04  8.263e-04  8.547e-04  8.825e-04  9.098e-04  9.366e-04  9.629e-04  9.890e-04  1.015e-03  1.040e-03  1.065e-03  1.090e-03  1.115e-03  1.140e-03  1.165e-03  1.190e-03  1.215e-03  1.240e-03  1.266e-03  1.291e-03  1.317e-03  1.343e-03  1.370e-03  1.396e-03  1.424e-03  1.451e-03  1.479e-03  1.508e-03  1.537e-03  1.567e-03  1.597e-03  1.628e-03  1.659e-03  1.692e-03  1.725e-03 	
 4.046e-04  4.635e-04  5.214e-04  5.782e-04  6.335e-04  6.873e-04  7.396e-04  7.902e-04  8.392e-04  8.867e-04  9.327e-04  9.773e-04  1.021e-03  1.063e-03  1.103e-03  1.143e-03  1.182e-03  1.220e-03  1.258e-03  1.295e-03  1.331e-03  1.367e-03  1.403e-03  1.438e-03  1.473e-03  1.509e-03  1.544e-03  1.580e-03  1.615e-03  1.652e-03  1.688e-03  1.725e-03  1.762e-03  1.800e-03  1.839e-03  1.879e-03  1.919e-03  1.960e-03  2.002e-03  2.045e-03  2.088e-03  2.133e-03  2.179e-03  2.227e-03  2.275e-03  2.324e-03  2.375e-03  2.427e-03  2.481e-03  2.536e-03 	
 6.185e-04  7.039e-04  7.871e-04  8.676e-04  9.453e-04  1.020e-03  1.092e-03  1.161e-03  1.228e-03  1.292e-03  1.354e-03  1.413e-03  1.471e-03  1.527e-03  1.582e-03  1.636e-03  1.688e-03  1.740e-03  1.791e-03  1.841e-03  1.892e-03  1.942e-03  1.992e-03  2.043e-03  2.093e-03  2.145e-03  2.197e-03  2.249e-03  2.303e-03  2.357e-03  2.413e-03  2.470e-03  2.528e-03  2.588e-03  2.649e-03  2.712e-03  2.777e-03  2.843e-03  2.912e-03  2.982e-03  3.054e-03  3.129e-03  3.206e-03  3.285e-03  3.366e-03  3.450e-03  3.536e-03  3.625e-03  3.716e-03  3.810e-03 	
 9.438e-04  1.066e-03  1.183e-03  1.294e-03  1.401e-03  1.503e-03  1.600e-03  1.693e-03  1.781e-03  1.867e-03  1.949e-03  2.028e-03  2.106e-03  2.181e-03  2.255e-03  2.327e-03  2.399e-03  2.471e-03  2.542e-03  2.613e-03  2.685e-03  2.758e-03  2.831e-03  2.906e-03  2.982e-03  3.060e-03  3.140e-03  3.222e-03  3.306e-03  3.392e-03  3.481e-03  3.573e-03  3.667e-03  3.765e-03  3.866e-03  3.970e-03  4.078e-03  4.189e-03  4.304e-03  4.423e-03  4.546e-03  4.673e-03  4.804e-03  4.940e-03  5.080e-03  5.225e-03  5.374e-03  5.528e-03  5.687e-03  5.851e-03 	
 1.427e-03  1.596e-03  1.756e-03  1.907e-03  2.050e-03  2.186e-03  2.314e-03  2.436e-03  2.554e-03  2.666e-03  2.775e-03  2.881e-03  2.985e-03  3.088e-03  3.189e-03  3.290e-03  3.392e-03  3.494e-03  3.598e-03  3.703e-03  3.810e-03  3.920e-03  4.033e-03  4.149e-03  4.268e-03  4.392e-03  4.520e-03  4.652e-03  4.789e-03  4.931e-03  5.078e-03  5.231e-03  5.390e-03  5.555e-03  5.726e-03  5.904e-03  6.088e-03  6.280e-03  6.478e-03  6.684e-03  6.897e-03  7.118e-03  7.347e-03  7.584e-03  7.829e-03  8.083e-03  8.345e-03  8.616e-03  8.896e-03  9.185e-03 	
 2.123e-03  2.351e-03  2.564e-03  2.764e-03  2.951e-03  3.128e-03  3.295e-03  3.455e-03  3.610e-03  3.759e-03  3.905e-03  4.050e-03  4.193e-03  4.337e-03  4.482e-03  4.628e-03  4.778e-03  4.931e-03  5.088e-03  5.251e-03  5.419e-03  5.593e-03  5.773e-03  5.961e-03  6.157e-03  6.361e-03  6.574e-03  6.795e-03  7.027e-03  7.268e-03  7.519e-03  7.782e-03  8.055e-03  8.340e-03  8.637e-03  8.946e-03  9.267e-03  9.601e-03  9.949e-03  1.031e-02  1.068e-02  1.107e-02  1.148e-02  1.189e-02  1.233e-02  1.277e-02  1.324e-02  1.372e-02  1.421e-02  1.472e-02 	
 3.095e-03  3.394e-03  3.671e-03  3.928e-03  4.169e-03  4.398e-03  4.616e-03  4.827e-03  5.033e-03  5.236e-03  5.439e-03  5.642e-03  5.849e-03  6.059e-03  6.276e-03  6.499e-03  6.730e-03  6.971e-03  7.221e-03  7.483e-03  7.757e-03  8.045e-03  8.346e-03  8.661e-03  8.992e-03  9.339e-03  9.703e-03  1.008e-02  1.048e-02  1.090e-02  1.134e-02  1.180e-02  1.227e-02  1.277e-02  1.329e-02  1.384e-02  1.440e-02  1.499e-02  1.560e-02  1.624e-02  1.690e-02  1.759e-02  1.830e-02  1.904e-02  1.980e-02  2.059e-02  2.141e-02  2.225e-02  2.312e-02  2.402e-02 	
 4.410e-03  4.791e-03  5.143e-03  5.471e-03  5.782e-03  6.080e-03  6.369e-03  6.654e-03  6.939e-03  7.226e-03  7.519e-03  7.820e-03  8.132e-03  8.457e-03  8.796e-03  9.152e-03  9.527e-03  9.921e-03  1.034e-02  1.078e-02  1.124e-02  1.173e-02  1.224e-02  1.278e-02  1.336e-02  1.396e-02  1.459e-02  1.526e-02  1.595e-02  1.669e-02  1.745e-02  1.826e-02  1.910e-02  1.998e-02  2.089e-02  2.185e-02  2.284e-02  2.388e-02  2.495e-02  2.607e-02  2.723e-02  2.844e-02  2.969e-02  3.098e-02  3.231e-02  3.369e-02  3.512e-02  3.659e-02  3.811e-02  3.967e-02 	
 6.130e-03  6.610e-03  7.055e-03  7.476e-03  7.883e-03  8.281e-03  8.679e-03  9.082e-03  9.495e-03  9.923e-03  1.037e-02  1.084e-02  1.133e-02  1.186e-02  1.241e-02  1.300e-02  1.363e-02  1.430e-02  1.501e-02  1.576e-02  1.655e-02  1.740e-02  1.829e-02  1.924e-02  2.024e-02  2.129e-02  2.240e-02  2.356e-02  2.478e-02  2.607e-02  2.741e-02  2.882e-02  3.029e-02  3.182e-02  3.342e-02  3.509e-02  3.682e-02  3.863e-02  4.050e-02  4.243e-02  4.444e-02  4.652e-02  4.867e-02  5.089e-02  5.318e-02  5.554e-02  5.797e-02  6.047e-02  6.304e-02  6.569e-02 	
 8.326e-03  8.929e-03  9.500e-03  1.006e-02  1.061e-02  1.117e-02  1.174e-02  1.234e-02  1.297e-02  1.365e-02  1.436e-02  1.512e-02  1.594e-02  1.682e-02  1.776e-02  1.876e-02  1.983e-02  2.098e-02  2.220e-02  2.351e-02  2.489e-02  2.636e-02  2.792e-02  2.956e-02  3.130e-02  3.313e-02  3.506e-02  3.709e-02  3.921e-02  4.144e-02  4.376e-02  4.619e-02  4.873e-02  5.136e-02  5.410e-02  5.695e-02  5.990e-02  6.296e-02  6.612e-02  6.939e-02  7.276e-02  7.623e-02  7.981e-02  8.349e-02  8.726e-02  9.114e-02  9.511e-02  9.917e-02  1.033e-01  1.076e-01 	
 1.109e-02  1.186e-02  1.262e-02  1.339e-02  1.418e-02  1.501e-02  1.589e-02  1.684e-02  1.785e-02  1.895e-02  2.013e-02  2.142e-02  2.280e-02  2.430e-02  2.591e-02  2.764e-02  2.949e-02  3.148e-02  3.360e-02  3.585e-02  3.825e-02  4.079e-02  4.348e-02  4.632e-02  4.931e-02  5.246e-02  5.575e-02  5.921e-02  6.282e-02  6.658e-02  7.050e-02  7.458e-02  7.881e-02  8.319e-02  8.772e-02  9.240e-02  9.722e-02  1.022e-01  1.073e-01  1.125e-01  1.179e-01  1.234e-01  1.290e-01  1.347e-01  1.406e-01  1.465e-01  1.526e-01  1.587e-01  1.650e-01  1.713e-01 	
 1.457e-02  1.561e-02  1.668e-02  1.781e-02  1.901e-02  2.031e-02  2.172e-02  2.327e-02  2.496e-02  2.681e-02  2.882e-02  3.101e-02  3.338e-02  3.595e-02  3.872e-02  4.170e-02  4.489e-02  4.831e-02  5.194e-02  5.580e-02  5.989e-02  6.420e-02  6.875e-02  7.353e-02  7.854e-02  8.377e-02  8.923e-02  9.491e-02  1.008e-01  1.069e-01  1.132e-01  1.197e-01  1.264e-01  1.333e-01  1.404e-01  1.476e-01  1.550e-01  1.625e-01  1.701e-01  1.779e-01  1.858e-01  1.938e-01  2.018e-01  2.100e-01  2.182e-01  2.264e-01  2.347e-01  2.430e-01  2.514e-01  2.597e-01 	
 1.904e-02  2.053e-02  2.213e-02  2.388e-02  2.580e-02  2.793e-02  3.028e-02  3.288e-02  3.574e-02  3.889e-02  4.233e-02  4.608e-02  5.014e-02  5.454e-02  5.926e-02  6.432e-02  6.972e-02  7.546e-02  8.154e-02  8.795e-02  9.470e-02  1.018e-01  1.092e-01  1.169e-01  1.249e-01  1.331e-01  1.417e-01  1.505e-01  1.595e-01  1.687e-01  1.781e-01  1.878e-01  1.975e-01  2.074e-01  2.174e-01  2.275e-01  2.377e-01  2.479e-01  2.582e-01  2.685e-01  2.787e-01  2.890e-01  2.991e-01  3.093e-01  3.193e-01  3.293e-01  3.391e-01  3.489e-01  3.585e-01  3.679e-01 	
 2.498e-02  2.725e-02  2.978e-02  3.261e-02  3.580e-02  3.936e-02  4.334e-02  4.775e-02  5.263e-02  5.798e-02  6.382e-02  7.016e-02  7.700e-02  8.434e-02  9.218e-02  1.005e-01  1.093e-01  1.186e-01  1.283e-01  1.384e-01  1.490e-01  1.599e-01  1.711e-01  1.826e-01  1.944e-01  2.065e-01  2.187e-01  2.311e-01  2.436e-01  2.561e-01  2.688e-01  2.814e-01  2.940e-01  3.065e-01  3.190e-01  3.313e-01  3.435e-01  3.556e-01  3.674e-01  3.790e-01  3.905e-01  4.016e-01  4.126e-01  4.232e-01  4.336e-01  4.437e-01  4.536e-01  4.631e-01  4.724e-01  4.814e-01 	
 3.323e-02  3.686e-02  4.101e-02  4.573e-02  5.109e-02  5.711e-02  6.383e-02  7.128e-02  7.947e-02  8.840e-02  9.806e-02  1.084e-01  1.195e-01  1.313e-01  1.437e-01  1.567e-01  1.702e-01  1.842e-01  1.986e-01  2.133e-01  2.284e-01  2.437e-01  2.591e-01  2.746e-01  2.901e-01  3.056e-01  3.210e-01  3.362e-01  3.513e-01  3.661e-01  3.806e-01  3.948e-01  4.087e-01  4.222e-01  4.353e-01  4.481e-01  4.604e-01  4.722e-01  4.837e-01  4.947e-01  5.053e-01  5.154e-01  5.252e-01  5.345e-01  5.435e-01  5.520e-01  5.601e-01  5.679e-01  5.753e-01  5.824e-01 	
 4.521e-02  5.120e-02  5.813e-02  6.606e-02  7.504e-02  8.511e-02  9.627e-02  1.085e-01  1.218e-01  1.361e-01  1.514e-01  1.675e-01  1.843e-01  2.019e-01  2.199e-01  2.384e-01  2.573e-01  2.763e-01  2.954e-01  3.144e-01  3.334e-01  3.521e-01  3.704e-01  3.884e-01  4.060e-01  4.230e-01  4.394e-01  4.553e-01  4.706e-01  4.852e-01  4.992e-01  5.126e-01  5.253e-01  5.374e-01  5.489e-01  5.598e-01  5.700e-01  5.798e-01  5.889e-01  5.976e-01  6.058e-01  6.134e-01  6.207e-01  6.275e-01  6.338e-01  6.398e-01  6.455e-01  6.508e-01  6.557e-01  6.604e-01 	
 6.328e-02  7.326e-02  8.481e-02  9.795e-02  1.127e-01  1.290e-01  1.468e-01  1.659e-01  1.863e-01  2.076e-01  2.299e-01  2.527e-01  2.759e-01  2.994e-01  3.228e-01  3.461e-01  3.690e-01  3.914e-01  4.132e-01  4.342e-01  4.544e-01  4.738e-01  4.922e-01  5.097e-01  5.262e-01  5.418e-01  5.564e-01  5.701e-01  5.830e-01  5.950e-01  6.062e-01  6.166e-01  6.263e-01  6.352e-01  6.436e-01  6.513e-01  6.585e-01  6.651e-01  6.712e-01  6.769e-01  6.821e-01  6.869e-01  6.914e-01  6.955e-01  6.993e-01  7.028e-01  7.061e-01  7.090e-01  7.118e-01  7.143e-01 	
 9.119e-02  1.076e-01  1.264e-01  1.474e-01  1.705e-01  1.954e-01  2.219e-01  2.494e-01  2.778e-01  3.065e-01  3.353e-01  3.638e-01  3.917e-01  4.188e-01  4.448e-01  4.697e-01  4.932e-01  5.154e-01  5.362e-01  5.555e-01  5.735e-01  5.901e-01  6.054e-01  6.195e-01  6.324e-01  6.443e-01  6.551e-01  6.649e-01  6.739e-01  6.820e-01  6.895e-01  6.962e-01  7.023e-01  7.079e-01  7.129e-01  7.174e-01  7.215e-01  7.252e-01  7.286e-01  7.316e-01  7.343e-01  7.368e-01  7.390e-01  7.409e-01  7.427e-01  7.443e-01  7.457e-01  7.469e-01  7.480e-01  7.490e-01 	
 1.344e-01  1.605e-01  1.896e-01  2.212e-01  2.546e-01  2.893e-01  3.245e-01  3.597e-01  3.943e-01  4.277e-01  4.597e-01  4.899e-01  5.182e-01  5.444e-01  5.686e-01  5.907e-01  6.108e-01  6.290e-01  6.455e-01  6.602e-01  6.735e-01  6.854e-01  6.959e-01  7.054e-01  7.137e-01  7.212e-01  7.278e-01  7.336e-01  7.388e-01  7.433e-01  7.473e-01  7.508e-01  7.539e-01  7.566e-01  7.590e-01  7.610e-01  7.628e-01  7.643e-01  7.656e-01  7.667e-01  7.676e-01  7.684e-01  7.690e-01  7.695e-01  7.699e-01  7.702e-01  7.704e-01  7.705e-01  7.705e-01  7.705e-01 	
 1.995e-01  2.384e-01  2.799e-01  3.227e-01  3.658e-01  4.081e-01  4.488e-01  4.872e-01  5.229e-01  5.556e-01  5.853e-01  6.121e-01  6.359e-01  6.570e-01  6.756e-01  6.920e-01  7.063e-01  7.187e-01  7.295e-01  7.389e-01  7.470e-01  7.540e-01  7.600e-01  7.651e-01  7.695e-01  7.732e-01  7.764e-01  7.790e-01  7.812e-01  7.831e-01  7.845e-01  7.857e-01  7.867e-01  7.874e-01  7.879e-01  7.883e-01  7.885e-01  7.885e-01  7.885e-01  7.884e-01  7.881e-01  7.878e-01  7.875e-01  7.870e-01  7.866e-01  7.861e-01  7.855e-01  7.850e-01  7.844e-01  7.837e-01 	
 2.919e-01  3.442e-01  3.965e-01  4.471e-01  4.948e-01  5.386e-01  5.780e-01  6.131e-01  6.438e-01  6.705e-01  6.935e-01  7.132e-01  7.299e-01  7.441e-01  7.561e-01  7.661e-01  7.745e-01  7.815e-01  7.873e-01  7.921e-01  7.959e-01  7.991e-01  8.016e-01  8.035e-01  8.050e-01  8.061e-01  8.069e-01  8.073e-01  8.076e-01  8.076e-01  8.074e-01  8.071e-01  8.067e-01  8.062e-01  8.055e-01  8.048e-01  8.041e-01  8.033e-01  8.024e-01  8.015e-01  8.006e-01  7.997e-01  7.987e-01  7.978e-01  7.968e-01  7.958e-01  7.949e-01  7.939e-01  7.929e-01  7.920e-01 	
 4.106e-01  4.716e-01  5.281e-01  5.786e-01  6.227e-01  6.606e-01  6.925e-01  7.192e-01  7.414e-01  7.596e-01  7.744e-01  7.865e-01  7.963e-01  8.042e-01  8.104e-01  8.153e-01  8.191e-01  8.219e-01  8.240e-01  8.255e-01  8.265e-01  8.270e-01  8.272e-01  8.270e-01  8.267e-01  8.261e-01  8.253e-01  8.245e-01  8.235e-01  8.224e-01  8.212e-01  8.200e-01  8.188e-01  8.175e-01  8.162e-01  8.149e-01  8.136e-01  8.123e-01  8.110e-01  8.097e-01  8.083e-01  8.071e-01  8.058e-01  8.045e-01  8.033e-01  8.020e-01  8.008e-01  7.996e-01  7.984e-01  7.973e-01 	
 5.434e-01  6.036e-01  6.546e-01  6.968e-01  7.310e-01  7.584e-01  7.801e-01  7.973e-01  8.106e-01  8.209e-01  8.289e-01  8.348e-01  8.392e-01  8.424e-01  8.445e-01  8.458e-01  8.465e-01  8.467e-01  8.464e-01  8.458e-01  8.449e-01  8.438e-01  8.425e-01  8.411e-01  8.396e-01  8.381e-01  8.364e-01  8.348e-01  8.331e-01  8.313e-01  8.296e-01  8.279e-01  8.262e-01  8.245e-01  8.228e-01  8.212e-01  8.195e-01  8.179e-01  8.164e-01  8.148e-01  8.133e-01  8.118e-01  8.103e-01  8.089e-01  8.075e-01  8.061e-01  8.048e-01  8.035e-01  8.022e-01  8.009e-01 	
 6.702e-01  7.200e-01  7.587e-01  7.884e-01  8.108e-01  8.275e-01  8.399e-01  8.490e-01  8.555e-01  8.599e-01  8.629e-01  8.646e-01  8.654e-01  8.655e-01  8.650e-01  8.641e-01  8.629e-01  8.614e-01  8.596e-01  8.578e-01  8.558e-01  8.538e-01  8.517e-01  8.496e-01  8.474e-01  8.453e-01  8.431e-01  8.410e-01  8.389e-01  8.369e-01  8.348e-01  8.328e-01  8.309e-01  8.289e-01  8.270e-01  8.252e-01  8.234e-01  8.216e-01  8.199e-01  8.182e-01  8.166e-01  8.150e-01  8.134e-01  8.119e-01  8.104e-01  8.090e-01  8.076e-01  8.062e-01  8.049e-01  8.036e-01 	
 7.739e-01  8.087e-01  8.336e-01  8.513e-01  8.636e-01  8.720e-01  8.776e-01  8.810e-01  8.828e-01  8.834e-01  8.832e-01  8.823e-01  8.809e-01  8.791e-01  8.771e-01  8.749e-01  8.725e-01  8.700e-01  8.675e-01  8.649e-01  8.624e-01  8.598e-01  8.572e-01  8.547e-01  8.522e-01  8.497e-01  8.473e-01  8.450e-01  8.427e-01  8.404e-01  8.382e-01  8.360e-01  8.339e-01  8.319e-01  8.299e-01  8.280e-01  8.261e-01  8.242e-01  8.224e-01  8.207e-01  8.190e-01  8.174e-01  8.157e-01  8.142e-01  8.127e-01  8.112e-01  8.097e-01  8.083e-01  8.070e-01  8.056e-01 	
 8.480e-01  8.688e-01  8.824e-01  8.910e-01  8.962e-01  8.990e-01  9.001e-01  8.999e-01  8.989e-01  8.972e-01  8.951e-01  8.926e-01  8.900e-01  8.871e-01  8.842e-01  8.812e-01  8.782e-01  8.752e-01  8.722e-01  8.693e-01  8.664e-01  8.635e-01  8.607e-01  8.579e-01  8.553e-01  8.526e-01  8.501e-01  8.476e-01  8.452e-01  8.428e-01  8.405e-01  8.383e-01  8.361e-01  8.340e-01  8.320e-01  8.300e-01  8.280e-01  8.262e-01  8.244e-01  8.226e-01  8.209e-01  8.192e-01  8.176e-01  8.160e-01  8.144e-01  8.130e-01  8.115e-01  8.101e-01  8.087e-01  8.074e-01 	
 8.959e-01  9.062e-01  9.120e-01  9.148e-01  9.155e-01  9.148e-01  9.132e-01  9.109e-01  9.082e-01  9.052e-01  9.020e-01  8.987e-01  8.953e-01  8.919e-01  8.884e-01  8.851e-01  8.817e-01  8.784e-01  8.752e-01  8.720e-01  8.689e-01  8.659e-01  8.630e-01  8.601e-01  8.573e-01  8.546e-01  8.520e-01  8.494e-01  8.470e-01  8.446e-01  8.422e-01  8.400e-01  8.378e-01  8.356e-01  8.336e-01  8.316e-01  8.296e-01  8.277e-01  8.259e-01  8.241e-01  8.224e-01  8.207e-01  8.191e-01  8.175e-01  8.160e-01  8.145e-01  8.130e-01  8.116e-01  8.102e-01  8.089e-01 	
 9.248e-01  9.284e-01  9.293e-01  9.284e-01  9.265e-01  9.238e-01  9.206e-01  9.172e-01  9.135e-01  9.098e-01  9.060e-01  9.022e-01  8.984e-01  8.947e-01  8.910e-01  8.874e-01  8.839e-01  8.805e-01  8.771e-01  8.738e-01  8.707e-01  8.676e-01  8.646e-01  8.617e-01  8.588e-01  8.561e-01  8.534e-01  8.509e-01  8.484e-01  8.459e-01  8.436e-01  8.413e-01  8.391e-01  8.370e-01  8.349e-01  8.329e-01  8.310e-01  8.291e-01  8.272e-01  8.255e-01  8.237e-01  8.221e-01  8.204e-01  8.189e-01  8.173e-01  8.158e-01  8.144e-01  8.130e-01  8.116e-01  8.103e-01 	
 9.415e-01  9.410e-01  9.391e-01  9.362e-01  9.327e-01  9.289e-01  9.249e-01  9.208e-01  9.167e-01  9.125e-01  9.084e-01  9.044e-01  9.004e-01  8.965e-01  8.927e-01  8.890e-01  8.854e-01  8.819e-01  8.785e-01  8.751e-01  8.719e-01  8.688e-01  8.658e-01  8.628e-01  8.600e-01  8.573e-01  8.546e-01  8.520e-01  8.495e-01  8.471e-01  8.448e-01  8.425e-01  8.403e-01  8.382e-01  8.361e-01  8.341e-01  8.322e-01  8.303e-01  8.285e-01  8.267e-01  8.250e-01  8.233e-01  8.217e-01  8.201e-01  8.186e-01  8.171e-01  8.157e-01  8.143e-01  8.129e-01  8.116e-01 	
 9.508e-01  9.481e-01  9.446e-01  9.406e-01  9.363e-01  9.319e-01  9.274e-01  9.230e-01  9.185e-01  9.142e-01  9.099e-01  9.058e-01  9.017e-01  8.977e-01  8.938e-01  8.901e-01  8.864e-01  8.829e-01  8.795e-01  8.761e-01  8.729e-01  8.698e-01  8.668e-01  8.638e-01  8.610e-01  8.583e-01  8.556e-01  8.530e-01  8.505e-01  8.481e-01  8.458e-01  8.435e-01  8.413e-01  8.392e-01  8.372e-01  8.352e-01  8.333e-01  8.314e-01  8.296e-01  8.278e-01  8.261e-01  8.245e-01  8.228e-01  8.213e-01  8.198e-01  8.183e-01  8.168e-01  8.155e-01  8.141e-01  8.128e-01 	
 9.560e-01  9.520e-01  9.476e-01  9.430e-01  9.383e-01  9.336e-01  9.289e-01  9.243e-01  9.197e-01  9.153e-01  9.109e-01  9.067e-01  9.026e-01  8.986e-01  8.947e-01  8.909e-01  8.873e-01  8.837e-01  8.803e-01  8.770e-01  8.738e-01  8.706e-01  8.676e-01  8.647e-01  8.619e-01  8.591e-01  8.565e-01  8.539e-01  8.515e-01  8.491e-01  8.468e-01  8.445e-01  8.423e-01  8.402e-01  8.382e-01  8.362e-01  8.343e-01  8.324e-01  8.306e-01  8.289e-01  8.272e-01  8.255e-01  8.239e-01  8.224e-01  8.209e-01  8.194e-01  8.180e-01  8.166e-01  8.152e-01  8.139e-01 	
 9.588e-01  9.542e-01  9.494e-01  9.444e-01  9.395e-01  9.346e-01  9.298e-01  9.251e-01  9.205e-01  9.160e-01  9.116e-01  9.074e-01  9.033e-01  8.993e-01  8.954e-01  8.916e-01  8.880e-01  8.844e-01  8.810e-01  8.777e-01  8.745e-01  8.714e-01  8.684e-01  8.655e-01  8.627e-01  8.600e-01  8.573e-01  8.548e-01  8.523e-01  8.500e-01  8.477e-01  8.454e-01  8.433e-01  8.412e-01  8.391e-01  8.372e-01  8.353e-01  8.334e-01  8.316e-01  8.299e-01  8.282e-01  8.266e-01  8.250e-01  8.234e-01  8.219e-01  8.205e-01  8.191e-01  8.177e-01  8.163e-01  8.150e-01 	
 9.604e-01  9.554e-01  9.504e-01  9.453e-01  9.403e-01  9.353e-01  9.304e-01  9.257e-01  9.211e-01  9.166e-01  9.122e-01  9.080e-01  9.038e-01  8.998e-01  8.960e-01  8.922e-01  8.886e-01  8.851e-01  8.817e-01  8.784e-01  8.752e-01  8.721e-01  8.691e-01  8.662e-01  8.634e-01  8.607e-01  8.581e-01  8.556e-01  8.532e-01  8.508e-01  8.485e-01  8.463e-01  8.442e-01  8.421e-01  8.401e-01  8.381e-01  8.362e-01  8.344e-01  8.326e-01  8.309e-01  8.292e-01  8.276e-01  8.260e-01  8.245e-01  8.230e-01  8.215e-01  8.201e-01  8.187e-01  8.174e-01  8.161e-01 	
 9.613e-01  9.561e-01  9.510e-01  9.458e-01  9.407e-01  9.358e-01  9.309e-01  9.261e-01  9.215e-01  9.170e-01  9.127e-01  9.084e-01  9.043e-01  9.004e-01  8.965e-01  8.928e-01  8.892e-01  8.857e-01  8.823e-01  8.790e-01  8.758e-01  8.728e-01  8.698e-01  8.669e-01  8.642e-01  8.615e-01  8.589e-01  8.564e-01  8.540e-01  8.516e-01  8.493e-01  8.471e-01  8.450e-01  8.429e-01  8.409e-01  8.390e-01  8.371e-01  8.353e-01  8.335e-01  8.318e-01  8.301e-01  8.285e-01  8.270e-01  8.254e-01  8.239e-01  8.225e-01  8.211e-01  8.197e-01  8.184e-01  8.171e-01 	
 9.617e-01  9.565e-01  9.513e-01  9.462e-01  9.411e-01  9.361e-01  9.312e-01  9.265e-01  9.219e-01  9.174e-01  9.131e-01  9.089e-01  9.048e-01  9.008e-01  8.970e-01  8.933e-01  8.897e-01  8.862e-01  8.829e-01  8.796e-01  8.765e-01  8.734e-01  8.705e-01  8.676e-01  8.649e-01  8.622e-01  8.596e-01  8.571e-01  8.547e-01  8.524e-01  8.501e-01  8.480e-01  8.458e-01  8.438e-01  8.418e-01  8.399e-01  8.380e-01  8.362e-01  8.344e-01  8.327e-01  8.311e-01  8.295e-01  8.279e-01  8.264e-01  8.249e-01  8.234e-01  8.220e-01  8.207e-01  8.193e-01  8.181e-01 	
 9.620e-01  9.568e-01  9.516e-01  9.464e-01  9.414e-01  9.364e-01  9.315e-01  9.268e-01  9.222e-01  9.178e-01  9.134e-01  9.093e-01  9.052e-01  9.013e-01  8.975e-01  8.938e-01  8.902e-01  8.868e-01  8.834e-01  8.802e-01  8.771e-01  8.740e-01  8.711e-01  8.683e-01  8.656e-01  8.629e-01  8.604e-01  8.579e-01  8.555e-01  8.532e-01  8.509e-01  8.487e-01  8.466e-01  8.446e-01  8.426e-01  8.407e-01  8.388e-01  8.370e-01  8.353e-01  8.336e-01  8.319e-01  8.303e-01  8.288e-01  8.273e-01  8.258e-01  8.243e-01  8.230e-01  8.216e-01  8.203e-01  8.190e-01 	
 9.622e-01  9.570e-01  9.518e-01  9.466e-01  9.416e-01  9.366e-01  9.318e-01  9.271e-01  9.225e-01  9.181e-01  9.138e-01  9.096e-01  9.056e-01  9.017e-01  8.979e-01  8.942e-01  8.907e-01  8.873e-01  8.840e-01  8.808e-01  8.776e-01  8.746e-01  8.717e-01  8.689e-01  8.662e-01  8.636e-01  8.611e-01  8.586e-01  8.562e-01  8.539e-01  8.517e-01  8.495e-01  8.474e-01  8.454e-01  8.434e-01  8.415e-01  8.397e-01  8.379e-01  8.361e-01  8.344e-01  8.328e-01  8.312e-01  8.296e-01  8.281e-01  8.266e-01  8.252e-01  8.238e-01  8.225e-01  8.211e-01  8.198e-01 	
 9.624e-01  9.572e-01  9.520e-01  9.468e-01  9.418e-01  9.369e-01  9.320e-01  9.274e-01  9.228e-01  9.184e-01  9.141e-01  9.100e-01  9.060e-01  9.021e-01  8.984e-01  8.947e-01  8.912e-01  8.878e-01  8.845e-01  8.813e-01  8.782e-01  8.752e-01  8.724e-01  8.696e-01  8.669e-01  8.643e-01  8.617e-01  8.593e-01  8.569e-01  8.546e-01  8.524e-01  8.503e-01  8.482e-01  8.462e-01  8.442e-01  8.423e-01  8.405e-01  8.387e-01  8.369e-01  8.352e-01  8.336e-01  8.320e-01  8.304e-01  8.289e-01  8.275e-01  8.260e-01  8.246e-01  8.233e-01  8.220e-01  8.207e-01 	
 9.625e-01  9.573e-01  9.521e-01  9.470e-01  9.420e-01  9.371e-01  9.323e-01  9.276e-01  9.231e-01  9.187e-01  9.145e-01  9.104e-01  9.064e-01  9.025e-01  8.988e-01  8.952e-01  8.917e-01  8.883e-01  8.850e-01  8.819e-01  8.788e-01  8.758e-01  8.730e-01  8.702e-01  8.675e-01  8.649e-01  8.624e-01  8.600e-01  8.576e-01  8.553e-01  8.531e-01  8.510e-01  8.489e-01  8.469e-01  8.449e-01  8.430e-01  8.412e-01  8.394e-01  8.377e-01  8.360e-01  8.344e-01  8.328e-01  8.312e-01  8.297e-01  8.283e-01  8.268e-01  8.254e-01  8.241e-01  8.228e-01  8.215e-01 	
 9.626e-01  9.574e-01  9.523e-01  9.472e-01  9.422e-01  9.373e-01  9.325e-01  9.279e-01  9.234e-01  9.190e-01  9.148e-01  9.107e-01  9.068e-01  9.029e-01  8.992e-01  8.956e-01  8.921e-01  8.888e-01  8.855e-01  8.824e-01  8.793e-01  8.764e-01  8.735e-01  8.708e-01  8.681e-01  8.655e-01  8.630e-01  8.606e-01  8.583e-01  8.560e-01  8.538e-01  8.517e-01  8.496e-01  8.476e-01  8.457e-01  8.438e-01  8.419e-01  8.402e-01  8.384e-01  8.367e-01  8.351e-01  8.335e-01  8.320e-01  8.305e-01  8.290e-01  8.276e-01  8.262e-01  8.248e-01  8.235e-01  8.222e-01 	
 9.627e-01  9.576e-01  9.524e-01  9.473e-01  9.423e-01  9.375e-01  9.327e-01  9.281e-01  9.237e-01  9.193e-01  9.151e-01  9.111e-01  9.071e-01  9.033e-01  8.996e-01  8.961e-01  8.926e-01  8.893e-01  8.860e-01  8.829e-01  8.799e-01  8.770e-01  8.741e-01  8.714e-01  8.687e-01  8.662e-01  8.637e-01  8.613e-01  8.589e-01  8.567e-01  8.545e-01  8.523e-01  8.503e-01  8.483e-01  8.463e-01  8.445e-01  8.426e-01  8.409e-01  8.391e-01  8.375e-01  8.358e-01  8.342e-01  8.327e-01  8.312e-01  8.297e-01  8.283e-01  8.269e-01  8.255e-01  8.242e-01  8.229e-01 	
 9.628e-01  9.577e-01  9.525e-01  9.475e-01  9.425e-01  9.377e-01  9.330e-01  9.284e-01  9.239e-01  9.196e-01  9.155e-01  9.114e-01  9.075e-01  9.037e-01  9.000e-01  8.965e-01  8.931e-01  8.897e-01  8.865e-01  8.834e-01  8.804e-01  8.775e-01  8.747e-01  8.720e-01  8.693e-01  8.668e-01  8.643e-01  8.619e-01  8.595e-01  8.573e-01  8.551e-01  8.530e-01  8.509e-01  8.489e-01  8.470e-01  8.451e-01  8.433e-01  8.415e-01  8.398e-01  8.381e-01  8.365e-01  8.349e-01  8.334e-01  8.318e-01  8.304e-01  8.289e-01  8.276e-01  8.262e-01  8.249e-01  8.236e-01 	
 9.629e-01  9.578e-01  9.527e-01  9.476e-01  9.427e-01  9.379e-01  9.332e-01  9.286e-01  9.242e-01  9.199e-01  9.158e-01  9.118e-01  9.079e-01  9.041e-01  9.005e-01  8.969e-01  8.935e-01  8.902e-01  8.870e-01  8.839e-01  8.809e-01  8.780e-01  8.752e-01  8.725e-01  8.699e-01  8.673e-01  8.649e-01  8.625e-01  8.602e-01  8.579e-01  8.557e-01  8.536e-01  8.516e-01  8.496e-01  8.476e-01  8.458e-01  8.439e-01  8.422e-01  8.404e-01  8.388e-01  8.371e-01  8.355e-01  8.340e-01  8.325e-01  8.310e-01  8.296e-01  8.282e-01  8.268e-01  8.255e-01  8.242e-01 	
 9.630e-01  9.579e-01  9.528e-01  9.478e-01  9.429e-01  9.381e-01  9.334e-01  9.289e-01  9.245e-01  9.202e-01  9.161e-01  9.121e-01  9.082e-01  9.045e-01  9.009e-01  8.974e-01  8.940e-01  8.907e-01  8.875e-01  8.844e-01  8.814e-01  8.786e-01  8.758e-01  8.731e-01  8.704e-01  8.679e-01  8.654e-01  8.630e-01  8.607e-01  8.585e-01  8.563e-01  8.542e-01  8.522e-01  8.502e-01  8.482e-01  8.464e-01  8.445e-01  8.428e-01  8.410e-01  8.394e-01  8.377e-01  8.361e-01  8.346e-01  8.331e-01  8.316e-01  8.302e-01  8.288e-01  8.274e-01  8.261e-01  8.248e-01 	
 9.631e-01  9.580e-01  9.529e-01  9.479e-01  9.430e-01  9.382e-01  9.336e-01  9.291e-01  9.247e-01  9.205e-01  9.164e-01  9.124e-01  9.086e-01  9.049e-01  9.013e-01  8.978e-01  8.944e-01  8.911e-01  8.880e-01  8.849e-01  8.819e-01  8.791e-01  8.763e-01  8.736e-01  8.710e-01  8.684e-01  8.660e-01  8.636e-01  8.613e-01  8.591e-01  8.569e-01  8.548e-01  8.527e-01  8.507e-01  8.488e-01  8.469e-01  8.451e-01  8.433e-01  8.416e-01  8.399e-01  8.383e-01  8.367e-01  8.351e-01  8.336e-01  8.322e-01  8.307e-01  8.293e-01  8.279e-01  8.266e-01  8.253e-01 	
