 5.547e-01  5.547e-01  5.547e-01  5.547e-01  5.547e-01  5.547e-01  5.547e-01  5.547e-01  5.547e-01  5.547e-01  5.547e-01  5.547e-01  5.547e-01  5.547e-01  5.547e-01  5.547e-01  5.547e-01  5.547e-01  5.547e-01  5.547e-01  5.547e-01  5.547e-01  5.547e-01  5.547e-01  5.547e-01  5.547e-01  5.547e-01  5.547e-01  5.547e-01  5.547e-01  5.547e-01  5.547e-01  5.547e-01  5.547e-01  5.547e-01  5.547e-01  5.547e-01  5.547e-01  5.547e-01  5.547e-01  5.547e-01  5.547e-01  5.547e-01  5.547e-01  5.547e-01  5.547e-01  5.547e-01  5.547e-01  5.547e-01  5.547e-01 	
 6.197e-01  6.197e-01  6.197e-01  6.197e-01  6.197e-01  6.197e-01  6.197e-01  6.197e-01  6.197e-01  6.197e-01  6.197e-01  6.197e-01  6.197e-01  6.197e-01  6.197e-01  6.197e-01  6.197e-01  6.197e-01  6.197e-01  6.197e-01  6.197e-01  6.197e-01  6.197e-01  6.197e-01  6.197e-01  6.197e-01  6.197e-01  6.197e-01  6.197e-01  6.197e-01  6.197e-01  6.197e-01  6.197e-01  6.197e-01  6.197e-01  6.197e-01  6.197e-01  6.197e-01  6.197e-01  6.197e-01  6.197e-01  6.197e-01  6.197e-01  6.197e-01  6.197e-01  6.197e-01  6.197e-01  6.197e-01  6.197e-01  6.197e-01 	
 6.636e-01  6.636e-01  6.636e-01  6.636e-01  6.636e-01  6.636e-01  6.636e-01  6.636e-01  6.636e-01  6.636e-01  6.636e-01  6.636e-01  6.636e-01  6.636e-01  6.636e-01  6.636e-01  6.636e-01  6.636e-01  6.636e-01  6.636e-01  6.636e-01  6.636e-01  6.636e-01  6.636e-01  6.636e-01  6.636e-01  6.636e-01  6.636e-01  6.636e-01  6.636e-01  6.636e-01  6.636e-01  6.636e-01  6.636e-01  6.636e-01  6.636e-01  6.636e-01  6.636e-01  6.636e-01  6.636e-01  6.636e-01  6.636e-01  6.636e-01  6.636e-01  6.636e-01  6.636e-01  6.636e-01  6.636e-01  6.636e-01  6.636e-01 	
 6.862e-01  6.862e-01  6.862e-01  6.862e-01  6.862e-01  6.862e-01  6.862e-01  6.862e-01  6.862e-01  6.862e-01  6.862e-01  6.862e-01  6.862e-01  6.862e-01  6.862e-01  6.862e-01  6.862e-01  6.862e-01  6.862e-01  6.862e-01  6.862e-01  6.862e-01  6.862e-01  6.862e-01  6.862e-01  6.862e-01  6.862e-01  6.862e-01  6.862e-01  6.862e-01  6.862e-01  6.862e-01  6.862e-01  6.862e-01  6.862e-01  6.862e-01  6.862e-01  6.862e-01  6.862e-01  6.862e-01  6.862e-01  6.862e-01  6.862e-01  6.862e-01  6.862e-01  6.862e-01  6.862e-01  6.862e-01  6.862e-01  6.862e-01 	
 6.897e-01  6.897e-01  6.897e-01  6.897e-01  6.897e-01  6.897e-01  6.897e-01  6.897e-01  6.897e-01  6.897e-01  6.897e-01  6.897e-01  6.897e-01  6.897e-01  6.897e-01  6.897e-01  6.897e-01  6.897e-01  6.897e-01  6.897e-01  6.897e-01  6.897e-01  6.897e-01  6.897e-01  6.897e-01  6.897e-01  6.897e-01  6.897e-01  6.897e-01  6.897e-01  6.897e-01  6.897e-01  6.897e-01  6.897e-01  6.897e-01  6.897e-01  6.897e-01  6.897e-01  6.897e-01  6.897e-01  6.897e-01  6.897e-01  6.897e-01  6.897e-01  6.897e-01  6.897e-01  6.897e-01  6.897e-01  6.897e-01  6.897e-01 	
 6.863e-01  6.863e-01  6.863e-01  6.863e-01  6.863e-01  6.863e-01  6.863e-01  6.863e-01  6.863e-01  6.863e-01  6.863e-01  6.863e-01  6.863e-01  6.863e-01  6.863e-01  6.863e-01  6.863e-01  6.863e-01  6.863e-01  6.863e-01  6.863e-01  6.863e-01  6.863e-01  6.863e-01  6.863e-01  6.863e-01  6.863e-01  6.863e-01  6.863e-01  6.863e-01  6.863e-01  6.863e-01  6.863e-01  6.863e-01  6.863e-01  6.863e-01  6.863e-01  6.863e-01  6.863e-01  6.863e-01  6.863e-01  6.863e-01  6.863e-01  6.863e-01  6.863e-01  6.863e-01  6.863e-01  6.863e-01  6.863e-01  6.863e-01 	
 6.956e-01  6.956e-01  6.956e-01  6.956e-01  6.956e-01  6.956e-01  6.956e-01  6.956e-01  6.956e-01  6.956e-01  6.956e-01  6.956e-01  6.956e-01  6.956e-01  6.956e-01  6.956e-01  6.956e-01  6.956e-01  6.956e-01  6.956e-01  6.956e-01  6.956e-01  6.956e-01  6.956e-01  6.956e-01  6.956e-01  6.956e-01  6.956e-01  6.956e-01  6.956e-01  6.956e-01  6.956e-01  6.956e-01  6.956e-01  6.956e-01  6.956e-01  6.956e-01  6.956e-01  6.956e-01  6.956e-01  6.956e-01  6.956e-01  6.956e-01  6.956e-01  6.956e-01  6.956e-01  6.956e-01  6.956e-01  6.956e-01  6.956e-01 	
 7.103e-01  7.103e-01  7.103e-01  7.103e-01  7.103e-01  7.103e-01  7.103e-01  7.103e-01  7.103e-01  7.103e-01  7.103e-01  7.103e-01  7.103e-01  7.103e-01  7.103e-01  7.103e-01  7.103e-01  7.103e-01  7.103e-01  7.103e-01  7.103e-01  7.103e-01  7.103e-01  7.103e-01  7.103e-01  7.103e-01  7.103e-01  7.103e-01  7.103e-01  7.103e-01  7.103e-01  7.103e-01  7.103e-01  7.103e-01  7.103e-01  7.103e-01  7.103e-01  7.103e-01  7.103e-01  7.103e-01  7.103e-01  7.103e-01  7.103e-01  7.103e-01  7.103e-01  7.103e-01  7.103e-01  7.103e-01  7.103e-01  7.103e-01 	
 7.129e-01  7.129e-01  7.129e-01  7.129e-01  7.129e-01  7.129e-01  7.129e-01  7.129e-01  7.129e-01  7.129e-01  7.129e-01  7.129e-01  7.129e-01  7.129e-01  7.129e-01  7.129e-01  7.129e-01  7.129e-01  7.129e-01  7.129e-01  7.129e-01  7.129e-01  7.129e-01  7.129e-01  7.129e-01  7.129e-01  7.129e-01  7.129e-01  7.129e-01  7.129e-01  7.129e-01  7.129e-01  7.129e-01  7.129e-01  7.129e-01  7.129e-01  7.129e-01  7.129e-01  7.129e-01  7.129e-01  7.129e-01  7.129e-01  7.129e-01  7.129e-01  7.129e-01  7.129e-01  7.129e-01  7.129e-01  7.129e-01  7.129e-01 	
 7.180e-01  7.180e-01  7.180e-01  7.180e-01  7.180e-01  7.180e-01  7.180e-01  7.180e-01  7.180e-01  7.180e-01  7.180e-01  7.180e-01  7.180e-01  7.180e-01  7.180e-01  7.180e-01  7.180e-01  7.180e-01  7.180e-01  7.180e-01  7.180e-01  7.180e-01  7.180e-01  7.180e-01  7.180e-01  7.180e-01  7.180e-01  7.180e-01  7.180e-01  7.180e-01  7.180e-01  7.180e-01  7.180e-01  7.180e-01  7.180e-01  7.180e-01  7.180e-01  7.180e-01  7.180e-01  7.180e-01  7.180e-01  7.180e-01  7.180e-01  7.180e-01  7.180e-01  7.180e-01  7.180e-01  7.180e-01  7.180e-01  7.180e-01 	
 7.253e-01  7.253e-01  7.253e-01  7.253e-01  7.253e-01  7.253e-01  7.253e-01  7.253e-01  7.253e-01  7.253e-01  7.253e-01  7.253e-01  7.253e-01  7.253e-01  7.253e-01  7.253e-01  7.253e-01  7.253e-01  7.253e-01  7.253e-01  7.253e-01  7.253e-01  7.253e-01  7.253e-01  7.253e-01  7.253e-01  7.253e-01  7.253e-01  7.253e-01  7.253e-01  7.253e-01  7.253e-01  7.253e-01  7.253e-01  7.253e-01  7.253e-01  7.253e-01  7.253e-01  7.253e-01  7.253e-01  7.253e-01  7.253e-01  7.253e-01  7.253e-01  7.253e-01  7.253e-01  7.253e-01  7.253e-01  7.253e-01  7.253e-01 	
 7.285e-01  7.285e-01  7.285e-01  7.285e-01  7.285e-01  7.285e-01  7.285e-01  7.285e-01  7.285e-01  7.285e-01  7.285e-01  7.285e-01  7.285e-01  7.285e-01  7.285e-01  7.285e-01  7.285e-01  7.285e-01  7.285e-01  7.285e-01  7.285e-01  7.285e-01  7.285e-01  7.285e-01  7.285e-01  7.285e-01  7.285e-01  7.285e-01  7.285e-01  7.285e-01  7.285e-01  7.285e-01  7.285e-01  7.285e-01  7.285e-01  7.285e-01  7.285e-01  7.285e-01  7.285e-01  7.285e-01  7.285e-01  7.285e-01  7.285e-01  7.285e-01  7.285e-01  7.285e-01  7.285e-01  7.285e-01  7.285e-01  7.285e-01 	
 7.335e-01  7.335e-01  7.335e-01  7.335e-01  7.335e-01  7.335e-01  7.335e-01  7.335e-01  7.335e-01  7.335e-01  7.335e-01  7.335e-01  7.335e-01  7.335e-01  7.335e-01  7.335e-01  7.335e-01  7.335e-01  7.335e-01  7.335e-01  7.335e-01  7.335e-01  7.335e-01  7.335e-01  7.335e-01  7.335e-01  7.335e-01  7.335e-01  7.335e-01  7.335e-01  7.335e-01  7.335e-01  7.335e-01  7.335e-01  7.335e-01  7.335e-01  7.335e-01  7.335e-01  7.335e-01  7.335e-01  7.335e-01  7.335e-01  7.335e-01  7.335e-01  7.335e-01  7.335e-01  7.335e-01  7.335e-01  7.335e-01  7.335e-01 	
 7.380e-01  7.380e-01  7.380e-01  7.380e-01  7.380e-01  7.380e-01  7.380e-01  7.380e-01  7.380e-01  7.380e-01  7.380e-01  7.380e-01  7.380e-01  7.380e-01  7.380e-01  7.380e-01  7.380e-01  7.380e-01  7.380e-01  7.380e-01  7.380e-01  7.380e-01  7.380e-01  7.380e-01  7.380e-01  7.380e-01  7.380e-01  7.380e-01  7.380e-01  7.380e-01  7.380e-01  7.380e-01  7.380e-01  7.380e-01  7.380e-01  7.380e-01  7.380e-01  7.380e-01  7.380e-01  7.380e-01  7.380e-01  7.380e-01  7.380e-01  7.380e-01  7.380e-01  7.380e-01  7.380e-01  7.380e-01  7.380e-01  7.380e-01 	
 7.413e-01  7.413e-01  7.413e-01  7.413e-01  7.413e-01  7.413e-01  7.413e-01  7.413e-01  7.413e-01  7.413e-01  7.413e-01  7.413e-01  7.413e-01  7.413e-01  7.413e-01  7.413e-01  7.413e-01  7.413e-01  7.413e-01  7.413e-01  7.413e-01  7.413e-01  7.413e-01  7.413e-01  7.413e-01  7.413e-01  7.413e-01  7.413e-01  7.413e-01  7.413e-01  7.413e-01  7.413e-01  7.413e-01  7.413e-01  7.413e-01  7.413e-01  7.413e-01  7.413e-01  7.413e-01  7.413e-01  7.413e-01  7.413e-01  7.413e-01  7.413e-01  7.413e-01  7.413e-01  7.413e-01  7.413e-01  7.413e-01  7.413e-01 	
 7.446e-01  7.446e-01  7.446e-01  7.446e-01  7.446e-01  7.446e-01  7.446e-01  7.446e-01  7.446e-01  7.446e-01  7.446e-01  7.446e-01  7.446e-01  7.446e-01  7.446e-01  7.446e-01  7.446e-01  7.446e-01  7.446e-01  7.446e-01  7.446e-01  7.446e-01  7.446e-01  7.446e-01  7.446e-01  7.446e-01  7.446e-01  7.446e-01  7.446e-01  7.446e-01  7.446e-01  7.446e-01  7.446e-01  7.446e-01  7.446e-01  7.446e-01  7.446e-01  7.446e-01  7.446e-01  7.446e-01  7.446e-01  7.446e-01  7.446e-01  7.446e-01  7.446e-01  7.446e-01  7.446e-01  7.446e-01  7.446e-01  7.446e-01 	
 7.479e-01  7.479e-01  7.479e-01  7.479e-01  7.479e-01  7.479e-01  7.479e-01  7.479e-01  7.479e-01  7.479e-01  7.479e-01  7.479e-01  7.479e-01  7.479e-01  7.479e-01  7.479e-01  7.479e-01  7.479e-01  7.479e-01  7.479e-01  7.479e-01  7.479e-01  7.479e-01  7.479e-01  7.479e-01  7.479e-01  7.479e-01  7.479e-01  7.479e-01  7.479e-01  7.479e-01  7.479e-01  7.479e-01  7.479e-01  7.479e-01  7.479e-01  7.479e-01  7.479e-01  7.479e-01  7.479e-01  7.479e-01  7.479e-01  7.479e-01  7.479e-01  7.479e-01  7.479e-01  7.479e-01  7.479e-01  7.479e-01  7.479e-01 	
 7.509e-01  7.509e-01  7.509e-01  7.509e-01  7.509e-01  7.509e-01  7.509e-01  7.509e-01  7.509e-01  7.509e-01  7.509e-01  7.509e-01  7.509e-01  7.509e-01  7.509e-01  7.509e-01  7.509e-01  7.509e-01  7.509e-01  7.509e-01  7.509e-01  7.509e-01  7.509e-01  7.509e-01  7.509e-01  7.509e-01  7.509e-01  7.509e-01  7.509e-01  7.509e-01  7.509e-01  7.509e-01  7.509e-01  7.509e-01  7.509e-01  7.509e-01  7.509e-01  7.509e-01  7.509e-01  7.509e-01  7.509e-01  7.509e-01  7.509e-01  7.509e-01  7.509e-01  7.509e-01  7.509e-01  7.509e-01  7.509e-01  7.509e-01 	
 7.536e-01  7.536e-01  7.536e-01  7.536e-01  7.536e-01  7.536e-01  7.536e-01  7.536e-01  7.536e-01  7.536e-01  7.536e-01  7.536e-01  7.536e-01  7.536e-01  7.536e-01  7.536e-01  7.536e-01  7.536e-01  7.536e-01  7.536e-01  7.536e-01  7.536e-01  7.536e-01  7.536e-01  7.536e-01  7.536e-01  7.536e-01  7.536e-01  7.536e-01  7.536e-01  7.536e-01  7.536e-01  7.536e-01  7.536e-01  7.536e-01  7.536e-01  7.536e-01  7.536e-01  7.536e-01  7.536e-01  7.536e-01  7.536e-01  7.536e-01  7.536e-01  7.536e-01  7.536e-01  7.536e-01  7.536e-01  7.536e-01  7.536e-01 	
 7.562e-01  7.562e-01  7.562e-01  7.562e-01  7.562e-01  7.562e-01  7.562e-01  7.562e-01  7.562e-01  7.562e-01  7.562e-01  7.562e-01  7.562e-01  7.562e-01  7.562e-01  7.562e-01  7.562e-01  7.562e-01  7.562e-01  7.562e-01  7.562e-01  7.562e-01  7.562e-01  7.562e-01  7.562e-01  7.562e-01  7.562e-01  7.562e-01  7.562e-01  7.562e-01  7.562e-01  7.562e-01  7.562e-01  7.562e-01  7.562e-01  7.562e-01  7.562e-01  7.562e-01  7.562e-01  7.562e-01  7.562e-01  7.562e-01  7.562e-01  7.562e-01  7.562e-01  7.562e-01  7.562e-01  7.562e-01  7.562e-01  7.562e-01 	
 7.587e-01  7.587e-01  7.587e-01  7.587e-01  7.587e-01  7.587e-01  7.587e-01  7.587e-01  7.587e-01  7.587e-01  7.587e-01  7.587e-01  7.587e-01  7.587e-01  7.587e-01  7.587e-01  7.587e-01  7.587e-01  7.587e-01  7.587e-01  7.587e-01  7.587e-01  7.587e-01  7.587e-01  7.587e-01  7.587e-01  7.587e-01  7.587e-01  7.587e-01  7.587e-01  7.587e-01  7.587e-01  7.587e-01  7.587e-01  7.587e-01  7.587e-01  7.587e-01  7.587e-01  7.587e-01  7.587e-01  7.587e-01  7.587e-01  7.587e-01  7.587e-01  7.587e-01  7.587e-01  7.587e-01  7.587e-01  7.587e-01  7.587e-01 	
 7.610e-01  7.610e-01  7.610e-01  7.610e-01  7.610e-01  7.610e-01  7.610e-01  7.610e-01  7.610e-01  7.610e-01  7.610e-01  7.610e-01  7.610e-01  7.610e-01  7.610e-01  7.610e-01  7.610e-01  7.610e-01  7.610e-01  7.610e-01  7.610e-01  7.610e-01  7.610e-01  7.610e-01  7.610e-01  7.610e-01  7.610e-01  7.610e-01  7.610e-01  7.610e-01  7.610e-01  7.610e-01  7.610e-01  7.610e-01  7.610e-01  7.610e-01  7.610e-01  7.610e-01  7.610e-01  7.610e-01  7.610e-01  7.610e-01  7.610e-01  7.610e-01  7.610e-01  7.610e-01  7.610e-01  7.610e-01  7.610e-01  7.610e-01 	
 7.632e-01  7.632e-01  7.632e-01  7.632e-01  7.632e-01  7.632e-01  7.632e-01  7.632e-01  7.632e-01  7.632e-01  7.632e-01  7.632e-01  7.632e-01  7.632e-01  7.632e-01  7.632e-01  7.632e-01  7.632e-01  7.632e-01  7.632e-01  7.632e-01  7.632e-01  7.632e-01  7.632e-01  7.632e-01  7.632e-01  7.632e-01  7.632e-01  7.632e-01  7.632e-01  7.632e-01  7.632e-01  7.632e-01  7.632e-01  7.632e-01  7.632e-01  7.632e-01  7.632e-01  7.632e-01  7.632e-01  7.632e-01  7.632e-01  7.632e-01  7.632e-01  7.632e-01  7.632e-01  7.632e-01  7.632e-01  7.632e-01  7.632e-01 	
 7.653e-01  7.653e-01  7.653e-01  7.653e-01  7.653e-01  7.653e-01  7.653e-01  7.653e-01  7.653e-01  7.653e-01  7.653e-01  7.653e-01  7.653e-01  7.653e-01  7.653e-01  7.653e-01  7.653e-01  7.653e-01  7.653e-01  7.653e-01  7.653e-01  7.653e-01  7.653e-01  7.653e-01  7.653e-01  7.653e-01  7.653e-01  7.653e-01  7.653e-01  7.653e-01  7.653e-01  7.653e-01  7.653e-01  7.653e-01  7.653e-01  7.653e-01  7.653e-01  7.653e-01  7.653e-01  7.653e-01  7.653e-01  7.653e-01  7.653e-01  7.653e-01  7.653e-01  7.653e-01  7.653e-01  7.653e-01  7.653e-01  7.653e-01 	
 7.673e-01  7.673e-01  7.673e-01  7.673e-01  7.673e-01  7.673e-01  7.673e-01  7.673e-01  7.673e-01  7.673e-01  7.673e-01  7.673e-01  7.673e-01  7.673e-01  7.673e-01  7.673e-01  7.673e-01  7.673e-01  7.673e-01  7.673e-01  7.673e-01  7.673e-01  7.673e-01  7.673e-01  7.673e-01  7.673e-01  7.673e-01  7.673e-01  7.673e-01  7.673e-01  7.673e-01  7.673e-01  7.673e-01  7.673e-01  7.673e-01  7.673e-01  7.673e-01  7.673e-01  7.673e-01  7.673e-01  7.673e-01  7.673e-01  7.673e-01  7.673e-01  7.673e-01  7.673e-01  7.673e-01  7.673e-01  7.673e-01  7.673e-01 	
 7.693e-01  7.693e-01  7.693e-01  7.693e-01  7.693e-01  7.693e-01  7.693e-01  7.693e-01  7.693e-01  7.693e-01  7.693e-01  7.693e-01  7.693e-01  7.693e-01  7.693e-01  7.693e-01  7.693e-01  7.693e-01  7.693e-01  7.693e-01  7.693e-01  7.693e-01  7.693e-01  7.693e-01  7.693e-01  7.693e-01  7.693e-01  7.693e-01  7.693e-01  7.693e-01  7.693e-01  7.693e-01  7.693e-01  7.693e-01  7.693e-01  7.693e-01  7.693e-01  7.693e-01  7.693e-01  7.693e-01  7.693e-01  7.693e-01  7.693e-01  7.693e-01  7.693e-01  7.693e-01  7.693e-01  7.693e-01  7.693e-01  7.693e-01 	
 7.712e-01  7.712e-01  7.712e-01  7.712e-01  7.712e-01  7.712e-01  7.712e-01  7.712e-01  7.712e-01  7.712e-01  7.712e-01  7.712e-01  7.712e-01  7.712e-01  7.712e-01  7.712e-01  7.712e-01  7.712e-01  7.712e-01  7.712e-01  7.712e-01  7.712e-01  7.712e-01  7.712e-01  7.712e-01  7.712e-01  7.712e-01  7.712e-01  7.712e-01  7.712e-01  7.712e-01  7.712e-01  7.712e-01  7.712e-01  7.712e-01  7.712e-01  7.712e-01  7.712e-01  7.712e-01  7.712e-01  7.712e-01  7.712e-01  7.712e-01  7.712e-01  7.712e-01  7.712e-01  7.712e-01  7.712e-01  7.712e-01  7.712e-01 	
 7.730e-01  7.730e-01  7.730e-01  7.730e-01  7.730e-01  7.730e-01  7.730e-01  7.730e-01  7.730e-01  7.730e-01  7.730e-01  7.730e-01  7.730e-01  7.730e-01  7.730e-01  7.730e-01  7.730e-01  7.730e-01  7.730e-01  7.730e-01  7.730e-01  7.730e-01  7.730e-01  7.730e-01  7.730e-01  7.730e-01  7.730e-01  7.730e-01  7.730e-01  7.730e-01  7.730e-01  7.730e-01  7.730e-01  7.730e-01  7.730e-01  7.730e-01  7.730e-01  7.730e-01  7.730e-01  7.730e-01  7.730e-01  7.730e-01  7.730e-01  7.730e-01  7.730e-01  7.730e-01  7.730e-01  7.730e-01  7.730e-01  7.730e-01 	
 7.748e-01  7.748e-01  7.748e-01  7.748e-01  7.748e-01  7.748e-01  7.748e-01  7.748e-01  7.748e-01  7.748e-01  7.748e-01  7.748e-01  7.748e-01  7.748e-01  7.748e-01  7.748e-01  7.748e-01  7.748e-01  7.748e-01  7.748e-01  7.748e-01  7.748e-01  7.748e-01  7.748e-01  7.748e-01  7.748e-01  7.748e-01  7.748e-01  7.748e-01  7.748e-01  7.748e-01  7.748e-01  7.748e-01  7.748e-01  7.748e-01  7.748e-01  7.748e-01  7.748e-01  7.748e-01  7.748e-01  7.748e-01  7.748e-01  7.748e-01  7.748e-01  7.748e-01  7.748e-01  7.748e-01  7.748e-01  7.748e-01  7.748e-01 	
 7.765e-01  7.765e-01  7.765e-01  7.765e-01  7.765e-01  7.765e-01  7.765e-01  7.765e-01  7.765e-01  7.765e-01  7.765e-01  7.765e-01  7.765e-01  7.765e-01  7.765e-01  7.765e-01  7.765e-01  7.765e-01  7.765e-01  7.765e-01  7.765e-01  7.765e-01  7.765e-01  7.765e-01  7.765e-01  7.765e-01  7.765e-01  7.765e-01  7.765e-01  7.765e-01  7.765e-01  7.765e-01  7.765e-01  7.765e-01  7.765e-01  7.765e-01  7.765e-01  7.765e-01  7.765e-01  7.765e-01  7.765e-01  7.765e-01  7.765e-01  7.765e-01  7.765e-01  7.765e-01  7.765e-01  7.765e-01  7.765e-01  7.765e-01 	
 7.782e-01  7.782e-01  7.782e-01  7.782e-01  7.782e-01  7.782e-01  7.782e-01  7.782e-01  7.782e-01  7.782e-01  7.782e-01  7.782e-01  7.782e-01  7.782e-01  7.782e-01  7.782e-01  7.782e-01  7.782e-01  7.782e-01  7.782e-01  7.782e-01  7.782e-01  7.782e-01  7.782e-01  7.782e-01  7.782e-01  7.782e-01  7.782e-01  7.782e-01  7.782e-01  7.782e-01  7.782e-01  7.782e-01  7.782e-01  7.782e-01  7.782e-01  7.782e-01  7.782e-01  7.782e-01  7.782e-01  7.782e-01  7.782e-01  7.782e-01  7.782e-01  7.782e-01  7.782e-01  7.782e-01  7.782e-01  7.782e-01  7.782e-01 	
 7.798e-01  7.798e-01  7.798e-01  7.798e-01  7.798e-01  7.798e-01  7.798e-01  7.798e-01  7.798e-01  7.798e-01  7.798e-01  7.798e-01  7.798e-01  7.798e-01  7.798e-01  7.798e-01  7.798e-01  7.798e-01  7.798e-01  7.798e-01  7.798e-01  7.798e-01  7.798e-01  7.798e-01  7.798e-01  7.798e-01  7.798e-01  7.798e-01  7.798e-01  7.798e-01  7.798e-01  7.798e-01  7.798e-01  7.798e-01  7.798e-01  7.798e-01  7.798e-01  7.798e-01  7.798e-01  7.798e-01  7.798e-01  7.798e-01  7.798e-01  7.798e-01  7.798e-01  7.798e-01  7.798e-01  7.798e-01  7.798e-01  7.798e-01 	
 7.814e-01  7.814e-01  7.814e-01  7.814e-01  7.814e-01  7.814e-01  7.814e-01  7.814e-01  7.814e-01  7.814e-01  7.814e-01  7.814e-01  7.814e-01  7.814e-01  7.814e-01  7.814e-01  7.814e-01  7.814e-01  7.814e-01  7.814e-01  7.814e-01  7.814e-01  7.814e-01  7.814e-01  7.814e-01  7.814e-01  7.814e-01  7.814e-01  7.814e-01  7.814e-01  7.814e-01  7.814e-01  7.814e-01  7.814e-01  7.814e-01  7.814e-01  7.814e-01  7.814e-01  7.814e-01  7.814e-01  7.814e-01  7.814e-01  7.814e-01  7.814e-01  7.814e-01  7.814e-01  7.814e-01  7.814e-01  7.814e-01  7.814e-01 	
 7.829e-01  7.829e-01  7.829e-01  7.829e-01  7.829e-01  7.829e-01  7.829e-01  7.829e-01  7.829e-01  7.829e-01  7.829e-01  7.829e-01  7.829e-01  7.829e-01  7.829e-01  7.829e-01  7.829e-01  7.829e-01  7.829e-01  7.829e-01  7.829e-01  7.829e-01  7.829e-01  7.829e-01  7.829e-01  7.829e-01  7.829e-01  7.829e-01  7.829e-01  7.829e-01  7.829e-01  7.829e-01  7.829e-01  7.829e-01  7.829e-01  7.829e-01  7.829e-01  7.829e-01  7.829e-01  7.829e-01  7.829e-01  7.829e-01  7.829e-01  7.829e-01  7.829e-01  7.829e-01  7.829e-01  7.829e-01  7.829e-01  7.829e-01 	
 7.844e-01  7.844e-01  7.844e-01  7.844e-01  7.844e-01  7.844e-01  7.844e-01  7.844e-01  7.844e-01  7.844e-01  7.844e-01  7.844e-01  7.844e-01  7.844e-01  7.844e-01  7.844e-01  7.844e-01  7.844e-01  7.844e-01  7.844e-01  7.844e-01  7.844e-01  7.844e-01  7.844e-01  7.844e-01  7.844e-01  7.844e-01  7.844e-01  7.844e-01  7.844e-01  7.844e-01  7.844e-01  7.844e-01  7.844e-01  7.844e-01  7.844e-01  7.844e-01  7.844e-01  7.844e-01  7.844e-01  7.844e-01  7.844e-01  7.844e-01  7.844e-01  7.844e-01  7.844e-01  7.844e-01  7.844e-01  7.844e-01  7.844e-01 	
 7.858e-01  7.858e-01  7.858e-01  7.858e-01  7.858e-01  7.858e-01  7.858e-01  7.858e-01  7.858e-01  7.858e-01  7.858e-01  7.858e-01  7.858e-01  7.858e-01  7.858e-01  7.858e-01  7.858e-01  7.858e-01  7.858e-01  7.858e-01  7.858e-01  7.858e-01  7.858e-01  7.858e-01  7.858e-01  7.858e-01  7.858e-01  7.858e-01  7.858e-01  7.858e-01  7.858e-01  7.858e-01  7.858e-01  7.858e-01  7.858e-01  7.858e-01  7.858e-01  7.858e-01  7.858e-01  7.858e-01  7.858e-01  7.858e-01  7.858e-01  7.858e-01  7.858e-01  7.858e-01  7.858e-01  7.858e-01  7.858e-01  7.858e-01 	
 7.872e-01  7.872e-01  7.872e-01  7.872e-01  7.872e-01  7.872e-01  7.872e-01  7.872e-01  7.872e-01  7.872e-01  7.872e-01  7.872e-01  7.872e-01  7.872e-01  7.872e-01  7.872e-01  7.872e-01  7.872e-01  7.872e-01  7.872e-01  7.872e-01  7.872e-01  7.872e-01  7.872e-01  7.872e-01  7.872e-01  7.872e-01  7.872e-01  7.872e-01  7.872e-01  7.872e-01  7.872e-01  7.872e-01  7.872e-01  7.872e-01  7.872e-01  7.872e-01  7.872e-01  7.872e-01  7.872e-01  7.872e-01  7.872e-01  7.872e-01  7.872e-01  7.872e-01  7.872e-01  7.872e-01  7.872e-01  7.872e-01  7.872e-01 	
 7.885e-01  7.885e-01  7.885e-01  7.885e-01  7.885e-01  7.885e-01  7.885e-01  7.885e-01  7.885e-01  7.885e-01  7.885e-01  7.885e-01  7.885e-01  7.885e-01  7.885e-01  7.885e-01  7.885e-01  7.885e-01  7.885e-01  7.885e-01  7.885e-01  7.885e-01  7.885e-01  7.885e-01  7.885e-01  7.885e-01  7.885e-01  7.885e-01  7.885e-01  7.885e-01  7.885e-01  7.885e-01  7.885e-01  7.885e-01  7.885e-01  7.885e-01  7.885e-01  7.885e-01  7.885e-01  7.885e-01  7.885e-01  7.885e-01  7.885e-01  7.885e-01  7.885e-01  7.885e-01  7.885e-01  7.885e-01  7.885e-01  7.885e-01 	
 7.897e-01  7.897e-01  7.897e-01  7.897e-01  7.897e-01  7.897e-01  7.897e-01  7.897e-01  7.897e-01  7.897e-01  7.897e-01  7.897e-01  7.897e-01  7.897e-01  7.897e-01  7.897e-01  7.897e-01  7.897e-01  7.897e-01  7.897e-01  7.897e-01  7.897e-01  7.897e-01  7.897e-01  7.897e-01  7.897e-01  7.897e-01  7.897e-01  7.897e-01  7.897e-01  7.897e-01  7.897e-01  7.897e-01  7.897e-01  7.897e-01  7.897e-01  7.897e-01  7.897e-01  7.897e-01  7.897e-01  7.897e-01  7.897e-01  7.897e-01  7.897e-01  7.897e-01  7.897e-01  7.897e-01  7.897e-01  7.897e-01  7.897e-01 	
 7.909e-01  7.909e-01  7.909e-01  7.909e-01  7.909e-01  7.909e-01  7.909e-01  7.909e-01  7.909e-01  7.909e-01  7.909e-01  7.909e-01  7.909e-01  7.909e-01  7.909e-01  7.909e-01  7.909e-01  7.909e-01  7.909e-01  7.909e-01  7.909e-01  7.909e-01  7.909e-01  7.909e-01  7.909e-01  7.909e-01  7.909e-01  7.909e-01  7.909e-01  7.909e-01  7.909e-01  7.909e-01  7.909e-01  7.909e-01  7.909e-01  7.909e-01  7.909e-01  7.909e-01  7.909e-01  7.909e-01  7.909e-01  7.909e-01  7.909e-01  7.909e-01  7.909e-01  7.909e-01  7.909e-01  7.909e-01  7.909e-01  7.909e-01 	
 7.920e-01  7.920e-01  7.920e-01  7.920e-01  7.920e-01  7.920e-01  7.920e-01  7.920e-01  7.920e-01  7.920e-01  7.920e-01  7.920e-01  7.920e-01  7.920e-01  7.920e-01  7.920e-01  7.920e-01  7.920e-01  7.920e-01  7.920e-01  7.920e-01  7.920e-01  7.920e-01  7.920e-01  7.920e-01  7.920e-01  7.920e-01  7.920e-01  7.920e-01  7.920e-01  7.920e-01  7.920e-01  7.920e-01  7.920e-01  7.920e-01  7.920e-01  7.920e-01  7.920e-01  7.920e-01  7.920e-01  7.920e-01  7.920e-01  7.920e-01  7.920e-01  7.920e-01  7.920e-01  7.920e-01  7.920e-01  7.920e-01  7.920e-01 	
 7.930e-01  7.930e-01  7.930e-01  7.930e-01  7.930e-01  7.930e-01  7.930e-01  7.930e-01  7.930e-01  7.930e-01  7.930e-01  7.930e-01  7.930e-01  7.930e-01  7.930e-01  7.930e-01  7.930e-01  7.930e-01  7.930e-01  7.930e-01  7.930e-01  7.930e-01  7.930e-01  7.930e-01  7.930e-01  7.930e-01  7.930e-01  7.930e-01  7.930e-01  7.930e-01  7.930e-01  7.930e-01  7.930e-01  7.930e-01  7.930e-01  7.930e-01  7.930e-01  7.930e-01  7.930e-01  7.930e-01  7.930e-01  7.930e-01  7.930e-01  7.930e-01  7.930e-01  7.930e-01  7.930e-01  7.930e-01  7.930e-01  7.930e-01 	
 7.940e-01  7.940e-01  7.940e-01  7.940e-01  7.940e-01  7.940e-01  7.940e-01  7.940e-01  7.940e-01  7.940e-01  7.940e-01  7.940e-01  7.940e-01  7.940e-01  7.940e-01  7.940e-01  7.940e-01  7.940e-01  7.940e-01  7.940e-01  7.940e-01  7.940e-01  7.940e-01  7.940e-01  7.940e-01  7.940e-01  7.940e-01  7.940e-01  7.940e-01  7.940e-01  7.940e-01  7.940e-01  7.940e-01  7.940e-01  7.940e-01  7.940e-01  7.940e-01  7.940e-01  7.940e-01  7.940e-01  7.940e-01  7.940e-01  7.940e-01  7.940e-01  7.940e-01  7.940e-01  7.940e-01  7.940e-01  7.940e-01  7.940e-01 	
 7.949e-01  7.949e-01  7.949e-01  7.949e-01  7.949e-01  7.949e-01  7.949e-01  7.949e-01  7.949e-01  7.949e-01  7.949e-01  7.949e-01  7.949e-01  7.949e-01  7.949e-01  7.949e-01  7.949e-01  7.949e-01  7.949e-01  7.949e-01  7.949e-01  7.949e-01  7.949e-01  7.949e-01  7.949e-01  7.949e-01  7.949e-01  7.949e-01  7.949e-01  7.949e-01  7.949e-01  7.949e-01  7.949e-01  7.949e-01  7.949e-01  7.949e-01  7.949e-01  7.949e-01  7.949e-01  7.949e-01  7.949e-01  7.949e-01  7.949e-01  7.949e-01  7.949e-01  7.949e-01  7.949e-01  7.949e-01  7.949e-01  7.949e-01 	
 7.957e-01  7.957e-01  7.957e-01  7.957e-01  7.957e-01  7.957e-01  7.957e-01  7.957e-01  7.957e-01  7.957e-01  7.957e-01  7.957e-01  7.957e-01  7.957e-01  7.957e-01  7.957e-01  7.957e-01  7.957e-01  7.957e-01  7.957e-01  7.957e-01  7.957e-01  7.957e-01  7.957e-01  7.957e-01  7.957e-01  7.957e-01  7.957e-01  7.957e-01  7.957e-01  7.957e-01  7.957e-01  7.957e-01  7.957e-01  7.957e-01  7.957e-01  7.957e-01  7.957e-01  7.957e-01  7.957e-01  7.957e-01  7.957e-01  7.957e-01  7.957e-01  7.957e-01  7.957e-01  7.957e-01  7.957e-01  7.957e-01  7.957e-01 	
 7.964e-01  7.964e-01  7.964e-01  7.964e-01  7.964e-01  7.964e-01  7.964e-01  7.964e-01  7.964e-01  7.964e-01  7.964e-01  7.964e-01  7.964e-01  7.964e-01  7.964e-01  7.964e-01  7.964e-01  7.964e-01  7.964e-01  7.964e-01  7.964e-01  7.964e-01  7.964e-01  7.964e-01  7.964e-01  7.964e-01  7.964e-01  7.964e-01  7.964e-01  7.964e-01  7.964e-01  7.964e-01  7.964e-01  7.964e-01  7.964e-01  7.964e-01  7.964e-01  7.964e-01  7.964e-01  7.964e-01  7.964e-01  7.964e-01  7.964e-01  7.964e-01  7.964e-01  7.964e-01  7.964e-01  7.964e-01  7.964e-01  7.964e-01 	
 7.971e-01  7.971e-01  7.971e-01  7.971e-01  7.971e-01  7.971e-01  7.971e-01  7.971e-01  7.971e-01  7.971e-01  7.971e-01  7.971e-01  7.971e-01  7.971e-01  7.971e-01  7.971e-01  7.971e-01  7.971e-01  7.971e-01  7.971e-01  7.971e-01  7.971e-01  7.971e-01  7.971e-01  7.971e-01  7.971e-01  7.971e-01  7.971e-01  7.971e-01  7.971e-01  7.971e-01  7.971e-01  7.971e-01  7.971e-01  7.971e-01  7.971e-01  7.971e-01  7.971e-01  7.971e-01  7.971e-01  7.971e-01  7.971e-01  7.971e-01  7.971e-01  7.971e-01  7.971e-01  7.971e-01  7.971e-01  7.971e-01  7.971e-01 	
 7.977e-01  7.977e-01  7.977e-01  7.977e-01  7.977e-01  7.977e-01  7.977e-01  7.977e-01  7.977e-01  7.977e-01  7.977e-01  7.977e-01  7.977e-01  7.977e-01  7.977e-01  7.977e-01  7.977e-01  7.977e-01  7.977e-01  7.977e-01  7.977e-01  7.977e-01  7.977e-01  7.977e-01  7.977e-01  7.977e-01  7.977e-01  7.977e-01  7.977e-01  7.977e-01  7.977e-01  7.977e-01  7.977e-01  7.977e-01  7.977e-01  7.977e-01  7.977e-01  7.977e-01  7.977e-01  7.977e-01  7.977e-01  7.977e-01  7.977e-01  7.977e-01  7.977e-01  7.977e-01  7.977e-01  7.977e-01  7.977e-01  7.977e-01 	
 7.982e-01  7.982e-01  7.982e-01  7.982e-01  7.982e-01  7.982e-01  7.982e-01  7.982e-01  7.982e-01  7.982e-01  7.982e-01  7.982e-01  7.982e-01  7.982e-01  7.982e-01  7.982e-01  7.982e-01  7.982e-01  7.982e-01  7.982e-01  7.982e-01  7.982e-01  7.982e-01  7.982e-01  7.982e-01  7.982e-01  7.982e-01  7.982e-01  7.982e-01  7.982e-01  7.982e-01  7.982e-01  7.982e-01  7.982e-01  7.982e-01  7.982e-01  7.982e-01  7.982e-01  7.982e-01  7.982e-01  7.982e-01  7.982e-01  7.982e-01  7.982e-01  7.982e-01  7.982e-01  7.982e-01  7.982e-01  7.982e-01  7.982e-01 	
 7.987e-01  7.987e-01  7.987e-01  7.987e-01  7.987e-01  7.987e-01  7.987e-01  7.987e-01  7.987e-01  7.987e-01  7.987e-01  7.987e-01  7.987e-01  7.987e-01  7.987e-01  7.987e-01  7.987e-01  7.987e-01  7.987e-01  7.987e-01  7.987e-01  7.987e-01  7.987e-01  7.987e-01  7.987e-01  7.987e-01  7.987e-01  7.987e-01  7.987e-01  7.987e-01  7.987e-01  7.987e-01  7.987e-01  7.987e-01  7.987e-01  7.987e-01  7.987e-01  7.987e-01  7.987e-01  7.987e-01  7.987e-01  7.987e-01  7.987e-01  7.987e-01  7.987e-01  7.987e-01  7.987e-01  7.987e-01  7.987e-01  7.987e-01 	
