 6.326e-01  6.326e-01  6.326e-01  6.326e-01  6.326e-01  6.326e-01  6.326e-01  6.326e-01  6.326e-01  6.326e-01  6.326e-01  6.326e-01  6.326e-01  6.326e-01  6.326e-01  6.326e-01  6.326e-01  6.326e-01  6.326e-01  6.326e-01  6.326e-01  6.326e-01  6.326e-01  6.326e-01  6.326e-01  6.326e-01  6.326e-01  6.326e-01  6.326e-01  6.326e-01  6.326e-01  6.326e-01  6.326e-01  6.326e-01  6.326e-01  6.326e-01  6.326e-01  6.326e-01  6.326e-01  6.326e-01  6.326e-01  6.326e-01  6.326e-01  6.326e-01  6.326e-01  6.326e-01  6.326e-01  6.326e-01  6.326e-01  6.326e-01 	
 6.306e-01  6.306e-01  6.306e-01  6.306e-01  6.306e-01  6.306e-01  6.306e-01  6.306e-01  6.306e-01  6.306e-01  6.306e-01  6.306e-01  6.306e-01  6.306e-01  6.306e-01  6.306e-01  6.306e-01  6.306e-01  6.306e-01  6.306e-01  6.306e-01  6.306e-01  6.306e-01  6.306e-01  6.306e-01  6.306e-01  6.306e-01  6.306e-01  6.306e-01  6.306e-01  6.306e-01  6.306e-01  6.306e-01  6.306e-01  6.306e-01  6.306e-01  6.306e-01  6.306e-01  6.306e-01  6.306e-01  6.306e-01  6.306e-01  6.306e-01  6.306e-01  6.306e-01  6.306e-01  6.306e-01  6.306e-01  6.306e-01  6.306e-01 	
 6.321e-01  6.321e-01  6.321e-01  6.321e-01  6.321e-01  6.321e-01  6.321e-01  6.321e-01  6.321e-01  6.321e-01  6.321e-01  6.321e-01  6.321e-01  6.321e-01  6.321e-01  6.321e-01  6.321e-01  6.321e-01  6.321e-01  6.321e-01  6.321e-01  6.321e-01  6.321e-01  6.321e-01  6.321e-01  6.321e-01  6.321e-01  6.321e-01  6.321e-01  6.321e-01  6.321e-01  6.321e-01  6.321e-01  6.321e-01  6.321e-01  6.321e-01  6.321e-01  6.321e-01  6.321e-01  6.321e-01  6.321e-01  6.321e-01  6.321e-01  6.321e-01  6.321e-01  6.321e-01  6.321e-01  6.321e-01  6.321e-01  6.321e-01 	
 6.499e-01  6.499e-01  6.499e-01  6.499e-01  6.499e-01  6.499e-01  6.499e-01  6.499e-01  6.499e-01  6.499e-01  6.499e-01  6.499e-01  6.499e-01  6.499e-01  6.499e-01  6.499e-01  6.499e-01  6.499e-01  6.499e-01  6.499e-01  6.499e-01  6.499e-01  6.499e-01  6.499e-01  6.499e-01  6.499e-01  6.499e-01  6.499e-01  6.499e-01  6.499e-01  6.499e-01  6.499e-01  6.499e-01  6.499e-01  6.499e-01  6.499e-01  6.499e-01  6.499e-01  6.499e-01  6.499e-01  6.499e-01  6.499e-01  6.499e-01  6.499e-01  6.499e-01  6.499e-01  6.499e-01  6.499e-01  6.499e-01  6.499e-01 	
 6.614e-01  6.614e-01  6.614e-01  6.614e-01  6.614e-01  6.614e-01  6.614e-01  6.614e-01  6.614e-01  6.614e-01  6.614e-01  6.614e-01  6.614e-01  6.614e-01  6.614e-01  6.614e-01  6.614e-01  6.614e-01  6.614e-01  6.614e-01  6.614e-01  6.614e-01  6.614e-01  6.614e-01  6.614e-01  6.614e-01  6.614e-01  6.614e-01  6.614e-01  6.614e-01  6.614e-01  6.614e-01  6.614e-01  6.614e-01  6.614e-01  6.614e-01  6.614e-01  6.614e-01  6.614e-01  6.614e-01  6.614e-01  6.614e-01  6.614e-01  6.614e-01  6.614e-01  6.614e-01  6.614e-01  6.614e-01  6.614e-01  6.614e-01 	
 6.626e-01  6.626e-01  6.626e-01  6.626e-01  6.626e-01  6.626e-01  6.626e-01  6.626e-01  6.626e-01  6.626e-01  6.626e-01  6.626e-01  6.626e-01  6.626e-01  6.626e-01  6.626e-01  6.626e-01  6.626e-01  6.626e-01  6.626e-01  6.626e-01  6.626e-01  6.626e-01  6.626e-01  6.626e-01  6.626e-01  6.626e-01  6.626e-01  6.626e-01  6.626e-01  6.626e-01  6.626e-01  6.626e-01  6.626e-01  6.626e-01  6.626e-01  6.626e-01  6.626e-01  6.626e-01  6.626e-01  6.626e-01  6.626e-01  6.626e-01  6.626e-01  6.626e-01  6.626e-01  6.626e-01  6.626e-01  6.626e-01  6.626e-01 	
 6.737e-01  6.737e-01  6.737e-01  6.737e-01  6.737e-01  6.737e-01  6.737e-01  6.737e-01  6.737e-01  6.737e-01  6.737e-01  6.737e-01  6.737e-01  6.737e-01  6.737e-01  6.737e-01  6.737e-01  6.737e-01  6.737e-01  6.737e-01  6.737e-01  6.737e-01  6.737e-01  6.737e-01  6.737e-01  6.737e-01  6.737e-01  6.737e-01  6.737e-01  6.737e-01  6.737e-01  6.737e-01  6.737e-01  6.737e-01  6.737e-01  6.737e-01  6.737e-01  6.737e-01  6.737e-01  6.737e-01  6.737e-01  6.737e-01  6.737e-01  6.737e-01  6.737e-01  6.737e-01  6.737e-01  6.737e-01  6.737e-01  6.737e-01 	
 6.775e-01  6.775e-01  6.775e-01  6.775e-01  6.775e-01  6.775e-01  6.775e-01  6.775e-01  6.775e-01  6.775e-01  6.775e-01  6.775e-01  6.775e-01  6.775e-01  6.775e-01  6.775e-01  6.775e-01  6.775e-01  6.775e-01  6.775e-01  6.775e-01  6.775e-01  6.775e-01  6.775e-01  6.775e-01  6.775e-01  6.775e-01  6.775e-01  6.775e-01  6.775e-01  6.775e-01  6.775e-01  6.775e-01  6.775e-01  6.775e-01  6.775e-01  6.775e-01  6.775e-01  6.775e-01  6.775e-01  6.775e-01  6.775e-01  6.775e-01  6.775e-01  6.775e-01  6.775e-01  6.775e-01  6.775e-01  6.775e-01  6.775e-01 	
 6.852e-01  6.852e-01  6.852e-01  6.852e-01  6.852e-01  6.852e-01  6.852e-01  6.852e-01  6.852e-01  6.852e-01  6.852e-01  6.852e-01  6.852e-01  6.852e-01  6.852e-01  6.852e-01  6.852e-01  6.852e-01  6.852e-01  6.852e-01  6.852e-01  6.852e-01  6.852e-01  6.852e-01  6.852e-01  6.852e-01  6.852e-01  6.852e-01  6.852e-01  6.852e-01  6.852e-01  6.852e-01  6.852e-01  6.852e-01  6.852e-01  6.852e-01  6.852e-01  6.852e-01  6.852e-01  6.852e-01  6.852e-01  6.852e-01  6.852e-01  6.852e-01  6.852e-01  6.852e-01  6.852e-01  6.852e-01  6.852e-01  6.852e-01 	
 6.890e-01  6.890e-01  6.890e-01  6.890e-01  6.890e-01  6.890e-01  6.890e-01  6.890e-01  6.890e-01  6.890e-01  6.890e-01  6.890e-01  6.890e-01  6.890e-01  6.890e-01  6.890e-01  6.890e-01  6.890e-01  6.890e-01  6.890e-01  6.890e-01  6.890e-01  6.890e-01  6.890e-01  6.890e-01  6.890e-01  6.890e-01  6.890e-01  6.890e-01  6.890e-01  6.890e-01  6.890e-01  6.890e-01  6.890e-01  6.890e-01  6.890e-01  6.890e-01  6.890e-01  6.890e-01  6.890e-01  6.890e-01  6.890e-01  6.890e-01  6.890e-01  6.890e-01  6.890e-01  6.890e-01  6.890e-01  6.890e-01  6.890e-01 	
 6.944e-01  6.944e-01  6.944e-01  6.944e-01  6.944e-01  6.944e-01  6.944e-01  6.944e-01  6.944e-01  6.944e-01  6.944e-01  6.944e-01  6.944e-01  6.944e-01  6.944e-01  6.944e-01  6.944e-01  6.944e-01  6.944e-01  6.944e-01  6.944e-01  6.944e-01  6.944e-01  6.944e-01  6.944e-01  6.944e-01  6.944e-01  6.944e-01  6.944e-01  6.944e-01  6.944e-01  6.944e-01  6.944e-01  6.944e-01  6.944e-01  6.944e-01  6.944e-01  6.944e-01  6.944e-01  6.944e-01  6.944e-01  6.944e-01  6.944e-01  6.944e-01  6.944e-01  6.944e-01  6.944e-01  6.944e-01  6.944e-01  6.944e-01 	
 6.994e-01  6.994e-01  6.994e-01  6.994e-01  6.994e-01  6.994e-01  6.994e-01  6.994e-01  6.994e-01  6.994e-01  6.994e-01  6.994e-01  6.994e-01  6.994e-01  6.994e-01  6.994e-01  6.994e-01  6.994e-01  6.994e-01  6.994e-01  6.994e-01  6.994e-01  6.994e-01  6.994e-01  6.994e-01  6.994e-01  6.994e-01  6.994e-01  6.994e-01  6.994e-01  6.994e-01  6.994e-01  6.994e-01  6.994e-01  6.994e-01  6.994e-01  6.994e-01  6.994e-01  6.994e-01  6.994e-01  6.994e-01  6.994e-01  6.994e-01  6.994e-01  6.994e-01  6.994e-01  6.994e-01  6.994e-01  6.994e-01  6.994e-01 	
 7.037e-01  7.037e-01  7.037e-01  7.037e-01  7.037e-01  7.037e-01  7.037e-01  7.037e-01  7.037e-01  7.037e-01  7.037e-01  7.037e-01  7.037e-01  7.037e-01  7.037e-01  7.037e-01  7.037e-01  7.037e-01  7.037e-01  7.037e-01  7.037e-01  7.037e-01  7.037e-01  7.037e-01  7.037e-01  7.037e-01  7.037e-01  7.037e-01  7.037e-01  7.037e-01  7.037e-01  7.037e-01  7.037e-01  7.037e-01  7.037e-01  7.037e-01  7.037e-01  7.037e-01  7.037e-01  7.037e-01  7.037e-01  7.037e-01  7.037e-01  7.037e-01  7.037e-01  7.037e-01  7.037e-01  7.037e-01  7.037e-01  7.037e-01 	
 7.076e-01  7.076e-01  7.076e-01  7.076e-01  7.076e-01  7.076e-01  7.076e-01  7.076e-01  7.076e-01  7.076e-01  7.076e-01  7.076e-01  7.076e-01  7.076e-01  7.076e-01  7.076e-01  7.076e-01  7.076e-01  7.076e-01  7.076e-01  7.076e-01  7.076e-01  7.076e-01  7.076e-01  7.076e-01  7.076e-01  7.076e-01  7.076e-01  7.076e-01  7.076e-01  7.076e-01  7.076e-01  7.076e-01  7.076e-01  7.076e-01  7.076e-01  7.076e-01  7.076e-01  7.076e-01  7.076e-01  7.076e-01  7.076e-01  7.076e-01  7.076e-01  7.076e-01  7.076e-01  7.076e-01  7.076e-01  7.076e-01  7.076e-01 	
 7.114e-01  7.114e-01  7.114e-01  7.114e-01  7.114e-01  7.114e-01  7.114e-01  7.114e-01  7.114e-01  7.114e-01  7.114e-01  7.114e-01  7.114e-01  7.114e-01  7.114e-01  7.114e-01  7.114e-01  7.114e-01  7.114e-01  7.114e-01  7.114e-01  7.114e-01  7.114e-01  7.114e-01  7.114e-01  7.114e-01  7.114e-01  7.114e-01  7.114e-01  7.114e-01  7.114e-01  7.114e-01  7.114e-01  7.114e-01  7.114e-01  7.114e-01  7.114e-01  7.114e-01  7.114e-01  7.114e-01  7.114e-01  7.114e-01  7.114e-01  7.114e-01  7.114e-01  7.114e-01  7.114e-01  7.114e-01  7.114e-01  7.114e-01 	
 7.151e-01  7.151e-01  7.151e-01  7.151e-01  7.151e-01  7.151e-01  7.151e-01  7.151e-01  7.151e-01  7.151e-01  7.151e-01  7.151e-01  7.151e-01  7.151e-01  7.151e-01  7.151e-01  7.151e-01  7.151e-01  7.151e-01  7.151e-01  7.151e-01  7.151e-01  7.151e-01  7.151e-01  7.151e-01  7.151e-01  7.151e-01  7.151e-01  7.151e-01  7.151e-01  7.151e-01  7.151e-01  7.151e-01  7.151e-01  7.151e-01  7.151e-01  7.151e-01  7.151e-01  7.151e-01  7.151e-01  7.151e-01  7.151e-01  7.151e-01  7.151e-01  7.151e-01  7.151e-01  7.151e-01  7.151e-01  7.151e-01  7.151e-01 	
 7.185e-01  7.185e-01  7.185e-01  7.185e-01  7.185e-01  7.185e-01  7.185e-01  7.185e-01  7.185e-01  7.185e-01  7.185e-01  7.185e-01  7.185e-01  7.185e-01  7.185e-01  7.185e-01  7.185e-01  7.185e-01  7.185e-01  7.185e-01  7.185e-01  7.185e-01  7.185e-01  7.185e-01  7.185e-01  7.185e-01  7.185e-01  7.185e-01  7.185e-01  7.185e-01  7.185e-01  7.185e-01  7.185e-01  7.185e-01  7.185e-01  7.185e-01  7.185e-01  7.185e-01  7.185e-01  7.185e-01  7.185e-01  7.185e-01  7.185e-01  7.185e-01  7.185e-01  7.185e-01  7.185e-01  7.185e-01  7.185e-01  7.185e-01 	
 7.218e-01  7.218e-01  7.218e-01  7.218e-01  7.218e-01  7.218e-01  7.218e-01  7.218e-01  7.218e-01  7.218e-01  7.218e-01  7.218e-01  7.218e-01  7.218e-01  7.218e-01  7.218e-01  7.218e-01  7.218e-01  7.218e-01  7.218e-01  7.218e-01  7.218e-01  7.218e-01  7.218e-01  7.218e-01  7.218e-01  7.218e-01  7.218e-01  7.218e-01  7.218e-01  7.218e-01  7.218e-01  7.218e-01  7.218e-01  7.218e-01  7.218e-01  7.218e-01  7.218e-01  7.218e-01  7.218e-01  7.218e-01  7.218e-01  7.218e-01  7.218e-01  7.218e-01  7.218e-01  7.218e-01  7.218e-01  7.218e-01  7.218e-01 	
 7.250e-01  7.250e-01  7.250e-01  7.250e-01  7.250e-01  7.250e-01  7.250e-01  7.250e-01  7.250e-01  7.250e-01  7.250e-01  7.250e-01  7.250e-01  7.250e-01  7.250e-01  7.250e-01  7.250e-01  7.250e-01  7.250e-01  7.250e-01  7.250e-01  7.250e-01  7.250e-01  7.250e-01  7.250e-01  7.250e-01  7.250e-01  7.250e-01  7.250e-01  7.250e-01  7.250e-01  7.250e-01  7.250e-01  7.250e-01  7.250e-01  7.250e-01  7.250e-01  7.250e-01  7.250e-01  7.250e-01  7.250e-01  7.250e-01  7.250e-01  7.250e-01  7.250e-01  7.250e-01  7.250e-01  7.250e-01  7.250e-01  7.250e-01 	
 7.280e-01  7.280e-01  7.280e-01  7.280e-01  7.280e-01  7.280e-01  7.280e-01  7.280e-01  7.280e-01  7.280e-01  7.280e-01  7.280e-01  7.280e-01  7.280e-01  7.280e-01  7.280e-01  7.280e-01  7.280e-01  7.280e-01  7.280e-01  7.280e-01  7.280e-01  7.280e-01  7.280e-01  7.280e-01  7.280e-01  7.280e-01  7.280e-01  7.280e-01  7.280e-01  7.280e-01  7.280e-01  7.280e-01  7.280e-01  7.280e-01  7.280e-01  7.280e-01  7.280e-01  7.280e-01  7.280e-01  7.280e-01  7.280e-01  7.280e-01  7.280e-01  7.280e-01  7.280e-01  7.280e-01  7.280e-01  7.280e-01  7.280e-01 	
 7.309e-01  7.309e-01  7.309e-01  7.309e-01  7.309e-01  7.309e-01  7.309e-01  7.309e-01  7.309e-01  7.309e-01  7.309e-01  7.309e-01  7.309e-01  7.309e-01  7.309e-01  7.309e-01  7.309e-01  7.309e-01  7.309e-01  7.309e-01  7.309e-01  7.309e-01  7.309e-01  7.309e-01  7.309e-01  7.309e-01  7.309e-01  7.309e-01  7.309e-01  7.309e-01  7.309e-01  7.309e-01  7.309e-01  7.309e-01  7.309e-01  7.309e-01  7.309e-01  7.309e-01  7.309e-01  7.309e-01  7.309e-01  7.309e-01  7.309e-01  7.309e-01  7.309e-01  7.309e-01  7.309e-01  7.309e-01  7.309e-01  7.309e-01 	
 7.337e-01  7.337e-01  7.337e-01  7.337e-01  7.337e-01  7.337e-01  7.337e-01  7.337e-01  7.337e-01  7.337e-01  7.337e-01  7.337e-01  7.337e-01  7.337e-01  7.337e-01  7.337e-01  7.337e-01  7.337e-01  7.337e-01  7.337e-01  7.337e-01  7.337e-01  7.337e-01  7.337e-01  7.337e-01  7.337e-01  7.337e-01  7.337e-01  7.337e-01  7.337e-01  7.337e-01  7.337e-01  7.337e-01  7.337e-01  7.337e-01  7.337e-01  7.337e-01  7.337e-01  7.337e-01  7.337e-01  7.337e-01  7.337e-01  7.337e-01  7.337e-01  7.337e-01  7.337e-01  7.337e-01  7.337e-01  7.337e-01  7.337e-01 	
 7.363e-01  7.363e-01  7.363e-01  7.363e-01  7.363e-01  7.363e-01  7.363e-01  7.363e-01  7.363e-01  7.363e-01  7.363e-01  7.363e-01  7.363e-01  7.363e-01  7.363e-01  7.363e-01  7.363e-01  7.363e-01  7.363e-01  7.363e-01  7.363e-01  7.363e-01  7.363e-01  7.363e-01  7.363e-01  7.363e-01  7.363e-01  7.363e-01  7.363e-01  7.363e-01  7.363e-01  7.363e-01  7.363e-01  7.363e-01  7.363e-01  7.363e-01  7.363e-01  7.363e-01  7.363e-01  7.363e-01  7.363e-01  7.363e-01  7.363e-01  7.363e-01  7.363e-01  7.363e-01  7.363e-01  7.363e-01  7.363e-01  7.363e-01 	
 7.389e-01  7.389e-01  7.389e-01  7.389e-01  7.389e-01  7.389e-01  7.389e-01  7.389e-01  7.389e-01  7.389e-01  7.389e-01  7.389e-01  7.389e-01  7.389e-01  7.389e-01  7.389e-01  7.389e-01  7.389e-01  7.389e-01  7.389e-01  7.389e-01  7.389e-01  7.389e-01  7.389e-01  7.389e-01  7.389e-01  7.389e-01  7.389e-01  7.389e-01  7.389e-01  7.389e-01  7.389e-01  7.389e-01  7.389e-01  7.389e-01  7.389e-01  7.389e-01  7.389e-01  7.389e-01  7.389e-01  7.389e-01  7.389e-01  7.389e-01  7.389e-01  7.389e-01  7.389e-01  7.389e-01  7.389e-01  7.389e-01  7.389e-01 	
 7.414e-01  7.414e-01  7.414e-01  7.414e-01  7.414e-01  7.414e-01  7.414e-01  7.414e-01  7.414e-01  7.414e-01  7.414e-01  7.414e-01  7.414e-01  7.414e-01  7.414e-01  7.414e-01  7.414e-01  7.414e-01  7.414e-01  7.414e-01  7.414e-01  7.414e-01  7.414e-01  7.414e-01  7.414e-01  7.414e-01  7.414e-01  7.414e-01  7.414e-01  7.414e-01  7.414e-01  7.414e-01  7.414e-01  7.414e-01  7.414e-01  7.414e-01  7.414e-01  7.414e-01  7.414e-01  7.414e-01  7.414e-01  7.414e-01  7.414e-01  7.414e-01  7.414e-01  7.414e-01  7.414e-01  7.414e-01  7.414e-01  7.414e-01 	
 7.438e-01  7.438e-01  7.438e-01  7.438e-01  7.438e-01  7.438e-01  7.438e-01  7.438e-01  7.438e-01  7.438e-01  7.438e-01  7.438e-01  7.438e-01  7.438e-01  7.438e-01  7.438e-01  7.438e-01  7.438e-01  7.438e-01  7.438e-01  7.438e-01  7.438e-01  7.438e-01  7.438e-01  7.438e-01  7.438e-01  7.438e-01  7.438e-01  7.438e-01  7.438e-01  7.438e-01  7.438e-01  7.438e-01  7.438e-01  7.438e-01  7.438e-01  7.438e-01  7.438e-01  7.438e-01  7.438e-01  7.438e-01  7.438e-01  7.438e-01  7.438e-01  7.438e-01  7.438e-01  7.438e-01  7.438e-01  7.438e-01  7.438e-01 	
 7.461e-01  7.461e-01  7.461e-01  7.461e-01  7.461e-01  7.461e-01  7.461e-01  7.461e-01  7.461e-01  7.461e-01  7.461e-01  7.461e-01  7.461e-01  7.461e-01  7.461e-01  7.461e-01  7.461e-01  7.461e-01  7.461e-01  7.461e-01  7.461e-01  7.461e-01  7.461e-01  7.461e-01  7.461e-01  7.461e-01  7.461e-01  7.461e-01  7.461e-01  7.461e-01  7.461e-01  7.461e-01  7.461e-01  7.461e-01  7.461e-01  7.461e-01  7.461e-01  7.461e-01  7.461e-01  7.461e-01  7.461e-01  7.461e-01  7.461e-01  7.461e-01  7.461e-01  7.461e-01  7.461e-01  7.461e-01  7.461e-01  7.461e-01 	
 7.483e-01  7.483e-01  7.483e-01  7.483e-01  7.483e-01  7.483e-01  7.483e-01  7.483e-01  7.483e-01  7.483e-01  7.483e-01  7.483e-01  7.483e-01  7.483e-01  7.483e-01  7.483e-01  7.483e-01  7.483e-01  7.483e-01  7.483e-01  7.483e-01  7.483e-01  7.483e-01  7.483e-01  7.483e-01  7.483e-01  7.483e-01  7.483e-01  7.483e-01  7.483e-01  7.483e-01  7.483e-01  7.483e-01  7.483e-01  7.483e-01  7.483e-01  7.483e-01  7.483e-01  7.483e-01  7.483e-01  7.483e-01  7.483e-01  7.483e-01  7.483e-01  7.483e-01  7.483e-01  7.483e-01  7.483e-01  7.483e-01  7.483e-01 	
 7.504e-01  7.504e-01  7.504e-01  7.504e-01  7.504e-01  7.504e-01  7.504e-01  7.504e-01  7.504e-01  7.504e-01  7.504e-01  7.504e-01  7.504e-01  7.504e-01  7.504e-01  7.504e-01  7.504e-01  7.504e-01  7.504e-01  7.504e-01  7.504e-01  7.504e-01  7.504e-01  7.504e-01  7.504e-01  7.504e-01  7.504e-01  7.504e-01  7.504e-01  7.504e-01  7.504e-01  7.504e-01  7.504e-01  7.504e-01  7.504e-01  7.504e-01  7.504e-01  7.504e-01  7.504e-01  7.504e-01  7.504e-01  7.504e-01  7.504e-01  7.504e-01  7.504e-01  7.504e-01  7.504e-01  7.504e-01  7.504e-01  7.504e-01 	
 7.524e-01  7.524e-01  7.524e-01  7.524e-01  7.524e-01  7.524e-01  7.524e-01  7.524e-01  7.524e-01  7.524e-01  7.524e-01  7.524e-01  7.524e-01  7.524e-01  7.524e-01  7.524e-01  7.524e-01  7.524e-01  7.524e-01  7.524e-01  7.524e-01  7.524e-01  7.524e-01  7.524e-01  7.524e-01  7.524e-01  7.524e-01  7.524e-01  7.524e-01  7.524e-01  7.524e-01  7.524e-01  7.524e-01  7.524e-01  7.524e-01  7.524e-01  7.524e-01  7.524e-01  7.524e-01  7.524e-01  7.524e-01  7.524e-01  7.524e-01  7.524e-01  7.524e-01  7.524e-01  7.524e-01  7.524e-01  7.524e-01  7.524e-01 	
 7.542e-01  7.542e-01  7.542e-01  7.542e-01  7.542e-01  7.542e-01  7.542e-01  7.542e-01  7.542e-01  7.542e-01  7.542e-01  7.542e-01  7.542e-01  7.542e-01  7.542e-01  7.542e-01  7.542e-01  7.542e-01  7.542e-01  7.542e-01  7.542e-01  7.542e-01  7.542e-01  7.542e-01  7.542e-01  7.542e-01  7.542e-01  7.542e-01  7.542e-01  7.542e-01  7.542e-01  7.542e-01  7.542e-01  7.542e-01  7.542e-01  7.542e-01  7.542e-01  7.542e-01  7.542e-01  7.542e-01  7.542e-01  7.542e-01  7.542e-01  7.542e-01  7.542e-01  7.542e-01  7.542e-01  7.542e-01  7.542e-01  7.542e-01 	
 7.560e-01  7.560e-01  7.560e-01  7.560e-01  7.560e-01  7.560e-01  7.560e-01  7.560e-01  7.560e-01  7.560e-01  7.560e-01  7.560e-01  7.560e-01  7.560e-01  7.560e-01  7.560e-01  7.560e-01  7.560e-01  7.560e-01  7.560e-01  7.560e-01  7.560e-01  7.560e-01  7.560e-01  7.560e-01  7.560e-01  7.560e-01  7.560e-01  7.560e-01  7.560e-01  7.560e-01  7.560e-01  7.560e-01  7.560e-01  7.560e-01  7.560e-01  7.560e-01  7.560e-01  7.560e-01  7.560e-01  7.560e-01  7.560e-01  7.560e-01  7.560e-01  7.560e-01  7.560e-01  7.560e-01  7.560e-01  7.560e-01  7.560e-01 	
 7.576e-01  7.576e-01  7.576e-01  7.576e-01  7.576e-01  7.576e-01  7.576e-01  7.576e-01  7.576e-01  7.576e-01  7.576e-01  7.576e-01  7.576e-01  7.576e-01  7.576e-01  7.576e-01  7.576e-01  7.576e-01  7.576e-01  7.576e-01  7.576e-01  7.576e-01  7.576e-01  7.576e-01  7.576e-01  7.576e-01  7.576e-01  7.576e-01  7.576e-01  7.576e-01  7.576e-01  7.576e-01  7.576e-01  7.576e-01  7.576e-01  7.576e-01  7.576e-01  7.576e-01  7.576e-01  7.576e-01  7.576e-01  7.576e-01  7.576e-01  7.576e-01  7.576e-01  7.576e-01  7.576e-01  7.576e-01  7.576e-01  7.576e-01 	
 7.591e-01  7.591e-01  7.591e-01  7.591e-01  7.591e-01  7.591e-01  7.591e-01  7.591e-01  7.591e-01  7.591e-01  7.591e-01  7.591e-01  7.591e-01  7.591e-01  7.591e-01  7.591e-01  7.591e-01  7.591e-01  7.591e-01  7.591e-01  7.591e-01  7.591e-01  7.591e-01  7.591e-01  7.591e-01  7.591e-01  7.591e-01  7.591e-01  7.591e-01  7.591e-01  7.591e-01  7.591e-01  7.591e-01  7.591e-01  7.591e-01  7.591e-01  7.591e-01  7.591e-01  7.591e-01  7.591e-01  7.591e-01  7.591e-01  7.591e-01  7.591e-01  7.591e-01  7.591e-01  7.591e-01  7.591e-01  7.591e-01  7.591e-01 	
 7.605e-01  7.605e-01  7.605e-01  7.605e-01  7.605e-01  7.605e-01  7.605e-01  7.605e-01  7.605e-01  7.605e-01  7.605e-01  7.605e-01  7.605e-01  7.605e-01  7.605e-01  7.605e-01  7.605e-01  7.605e-01  7.605e-01  7.605e-01  7.605e-01  7.605e-01  7.605e-01  7.605e-01  7.605e-01  7.605e-01  7.605e-01  7.605e-01  7.605e-01  7.605e-01  7.605e-01  7.605e-01  7.605e-01  7.605e-01  7.605e-01  7.605e-01  7.605e-01  7.605e-01  7.605e-01  7.605e-01  7.605e-01  7.605e-01  7.605e-01  7.605e-01  7.605e-01  7.605e-01  7.605e-01  7.605e-01  7.605e-01  7.605e-01 	
 7.618e-01  7.618e-01  7.618e-01  7.618e-01  7.618e-01  7.618e-01  7.618e-01  7.618e-01  7.618e-01  7.618e-01  7.618e-01  7.618e-01  7.618e-01  7.618e-01  7.618e-01  7.618e-01  7.618e-01  7.618e-01  7.618e-01  7.618e-01  7.618e-01  7.618e-01  7.618e-01  7.618e-01  7.618e-01  7.618e-01  7.618e-01  7.618e-01  7.618e-01  7.618e-01  7.618e-01  7.618e-01  7.618e-01  7.618e-01  7.618e-01  7.618e-01  7.618e-01  7.618e-01  7.618e-01  7.618e-01  7.618e-01  7.618e-01  7.618e-01  7.618e-01  7.618e-01  7.618e-01  7.618e-01  7.618e-01  7.618e-01  7.618e-01 	
 7.629e-01  7.629e-01  7.629e-01  7.629e-01  7.629e-01  7.629e-01  7.629e-01  7.629e-01  7.629e-01  7.629e-01  7.629e-01  7.629e-01  7.629e-01  7.629e-01  7.629e-01  7.629e-01  7.629e-01  7.629e-01  7.629e-01  7.629e-01  7.629e-01  7.629e-01  7.629e-01  7.629e-01  7.629e-01  7.629e-01  7.629e-01  7.629e-01  7.629e-01  7.629e-01  7.629e-01  7.629e-01  7.629e-01  7.629e-01  7.629e-01  7.629e-01  7.629e-01  7.629e-01  7.629e-01  7.629e-01  7.629e-01  7.629e-01  7.629e-01  7.629e-01  7.629e-01  7.629e-01  7.629e-01  7.629e-01  7.629e-01  7.629e-01 	
 7.639e-01  7.639e-01  7.639e-01  7.639e-01  7.639e-01  7.639e-01  7.639e-01  7.639e-01  7.639e-01  7.639e-01  7.639e-01  7.639e-01  7.639e-01  7.639e-01  7.639e-01  7.639e-01  7.639e-01  7.639e-01  7.639e-01  7.639e-01  7.639e-01  7.639e-01  7.639e-01  7.639e-01  7.639e-01  7.639e-01  7.639e-01  7.639e-01  7.639e-01  7.639e-01  7.639e-01  7.639e-01  7.639e-01  7.639e-01  7.639e-01  7.639e-01  7.639e-01  7.639e-01  7.639e-01  7.639e-01  7.639e-01  7.639e-01  7.639e-01  7.639e-01  7.639e-01  7.639e-01  7.639e-01  7.639e-01  7.639e-01  7.639e-01 	
 7.649e-01  7.649e-01  7.649e-01  7.649e-01  7.649e-01  7.649e-01  7.649e-01  7.649e-01  7.649e-01  7.649e-01  7.649e-01  7.649e-01  7.649e-01  7.649e-01  7.649e-01  7.649e-01  7.649e-01  7.649e-01  7.649e-01  7.649e-01  7.649e-01  7.649e-01  7.649e-01  7.649e-01  7.649e-01  7.649e-01  7.649e-01  7.649e-01  7.649e-01  7.649e-01  7.649e-01  7.649e-01  7.649e-01  7.649e-01  7.649e-01  7.649e-01  7.649e-01  7.649e-01  7.649e-01  7.649e-01  7.649e-01  7.649e-01  7.649e-01  7.649e-01  7.649e-01  7.649e-01  7.649e-01  7.649e-01  7.649e-01  7.649e-01 	
 7.657e-01  7.657e-01  7.657e-01  7.657e-01  7.657e-01  7.657e-01  7.657e-01  7.657e-01  7.657e-01  7.657e-01  7.657e-01  7.657e-01  7.657e-01  7.657e-01  7.657e-01  7.657e-01  7.657e-01  7.657e-01  7.657e-01  7.657e-01  7.657e-01  7.657e-01  7.657e-01  7.657e-01  7.657e-01  7.657e-01  7.657e-01  7.657e-01  7.657e-01  7.657e-01  7.657e-01  7.657e-01  7.657e-01  7.657e-01  7.657e-01  7.657e-01  7.657e-01  7.657e-01  7.657e-01  7.657e-01  7.657e-01  7.657e-01  7.657e-01  7.657e-01  7.657e-01  7.657e-01  7.657e-01  7.657e-01  7.657e-01  7.657e-01 	
 7.664e-01  7.664e-01  7.664e-01  7.664e-01  7.664e-01  7.664e-01  7.664e-01  7.664e-01  7.664e-01  7.664e-01  7.664e-01  7.664e-01  7.664e-01  7.664e-01  7.664e-01  7.664e-01  7.664e-01  7.664e-01  7.664e-01  7.664e-01  7.664e-01  7.664e-01  7.664e-01  7.664e-01  7.664e-01  7.664e-01  7.664e-01  7.664e-01  7.664e-01  7.664e-01  7.664e-01  7.664e-01  7.664e-01  7.664e-01  7.664e-01  7.664e-01  7.664e-01  7.664e-01  7.664e-01  7.664e-01  7.664e-01  7.664e-01  7.664e-01  7.664e-01  7.664e-01  7.664e-01  7.664e-01  7.664e-01  7.664e-01  7.664e-01 	
 7.671e-01  7.671e-01  7.671e-01  7.671e-01  7.671e-01  7.671e-01  7.671e-01  7.671e-01  7.671e-01  7.671e-01  7.671e-01  7.671e-01  7.671e-01  7.671e-01  7.671e-01  7.671e-01  7.671e-01  7.671e-01  7.671e-01  7.671e-01  7.671e-01  7.671e-01  7.671e-01  7.671e-01  7.671e-01  7.671e-01  7.671e-01  7.671e-01  7.671e-01  7.671e-01  7.671e-01  7.671e-01  7.671e-01  7.671e-01  7.671e-01  7.671e-01  7.671e-01  7.671e-01  7.671e-01  7.671e-01  7.671e-01  7.671e-01  7.671e-01  7.671e-01  7.671e-01  7.671e-01  7.671e-01  7.671e-01  7.671e-01  7.671e-01 	
 7.676e-01  7.676e-01  7.676e-01  7.676e-01  7.676e-01  7.676e-01  7.676e-01  7.676e-01  7.676e-01  7.676e-01  7.676e-01  7.676e-01  7.676e-01  7.676e-01  7.676e-01  7.676e-01  7.676e-01  7.676e-01  7.676e-01  7.676e-01  7.676e-01  7.676e-01  7.676e-01  7.676e-01  7.676e-01  7.676e-01  7.676e-01  7.676e-01  7.676e-01  7.676e-01  7.676e-01  7.676e-01  7.676e-01  7.676e-01  7.676e-01  7.676e-01  7.676e-01  7.676e-01  7.676e-01  7.676e-01  7.676e-01  7.676e-01  7.676e-01  7.676e-01  7.676e-01  7.676e-01  7.676e-01  7.676e-01  7.676e-01  7.676e-01 	
 7.681e-01  7.681e-01  7.681e-01  7.681e-01  7.681e-01  7.681e-01  7.681e-01  7.681e-01  7.681e-01  7.681e-01  7.681e-01  7.681e-01  7.681e-01  7.681e-01  7.681e-01  7.681e-01  7.681e-01  7.681e-01  7.681e-01  7.681e-01  7.681e-01  7.681e-01  7.681e-01  7.681e-01  7.681e-01  7.681e-01  7.681e-01  7.681e-01  7.681e-01  7.681e-01  7.681e-01  7.681e-01  7.681e-01  7.681e-01  7.681e-01  7.681e-01  7.681e-01  7.681e-01  7.681e-01  7.681e-01  7.681e-01  7.681e-01  7.681e-01  7.681e-01  7.681e-01  7.681e-01  7.681e-01  7.681e-01  7.681e-01  7.681e-01 	
 7.686e-01  7.686e-01  7.686e-01  7.686e-01  7.686e-01  7.686e-01  7.686e-01  7.686e-01  7.686e-01  7.686e-01  7.686e-01  7.686e-01  7.686e-01  7.686e-01  7.686e-01  7.686e-01  7.686e-01  7.686e-01  7.686e-01  7.686e-01  7.686e-01  7.686e-01  7.686e-01  7.686e-01  7.686e-01  7.686e-01  7.686e-01  7.686e-01  7.686e-01  7.686e-01  7.686e-01  7.686e-01  7.686e-01  7.686e-01  7.686e-01  7.686e-01  7.686e-01  7.686e-01  7.686e-01  7.686e-01  7.686e-01  7.686e-01  7.686e-01  7.686e-01  7.686e-01  7.686e-01  7.686e-01  7.686e-01  7.686e-01  7.686e-01 	
 7.689e-01  7.689e-01  7.689e-01  7.689e-01  7.689e-01  7.689e-01  7.689e-01  7.689e-01  7.689e-01  7.689e-01  7.689e-01  7.689e-01  7.689e-01  7.689e-01  7.689e-01  7.689e-01  7.689e-01  7.689e-01  7.689e-01  7.689e-01  7.689e-01  7.689e-01  7.689e-01  7.689e-01  7.689e-01  7.689e-01  7.689e-01  7.689e-01  7.689e-01  7.689e-01  7.689e-01  7.689e-01  7.689e-01  7.689e-01  7.689e-01  7.689e-01  7.689e-01  7.689e-01  7.689e-01  7.689e-01  7.689e-01  7.689e-01  7.689e-01  7.689e-01  7.689e-01  7.689e-01  7.689e-01  7.689e-01  7.689e-01  7.689e-01 	
 7.692e-01  7.692e-01  7.692e-01  7.692e-01  7.692e-01  7.692e-01  7.692e-01  7.692e-01  7.692e-01  7.692e-01  7.692e-01  7.692e-01  7.692e-01  7.692e-01  7.692e-01  7.692e-01  7.692e-01  7.692e-01  7.692e-01  7.692e-01  7.692e-01  7.692e-01  7.692e-01  7.692e-01  7.692e-01  7.692e-01  7.692e-01  7.692e-01  7.692e-01  7.692e-01  7.692e-01  7.692e-01  7.692e-01  7.692e-01  7.692e-01  7.692e-01  7.692e-01  7.692e-01  7.692e-01  7.692e-01  7.692e-01  7.692e-01  7.692e-01  7.692e-01  7.692e-01  7.692e-01  7.692e-01  7.692e-01  7.692e-01  7.692e-01 	
 7.695e-01  7.695e-01  7.695e-01  7.695e-01  7.695e-01  7.695e-01  7.695e-01  7.695e-01  7.695e-01  7.695e-01  7.695e-01  7.695e-01  7.695e-01  7.695e-01  7.695e-01  7.695e-01  7.695e-01  7.695e-01  7.695e-01  7.695e-01  7.695e-01  7.695e-01  7.695e-01  7.695e-01  7.695e-01  7.695e-01  7.695e-01  7.695e-01  7.695e-01  7.695e-01  7.695e-01  7.695e-01  7.695e-01  7.695e-01  7.695e-01  7.695e-01  7.695e-01  7.695e-01  7.695e-01  7.695e-01  7.695e-01  7.695e-01  7.695e-01  7.695e-01  7.695e-01  7.695e-01  7.695e-01  7.695e-01  7.695e-01  7.695e-01 	
 7.697e-01  7.697e-01  7.697e-01  7.697e-01  7.697e-01  7.697e-01  7.697e-01  7.697e-01  7.697e-01  7.697e-01  7.697e-01  7.697e-01  7.697e-01  7.697e-01  7.697e-01  7.697e-01  7.697e-01  7.697e-01  7.697e-01  7.697e-01  7.697e-01  7.697e-01  7.697e-01  7.697e-01  7.697e-01  7.697e-01  7.697e-01  7.697e-01  7.697e-01  7.697e-01  7.697e-01  7.697e-01  7.697e-01  7.697e-01  7.697e-01  7.697e-01  7.697e-01  7.697e-01  7.697e-01  7.697e-01  7.697e-01  7.697e-01  7.697e-01  7.697e-01  7.697e-01  7.697e-01  7.697e-01  7.697e-01  7.697e-01  7.697e-01 	
 7.699e-01  7.699e-01  7.699e-01  7.699e-01  7.699e-01  7.699e-01  7.699e-01  7.699e-01  7.699e-01  7.699e-01  7.699e-01  7.699e-01  7.699e-01  7.699e-01  7.699e-01  7.699e-01  7.699e-01  7.699e-01  7.699e-01  7.699e-01  7.699e-01  7.699e-01  7.699e-01  7.699e-01  7.699e-01  7.699e-01  7.699e-01  7.699e-01  7.699e-01  7.699e-01  7.699e-01  7.699e-01  7.699e-01  7.699e-01  7.699e-01  7.699e-01  7.699e-01  7.699e-01  7.699e-01  7.699e-01  7.699e-01  7.699e-01  7.699e-01  7.699e-01  7.699e-01  7.699e-01  7.699e-01  7.699e-01  7.699e-01  7.699e-01 	
