 6.176e-01  6.176e-01  6.176e-01  6.176e-01  6.176e-01  6.176e-01  6.176e-01  6.176e-01  6.176e-01  6.176e-01  6.176e-01  6.176e-01  6.176e-01  6.176e-01  6.176e-01  6.176e-01  6.176e-01  6.176e-01  6.176e-01  6.176e-01  6.176e-01  6.176e-01  6.176e-01  6.176e-01  6.176e-01  6.176e-01  6.176e-01  6.176e-01  6.176e-01  6.176e-01  6.176e-01  6.176e-01  6.176e-01  6.176e-01  6.176e-01  6.176e-01  6.176e-01  6.176e-01  6.176e-01  6.176e-01  6.176e-01  6.176e-01  6.176e-01  6.176e-01  6.176e-01  6.176e-01  6.176e-01  6.176e-01  6.176e-01  6.176e-01 	
 6.529e-01  6.529e-01  6.529e-01  6.529e-01  6.529e-01  6.529e-01  6.529e-01  6.529e-01  6.529e-01  6.529e-01  6.529e-01  6.529e-01  6.529e-01  6.529e-01  6.529e-01  6.529e-01  6.529e-01  6.529e-01  6.529e-01  6.529e-01  6.529e-01  6.529e-01  6.529e-01  6.529e-01  6.529e-01  6.529e-01  6.529e-01  6.529e-01  6.529e-01  6.529e-01  6.529e-01  6.529e-01  6.529e-01  6.529e-01  6.529e-01  6.529e-01  6.529e-01  6.529e-01  6.529e-01  6.529e-01  6.529e-01  6.529e-01  6.529e-01  6.529e-01  6.529e-01  6.529e-01  6.529e-01  6.529e-01  6.529e-01  6.529e-01 	
 6.659e-01  6.659e-01  6.659e-01  6.659e-01  6.659e-01  6.659e-01  6.659e-01  6.659e-01  6.659e-01  6.659e-01  6.659e-01  6.659e-01  6.659e-01  6.659e-01  6.659e-01  6.659e-01  6.659e-01  6.659e-01  6.659e-01  6.659e-01  6.659e-01  6.659e-01  6.659e-01  6.659e-01  6.659e-01  6.659e-01  6.659e-01  6.659e-01  6.659e-01  6.659e-01  6.659e-01  6.659e-01  6.659e-01  6.659e-01  6.659e-01  6.659e-01  6.659e-01  6.659e-01  6.659e-01  6.659e-01  6.659e-01  6.659e-01  6.659e-01  6.659e-01  6.659e-01  6.659e-01  6.659e-01  6.659e-01  6.659e-01  6.659e-01 	
 6.630e-01  6.630e-01  6.630e-01  6.630e-01  6.630e-01  6.630e-01  6.630e-01  6.630e-01  6.630e-01  6.630e-01  6.630e-01  6.630e-01  6.630e-01  6.630e-01  6.630e-01  6.630e-01  6.630e-01  6.630e-01  6.630e-01  6.630e-01  6.630e-01  6.630e-01  6.630e-01  6.630e-01  6.630e-01  6.630e-01  6.630e-01  6.630e-01  6.630e-01  6.630e-01  6.630e-01  6.630e-01  6.630e-01  6.630e-01  6.630e-01  6.630e-01  6.630e-01  6.630e-01  6.630e-01  6.630e-01  6.630e-01  6.630e-01  6.630e-01  6.630e-01  6.630e-01  6.630e-01  6.630e-01  6.630e-01  6.630e-01  6.630e-01 	
 6.650e-01  6.650e-01  6.650e-01  6.650e-01  6.650e-01  6.650e-01  6.650e-01  6.650e-01  6.650e-01  6.650e-01  6.650e-01  6.650e-01  6.650e-01  6.650e-01  6.650e-01  6.650e-01  6.650e-01  6.650e-01  6.650e-01  6.650e-01  6.650e-01  6.650e-01  6.650e-01  6.650e-01  6.650e-01  6.650e-01  6.650e-01  6.650e-01  6.650e-01  6.650e-01  6.650e-01  6.650e-01  6.650e-01  6.650e-01  6.650e-01  6.650e-01  6.650e-01  6.650e-01  6.650e-01  6.650e-01  6.650e-01  6.650e-01  6.650e-01  6.650e-01  6.650e-01  6.650e-01  6.650e-01  6.650e-01  6.650e-01  6.650e-01 	
 6.814e-01  6.814e-01  6.814e-01  6.814e-01  6.814e-01  6.814e-01  6.814e-01  6.814e-01  6.814e-01  6.814e-01  6.814e-01  6.814e-01  6.814e-01  6.814e-01  6.814e-01  6.814e-01  6.814e-01  6.814e-01  6.814e-01  6.814e-01  6.814e-01  6.814e-01  6.814e-01  6.814e-01  6.814e-01  6.814e-01  6.814e-01  6.814e-01  6.814e-01  6.814e-01  6.814e-01  6.814e-01  6.814e-01  6.814e-01  6.814e-01  6.814e-01  6.814e-01  6.814e-01  6.814e-01  6.814e-01  6.814e-01  6.814e-01  6.814e-01  6.814e-01  6.814e-01  6.814e-01  6.814e-01  6.814e-01  6.814e-01  6.814e-01 	
 6.908e-01  6.908e-01  6.908e-01  6.908e-01  6.908e-01  6.908e-01  6.908e-01  6.908e-01  6.908e-01  6.908e-01  6.908e-01  6.908e-01  6.908e-01  6.908e-01  6.908e-01  6.908e-01  6.908e-01  6.908e-01  6.908e-01  6.908e-01  6.908e-01  6.908e-01  6.908e-01  6.908e-01  6.908e-01  6.908e-01  6.908e-01  6.908e-01  6.908e-01  6.908e-01  6.908e-01  6.908e-01  6.908e-01  6.908e-01  6.908e-01  6.908e-01  6.908e-01  6.908e-01  6.908e-01  6.908e-01  6.908e-01  6.908e-01  6.908e-01  6.908e-01  6.908e-01  6.908e-01  6.908e-01  6.908e-01  6.908e-01  6.908e-01 	
 6.919e-01  6.919e-01  6.919e-01  6.919e-01  6.919e-01  6.919e-01  6.919e-01  6.919e-01  6.919e-01  6.919e-01  6.919e-01  6.919e-01  6.919e-01  6.919e-01  6.919e-01  6.919e-01  6.919e-01  6.919e-01  6.919e-01  6.919e-01  6.919e-01  6.919e-01  6.919e-01  6.919e-01  6.919e-01  6.919e-01  6.919e-01  6.919e-01  6.919e-01  6.919e-01  6.919e-01  6.919e-01  6.919e-01  6.919e-01  6.919e-01  6.919e-01  6.919e-01  6.919e-01  6.919e-01  6.919e-01  6.919e-01  6.919e-01  6.919e-01  6.919e-01  6.919e-01  6.919e-01  6.919e-01  6.919e-01  6.919e-01  6.919e-01 	
 7.019e-01  7.019e-01  7.019e-01  7.019e-01  7.019e-01  7.019e-01  7.019e-01  7.019e-01  7.019e-01  7.019e-01  7.019e-01  7.019e-01  7.019e-01  7.019e-01  7.019e-01  7.019e-01  7.019e-01  7.019e-01  7.019e-01  7.019e-01  7.019e-01  7.019e-01  7.019e-01  7.019e-01  7.019e-01  7.019e-01  7.019e-01  7.019e-01  7.019e-01  7.019e-01  7.019e-01  7.019e-01  7.019e-01  7.019e-01  7.019e-01  7.019e-01  7.019e-01  7.019e-01  7.019e-01  7.019e-01  7.019e-01  7.019e-01  7.019e-01  7.019e-01  7.019e-01  7.019e-01  7.019e-01  7.019e-01  7.019e-01  7.019e-01 	
 7.049e-01  7.049e-01  7.049e-01  7.049e-01  7.049e-01  7.049e-01  7.049e-01  7.049e-01  7.049e-01  7.049e-01  7.049e-01  7.049e-01  7.049e-01  7.049e-01  7.049e-01  7.049e-01  7.049e-01  7.049e-01  7.049e-01  7.049e-01  7.049e-01  7.049e-01  7.049e-01  7.049e-01  7.049e-01  7.049e-01  7.049e-01  7.049e-01  7.049e-01  7.049e-01  7.049e-01  7.049e-01  7.049e-01  7.049e-01  7.049e-01  7.049e-01  7.049e-01  7.049e-01  7.049e-01  7.049e-01  7.049e-01  7.049e-01  7.049e-01  7.049e-01  7.049e-01  7.049e-01  7.049e-01  7.049e-01  7.049e-01  7.049e-01 	
 7.118e-01  7.118e-01  7.118e-01  7.118e-01  7.118e-01  7.118e-01  7.118e-01  7.118e-01  7.118e-01  7.118e-01  7.118e-01  7.118e-01  7.118e-01  7.118e-01  7.118e-01  7.118e-01  7.118e-01  7.118e-01  7.118e-01  7.118e-01  7.118e-01  7.118e-01  7.118e-01  7.118e-01  7.118e-01  7.118e-01  7.118e-01  7.118e-01  7.118e-01  7.118e-01  7.118e-01  7.118e-01  7.118e-01  7.118e-01  7.118e-01  7.118e-01  7.118e-01  7.118e-01  7.118e-01  7.118e-01  7.118e-01  7.118e-01  7.118e-01  7.118e-01  7.118e-01  7.118e-01  7.118e-01  7.118e-01  7.118e-01  7.118e-01 	
 7.151e-01  7.151e-01  7.151e-01  7.151e-01  7.151e-01  7.151e-01  7.151e-01  7.151e-01  7.151e-01  7.151e-01  7.151e-01  7.151e-01  7.151e-01  7.151e-01  7.151e-01  7.151e-01  7.151e-01  7.151e-01  7.151e-01  7.151e-01  7.151e-01  7.151e-01  7.151e-01  7.151e-01  7.151e-01  7.151e-01  7.151e-01  7.151e-01  7.151e-01  7.151e-01  7.151e-01  7.151e-01  7.151e-01  7.151e-01  7.151e-01  7.151e-01  7.151e-01  7.151e-01  7.151e-01  7.151e-01  7.151e-01  7.151e-01  7.151e-01  7.151e-01  7.151e-01  7.151e-01  7.151e-01  7.151e-01  7.151e-01  7.151e-01 	
 7.196e-01  7.196e-01  7.196e-01  7.196e-01  7.196e-01  7.196e-01  7.196e-01  7.196e-01  7.196e-01  7.196e-01  7.196e-01  7.196e-01  7.196e-01  7.196e-01  7.196e-01  7.196e-01  7.196e-01  7.196e-01  7.196e-01  7.196e-01  7.196e-01  7.196e-01  7.196e-01  7.196e-01  7.196e-01  7.196e-01  7.196e-01  7.196e-01  7.196e-01  7.196e-01  7.196e-01  7.196e-01  7.196e-01  7.196e-01  7.196e-01  7.196e-01  7.196e-01  7.196e-01  7.196e-01  7.196e-01  7.196e-01  7.196e-01  7.196e-01  7.196e-01  7.196e-01  7.196e-01  7.196e-01  7.196e-01  7.196e-01  7.196e-01 	
 7.239e-01  7.239e-01  7.239e-01  7.239e-01  7.239e-01  7.239e-01  7.239e-01  7.239e-01  7.239e-01  7.239e-01  7.239e-01  7.239e-01  7.239e-01  7.239e-01  7.239e-01  7.239e-01  7.239e-01  7.239e-01  7.239e-01  7.239e-01  7.239e-01  7.239e-01  7.239e-01  7.239e-01  7.239e-01  7.239e-01  7.239e-01  7.239e-01  7.239e-01  7.239e-01  7.239e-01  7.239e-01  7.239e-01  7.239e-01  7.239e-01  7.239e-01  7.239e-01  7.239e-01  7.239e-01  7.239e-01  7.239e-01  7.239e-01  7.239e-01  7.239e-01  7.239e-01  7.239e-01  7.239e-01  7.239e-01  7.239e-01  7.239e-01 	
 7.276e-01  7.276e-01  7.276e-01  7.276e-01  7.276e-01  7.276e-01  7.276e-01  7.276e-01  7.276e-01  7.276e-01  7.276e-01  7.276e-01  7.276e-01  7.276e-01  7.276e-01  7.276e-01  7.276e-01  7.276e-01  7.276e-01  7.276e-01  7.276e-01  7.276e-01  7.276e-01  7.276e-01  7.276e-01  7.276e-01  7.276e-01  7.276e-01  7.276e-01  7.276e-01  7.276e-01  7.276e-01  7.276e-01  7.276e-01  7.276e-01  7.276e-01  7.276e-01  7.276e-01  7.276e-01  7.276e-01  7.276e-01  7.276e-01  7.276e-01  7.276e-01  7.276e-01  7.276e-01  7.276e-01  7.276e-01  7.276e-01  7.276e-01 	
 7.309e-01  7.309e-01  7.309e-01  7.309e-01  7.309e-01  7.309e-01  7.309e-01  7.309e-01  7.309e-01  7.309e-01  7.309e-01  7.309e-01  7.309e-01  7.309e-01  7.309e-01  7.309e-01  7.309e-01  7.309e-01  7.309e-01  7.309e-01  7.309e-01  7.309e-01  7.309e-01  7.309e-01  7.309e-01  7.309e-01  7.309e-01  7.309e-01  7.309e-01  7.309e-01  7.309e-01  7.309e-01  7.309e-01  7.309e-01  7.309e-01  7.309e-01  7.309e-01  7.309e-01  7.309e-01  7.309e-01  7.309e-01  7.309e-01  7.309e-01  7.309e-01  7.309e-01  7.309e-01  7.309e-01  7.309e-01  7.309e-01  7.309e-01 	
 7.342e-01  7.342e-01  7.342e-01  7.342e-01  7.342e-01  7.342e-01  7.342e-01  7.342e-01  7.342e-01  7.342e-01  7.342e-01  7.342e-01  7.342e-01  7.342e-01  7.342e-01  7.342e-01  7.342e-01  7.342e-01  7.342e-01  7.342e-01  7.342e-01  7.342e-01  7.342e-01  7.342e-01  7.342e-01  7.342e-01  7.342e-01  7.342e-01  7.342e-01  7.342e-01  7.342e-01  7.342e-01  7.342e-01  7.342e-01  7.342e-01  7.342e-01  7.342e-01  7.342e-01  7.342e-01  7.342e-01  7.342e-01  7.342e-01  7.342e-01  7.342e-01  7.342e-01  7.342e-01  7.342e-01  7.342e-01  7.342e-01  7.342e-01 	
 7.373e-01  7.373e-01  7.373e-01  7.373e-01  7.373e-01  7.373e-01  7.373e-01  7.373e-01  7.373e-01  7.373e-01  7.373e-01  7.373e-01  7.373e-01  7.373e-01  7.373e-01  7.373e-01  7.373e-01  7.373e-01  7.373e-01  7.373e-01  7.373e-01  7.373e-01  7.373e-01  7.373e-01  7.373e-01  7.373e-01  7.373e-01  7.373e-01  7.373e-01  7.373e-01  7.373e-01  7.373e-01  7.373e-01  7.373e-01  7.373e-01  7.373e-01  7.373e-01  7.373e-01  7.373e-01  7.373e-01  7.373e-01  7.373e-01  7.373e-01  7.373e-01  7.373e-01  7.373e-01  7.373e-01  7.373e-01  7.373e-01  7.373e-01 	
 7.402e-01  7.402e-01  7.402e-01  7.402e-01  7.402e-01  7.402e-01  7.402e-01  7.402e-01  7.402e-01  7.402e-01  7.402e-01  7.402e-01  7.402e-01  7.402e-01  7.402e-01  7.402e-01  7.402e-01  7.402e-01  7.402e-01  7.402e-01  7.402e-01  7.402e-01  7.402e-01  7.402e-01  7.402e-01  7.402e-01  7.402e-01  7.402e-01  7.402e-01  7.402e-01  7.402e-01  7.402e-01  7.402e-01  7.402e-01  7.402e-01  7.402e-01  7.402e-01  7.402e-01  7.402e-01  7.402e-01  7.402e-01  7.402e-01  7.402e-01  7.402e-01  7.402e-01  7.402e-01  7.402e-01  7.402e-01  7.402e-01  7.402e-01 	
 7.429e-01  7.429e-01  7.429e-01  7.429e-01  7.429e-01  7.429e-01  7.429e-01  7.429e-01  7.429e-01  7.429e-01  7.429e-01  7.429e-01  7.429e-01  7.429e-01  7.429e-01  7.429e-01  7.429e-01  7.429e-01  7.429e-01  7.429e-01  7.429e-01  7.429e-01  7.429e-01  7.429e-01  7.429e-01  7.429e-01  7.429e-01  7.429e-01  7.429e-01  7.429e-01  7.429e-01  7.429e-01  7.429e-01  7.429e-01  7.429e-01  7.429e-01  7.429e-01  7.429e-01  7.429e-01  7.429e-01  7.429e-01  7.429e-01  7.429e-01  7.429e-01  7.429e-01  7.429e-01  7.429e-01  7.429e-01  7.429e-01  7.429e-01 	
 7.455e-01  7.455e-01  7.455e-01  7.455e-01  7.455e-01  7.455e-01  7.455e-01  7.455e-01  7.455e-01  7.455e-01  7.455e-01  7.455e-01  7.455e-01  7.455e-01  7.455e-01  7.455e-01  7.455e-01  7.455e-01  7.455e-01  7.455e-01  7.455e-01  7.455e-01  7.455e-01  7.455e-01  7.455e-01  7.455e-01  7.455e-01  7.455e-01  7.455e-01  7.455e-01  7.455e-01  7.455e-01  7.455e-01  7.455e-01  7.455e-01  7.455e-01  7.455e-01  7.455e-01  7.455e-01  7.455e-01  7.455e-01  7.455e-01  7.455e-01  7.455e-01  7.455e-01  7.455e-01  7.455e-01  7.455e-01  7.455e-01  7.455e-01 	
 7.480e-01  7.480e-01  7.480e-01  7.480e-01  7.480e-01  7.480e-01  7.480e-01  7.480e-01  7.480e-01  7.480e-01  7.480e-01  7.480e-01  7.480e-01  7.480e-01  7.480e-01  7.480e-01  7.480e-01  7.480e-01  7.480e-01  7.480e-01  7.480e-01  7.480e-01  7.480e-01  7.480e-01  7.480e-01  7.480e-01  7.480e-01  7.480e-01  7.480e-01  7.480e-01  7.480e-01  7.480e-01  7.480e-01  7.480e-01  7.480e-01  7.480e-01  7.480e-01  7.480e-01  7.480e-01  7.480e-01  7.480e-01  7.480e-01  7.480e-01  7.480e-01  7.480e-01  7.480e-01  7.480e-01  7.480e-01  7.480e-01  7.480e-01 	
 7.504e-01  7.504e-01  7.504e-01  7.504e-01  7.504e-01  7.504e-01  7.504e-01  7.504e-01  7.504e-01  7.504e-01  7.504e-01  7.504e-01  7.504e-01  7.504e-01  7.504e-01  7.504e-01  7.504e-01  7.504e-01  7.504e-01  7.504e-01  7.504e-01  7.504e-01  7.504e-01  7.504e-01  7.504e-01  7.504e-01  7.504e-01  7.504e-01  7.504e-01  7.504e-01  7.504e-01  7.504e-01  7.504e-01  7.504e-01  7.504e-01  7.504e-01  7.504e-01  7.504e-01  7.504e-01  7.504e-01  7.504e-01  7.504e-01  7.504e-01  7.504e-01  7.504e-01  7.504e-01  7.504e-01  7.504e-01  7.504e-01  7.504e-01 	
 7.527e-01  7.527e-01  7.527e-01  7.527e-01  7.527e-01  7.527e-01  7.527e-01  7.527e-01  7.527e-01  7.527e-01  7.527e-01  7.527e-01  7.527e-01  7.527e-01  7.527e-01  7.527e-01  7.527e-01  7.527e-01  7.527e-01  7.527e-01  7.527e-01  7.527e-01  7.527e-01  7.527e-01  7.527e-01  7.527e-01  7.527e-01  7.527e-01  7.527e-01  7.527e-01  7.527e-01  7.527e-01  7.527e-01  7.527e-01  7.527e-01  7.527e-01  7.527e-01  7.527e-01  7.527e-01  7.527e-01  7.527e-01  7.527e-01  7.527e-01  7.527e-01  7.527e-01  7.527e-01  7.527e-01  7.527e-01  7.527e-01  7.527e-01 	
 7.549e-01  7.549e-01  7.549e-01  7.549e-01  7.549e-01  7.549e-01  7.549e-01  7.549e-01  7.549e-01  7.549e-01  7.549e-01  7.549e-01  7.549e-01  7.549e-01  7.549e-01  7.549e-01  7.549e-01  7.549e-01  7.549e-01  7.549e-01  7.549e-01  7.549e-01  7.549e-01  7.549e-01  7.549e-01  7.549e-01  7.549e-01  7.549e-01  7.549e-01  7.549e-01  7.549e-01  7.549e-01  7.549e-01  7.549e-01  7.549e-01  7.549e-01  7.549e-01  7.549e-01  7.549e-01  7.549e-01  7.549e-01  7.549e-01  7.549e-01  7.549e-01  7.549e-01  7.549e-01  7.549e-01  7.549e-01  7.549e-01  7.549e-01 	
 7.571e-01  7.571e-01  7.571e-01  7.571e-01  7.571e-01  7.571e-01  7.571e-01  7.571e-01  7.571e-01  7.571e-01  7.571e-01  7.571e-01  7.571e-01  7.571e-01  7.571e-01  7.571e-01  7.571e-01  7.571e-01  7.571e-01  7.571e-01  7.571e-01  7.571e-01  7.571e-01  7.571e-01  7.571e-01  7.571e-01  7.571e-01  7.571e-01  7.571e-01  7.571e-01  7.571e-01  7.571e-01  7.571e-01  7.571e-01  7.571e-01  7.571e-01  7.571e-01  7.571e-01  7.571e-01  7.571e-01  7.571e-01  7.571e-01  7.571e-01  7.571e-01  7.571e-01  7.571e-01  7.571e-01  7.571e-01  7.571e-01  7.571e-01 	
 7.592e-01  7.592e-01  7.592e-01  7.592e-01  7.592e-01  7.592e-01  7.592e-01  7.592e-01  7.592e-01  7.592e-01  7.592e-01  7.592e-01  7.592e-01  7.592e-01  7.592e-01  7.592e-01  7.592e-01  7.592e-01  7.592e-01  7.592e-01  7.592e-01  7.592e-01  7.592e-01  7.592e-01  7.592e-01  7.592e-01  7.592e-01  7.592e-01  7.592e-01  7.592e-01  7.592e-01  7.592e-01  7.592e-01  7.592e-01  7.592e-01  7.592e-01  7.592e-01  7.592e-01  7.592e-01  7.592e-01  7.592e-01  7.592e-01  7.592e-01  7.592e-01  7.592e-01  7.592e-01  7.592e-01  7.592e-01  7.592e-01  7.592e-01 	
 7.612e-01  7.612e-01  7.612e-01  7.612e-01  7.612e-01  7.612e-01  7.612e-01  7.612e-01  7.612e-01  7.612e-01  7.612e-01  7.612e-01  7.612e-01  7.612e-01  7.612e-01  7.612e-01  7.612e-01  7.612e-01  7.612e-01  7.612e-01  7.612e-01  7.612e-01  7.612e-01  7.612e-01  7.612e-01  7.612e-01  7.612e-01  7.612e-01  7.612e-01  7.612e-01  7.612e-01  7.612e-01  7.612e-01  7.612e-01  7.612e-01  7.612e-01  7.612e-01  7.612e-01  7.612e-01  7.612e-01  7.612e-01  7.612e-01  7.612e-01  7.612e-01  7.612e-01  7.612e-01  7.612e-01  7.612e-01  7.612e-01  7.612e-01 	
 7.632e-01  7.632e-01  7.632e-01  7.632e-01  7.632e-01  7.632e-01  7.632e-01  7.632e-01  7.632e-01  7.632e-01  7.632e-01  7.632e-01  7.632e-01  7.632e-01  7.632e-01  7.632e-01  7.632e-01  7.632e-01  7.632e-01  7.632e-01  7.632e-01  7.632e-01  7.632e-01  7.632e-01  7.632e-01  7.632e-01  7.632e-01  7.632e-01  7.632e-01  7.632e-01  7.632e-01  7.632e-01  7.632e-01  7.632e-01  7.632e-01  7.632e-01  7.632e-01  7.632e-01  7.632e-01  7.632e-01  7.632e-01  7.632e-01  7.632e-01  7.632e-01  7.632e-01  7.632e-01  7.632e-01  7.632e-01  7.632e-01  7.632e-01 	
 7.651e-01  7.651e-01  7.651e-01  7.651e-01  7.651e-01  7.651e-01  7.651e-01  7.651e-01  7.651e-01  7.651e-01  7.651e-01  7.651e-01  7.651e-01  7.651e-01  7.651e-01  7.651e-01  7.651e-01  7.651e-01  7.651e-01  7.651e-01  7.651e-01  7.651e-01  7.651e-01  7.651e-01  7.651e-01  7.651e-01  7.651e-01  7.651e-01  7.651e-01  7.651e-01  7.651e-01  7.651e-01  7.651e-01  7.651e-01  7.651e-01  7.651e-01  7.651e-01  7.651e-01  7.651e-01  7.651e-01  7.651e-01  7.651e-01  7.651e-01  7.651e-01  7.651e-01  7.651e-01  7.651e-01  7.651e-01  7.651e-01  7.651e-01 	
 7.669e-01  7.669e-01  7.669e-01  7.669e-01  7.669e-01  7.669e-01  7.669e-01  7.669e-01  7.669e-01  7.669e-01  7.669e-01  7.669e-01  7.669e-01  7.669e-01  7.669e-01  7.669e-01  7.669e-01  7.669e-01  7.669e-01  7.669e-01  7.669e-01  7.669e-01  7.669e-01  7.669e-01  7.669e-01  7.669e-01  7.669e-01  7.669e-01  7.669e-01  7.669e-01  7.669e-01  7.669e-01  7.669e-01  7.669e-01  7.669e-01  7.669e-01  7.669e-01  7.669e-01  7.669e-01  7.669e-01  7.669e-01  7.669e-01  7.669e-01  7.669e-01  7.669e-01  7.669e-01  7.669e-01  7.669e-01  7.669e-01  7.669e-01 	
 7.686e-01  7.686e-01  7.686e-01  7.686e-01  7.686e-01  7.686e-01  7.686e-01  7.686e-01  7.686e-01  7.686e-01  7.686e-01  7.686e-01  7.686e-01  7.686e-01  7.686e-01  7.686e-01  7.686e-01  7.686e-01  7.686e-01  7.686e-01  7.686e-01  7.686e-01  7.686e-01  7.686e-01  7.686e-01  7.686e-01  7.686e-01  7.686e-01  7.686e-01  7.686e-01  7.686e-01  7.686e-01  7.686e-01  7.686e-01  7.686e-01  7.686e-01  7.686e-01  7.686e-01  7.686e-01  7.686e-01  7.686e-01  7.686e-01  7.686e-01  7.686e-01  7.686e-01  7.686e-01  7.686e-01  7.686e-01  7.686e-01  7.686e-01 	
 7.703e-01  7.703e-01  7.703e-01  7.703e-01  7.703e-01  7.703e-01  7.703e-01  7.703e-01  7.703e-01  7.703e-01  7.703e-01  7.703e-01  7.703e-01  7.703e-01  7.703e-01  7.703e-01  7.703e-01  7.703e-01  7.703e-01  7.703e-01  7.703e-01  7.703e-01  7.703e-01  7.703e-01  7.703e-01  7.703e-01  7.703e-01  7.703e-01  7.703e-01  7.703e-01  7.703e-01  7.703e-01  7.703e-01  7.703e-01  7.703e-01  7.703e-01  7.703e-01  7.703e-01  7.703e-01  7.703e-01  7.703e-01  7.703e-01  7.703e-01  7.703e-01  7.703e-01  7.703e-01  7.703e-01  7.703e-01  7.703e-01  7.703e-01 	
 7.719e-01  7.719e-01  7.719e-01  7.719e-01  7.719e-01  7.719e-01  7.719e-01  7.719e-01  7.719e-01  7.719e-01  7.719e-01  7.719e-01  7.719e-01  7.719e-01  7.719e-01  7.719e-01  7.719e-01  7.719e-01  7.719e-01  7.719e-01  7.719e-01  7.719e-01  7.719e-01  7.719e-01  7.719e-01  7.719e-01  7.719e-01  7.719e-01  7.719e-01  7.719e-01  7.719e-01  7.719e-01  7.719e-01  7.719e-01  7.719e-01  7.719e-01  7.719e-01  7.719e-01  7.719e-01  7.719e-01  7.719e-01  7.719e-01  7.719e-01  7.719e-01  7.719e-01  7.719e-01  7.719e-01  7.719e-01  7.719e-01  7.719e-01 	
 7.735e-01  7.735e-01  7.735e-01  7.735e-01  7.735e-01  7.735e-01  7.735e-01  7.735e-01  7.735e-01  7.735e-01  7.735e-01  7.735e-01  7.735e-01  7.735e-01  7.735e-01  7.735e-01  7.735e-01  7.735e-01  7.735e-01  7.735e-01  7.735e-01  7.735e-01  7.735e-01  7.735e-01  7.735e-01  7.735e-01  7.735e-01  7.735e-01  7.735e-01  7.735e-01  7.735e-01  7.735e-01  7.735e-01  7.735e-01  7.735e-01  7.735e-01  7.735e-01  7.735e-01  7.735e-01  7.735e-01  7.735e-01  7.735e-01  7.735e-01  7.735e-01  7.735e-01  7.735e-01  7.735e-01  7.735e-01  7.735e-01  7.735e-01 	
 7.749e-01  7.749e-01  7.749e-01  7.749e-01  7.749e-01  7.749e-01  7.749e-01  7.749e-01  7.749e-01  7.749e-01  7.749e-01  7.749e-01  7.749e-01  7.749e-01  7.749e-01  7.749e-01  7.749e-01  7.749e-01  7.749e-01  7.749e-01  7.749e-01  7.749e-01  7.749e-01  7.749e-01  7.749e-01  7.749e-01  7.749e-01  7.749e-01  7.749e-01  7.749e-01  7.749e-01  7.749e-01  7.749e-01  7.749e-01  7.749e-01  7.749e-01  7.749e-01  7.749e-01  7.749e-01  7.749e-01  7.749e-01  7.749e-01  7.749e-01  7.749e-01  7.749e-01  7.749e-01  7.749e-01  7.749e-01  7.749e-01  7.749e-01 	
 7.762e-01  7.762e-01  7.762e-01  7.762e-01  7.762e-01  7.762e-01  7.762e-01  7.762e-01  7.762e-01  7.762e-01  7.762e-01  7.762e-01  7.762e-01  7.762e-01  7.762e-01  7.762e-01  7.762e-01  7.762e-01  7.762e-01  7.762e-01  7.762e-01  7.762e-01  7.762e-01  7.762e-01  7.762e-01  7.762e-01  7.762e-01  7.762e-01  7.762e-01  7.762e-01  7.762e-01  7.762e-01  7.762e-01  7.762e-01  7.762e-01  7.762e-01  7.762e-01  7.762e-01  7.762e-01  7.762e-01  7.762e-01  7.762e-01  7.762e-01  7.762e-01  7.762e-01  7.762e-01  7.762e-01  7.762e-01  7.762e-01  7.762e-01 	
 7.775e-01  7.775e-01  7.775e-01  7.775e-01  7.775e-01  7.775e-01  7.775e-01  7.775e-01  7.775e-01  7.775e-01  7.775e-01  7.775e-01  7.775e-01  7.775e-01  7.775e-01  7.775e-01  7.775e-01  7.775e-01  7.775e-01  7.775e-01  7.775e-01  7.775e-01  7.775e-01  7.775e-01  7.775e-01  7.775e-01  7.775e-01  7.775e-01  7.775e-01  7.775e-01  7.775e-01  7.775e-01  7.775e-01  7.775e-01  7.775e-01  7.775e-01  7.775e-01  7.775e-01  7.775e-01  7.775e-01  7.775e-01  7.775e-01  7.775e-01  7.775e-01  7.775e-01  7.775e-01  7.775e-01  7.775e-01  7.775e-01  7.775e-01 	
 7.787e-01  7.787e-01  7.787e-01  7.787e-01  7.787e-01  7.787e-01  7.787e-01  7.787e-01  7.787e-01  7.787e-01  7.787e-01  7.787e-01  7.787e-01  7.787e-01  7.787e-01  7.787e-01  7.787e-01  7.787e-01  7.787e-01  7.787e-01  7.787e-01  7.787e-01  7.787e-01  7.787e-01  7.787e-01  7.787e-01  7.787e-01  7.787e-01  7.787e-01  7.787e-01  7.787e-01  7.787e-01  7.787e-01  7.787e-01  7.787e-01  7.787e-01  7.787e-01  7.787e-01  7.787e-01  7.787e-01  7.787e-01  7.787e-01  7.787e-01  7.787e-01  7.787e-01  7.787e-01  7.787e-01  7.787e-01  7.787e-01  7.787e-01 	
 7.798e-01  7.798e-01  7.798e-01  7.798e-01  7.798e-01  7.798e-01  7.798e-01  7.798e-01  7.798e-01  7.798e-01  7.798e-01  7.798e-01  7.798e-01  7.798e-01  7.798e-01  7.798e-01  7.798e-01  7.798e-01  7.798e-01  7.798e-01  7.798e-01  7.798e-01  7.798e-01  7.798e-01  7.798e-01  7.798e-01  7.798e-01  7.798e-01  7.798e-01  7.798e-01  7.798e-01  7.798e-01  7.798e-01  7.798e-01  7.798e-01  7.798e-01  7.798e-01  7.798e-01  7.798e-01  7.798e-01  7.798e-01  7.798e-01  7.798e-01  7.798e-01  7.798e-01  7.798e-01  7.798e-01  7.798e-01  7.798e-01  7.798e-01 	
 7.807e-01  7.807e-01  7.807e-01  7.807e-01  7.807e-01  7.807e-01  7.807e-01  7.807e-01  7.807e-01  7.807e-01  7.807e-01  7.807e-01  7.807e-01  7.807e-01  7.807e-01  7.807e-01  7.807e-01  7.807e-01  7.807e-01  7.807e-01  7.807e-01  7.807e-01  7.807e-01  7.807e-01  7.807e-01  7.807e-01  7.807e-01  7.807e-01  7.807e-01  7.807e-01  7.807e-01  7.807e-01  7.807e-01  7.807e-01  7.807e-01  7.807e-01  7.807e-01  7.807e-01  7.807e-01  7.807e-01  7.807e-01  7.807e-01  7.807e-01  7.807e-01  7.807e-01  7.807e-01  7.807e-01  7.807e-01  7.807e-01  7.807e-01 	
 7.816e-01  7.816e-01  7.816e-01  7.816e-01  7.816e-01  7.816e-01  7.816e-01  7.816e-01  7.816e-01  7.816e-01  7.816e-01  7.816e-01  7.816e-01  7.816e-01  7.816e-01  7.816e-01  7.816e-01  7.816e-01  7.816e-01  7.816e-01  7.816e-01  7.816e-01  7.816e-01  7.816e-01  7.816e-01  7.816e-01  7.816e-01  7.816e-01  7.816e-01  7.816e-01  7.816e-01  7.816e-01  7.816e-01  7.816e-01  7.816e-01  7.816e-01  7.816e-01  7.816e-01  7.816e-01  7.816e-01  7.816e-01  7.816e-01  7.816e-01  7.816e-01  7.816e-01  7.816e-01  7.816e-01  7.816e-01  7.816e-01  7.816e-01 	
 7.825e-01  7.825e-01  7.825e-01  7.825e-01  7.825e-01  7.825e-01  7.825e-01  7.825e-01  7.825e-01  7.825e-01  7.825e-01  7.825e-01  7.825e-01  7.825e-01  7.825e-01  7.825e-01  7.825e-01  7.825e-01  7.825e-01  7.825e-01  7.825e-01  7.825e-01  7.825e-01  7.825e-01  7.825e-01  7.825e-01  7.825e-01  7.825e-01  7.825e-01  7.825e-01  7.825e-01  7.825e-01  7.825e-01  7.825e-01  7.825e-01  7.825e-01  7.825e-01  7.825e-01  7.825e-01  7.825e-01  7.825e-01  7.825e-01  7.825e-01  7.825e-01  7.825e-01  7.825e-01  7.825e-01  7.825e-01  7.825e-01  7.825e-01 	
 7.832e-01  7.832e-01  7.832e-01  7.832e-01  7.832e-01  7.832e-01  7.832e-01  7.832e-01  7.832e-01  7.832e-01  7.832e-01  7.832e-01  7.832e-01  7.832e-01  7.832e-01  7.832e-01  7.832e-01  7.832e-01  7.832e-01  7.832e-01  7.832e-01  7.832e-01  7.832e-01  7.832e-01  7.832e-01  7.832e-01  7.832e-01  7.832e-01  7.832e-01  7.832e-01  7.832e-01  7.832e-01  7.832e-01  7.832e-01  7.832e-01  7.832e-01  7.832e-01  7.832e-01  7.832e-01  7.832e-01  7.832e-01  7.832e-01  7.832e-01  7.832e-01  7.832e-01  7.832e-01  7.832e-01  7.832e-01  7.832e-01  7.832e-01 	
 7.838e-01  7.838e-01  7.838e-01  7.838e-01  7.838e-01  7.838e-01  7.838e-01  7.838e-01  7.838e-01  7.838e-01  7.838e-01  7.838e-01  7.838e-01  7.838e-01  7.838e-01  7.838e-01  7.838e-01  7.838e-01  7.838e-01  7.838e-01  7.838e-01  7.838e-01  7.838e-01  7.838e-01  7.838e-01  7.838e-01  7.838e-01  7.838e-01  7.838e-01  7.838e-01  7.838e-01  7.838e-01  7.838e-01  7.838e-01  7.838e-01  7.838e-01  7.838e-01  7.838e-01  7.838e-01  7.838e-01  7.838e-01  7.838e-01  7.838e-01  7.838e-01  7.838e-01  7.838e-01  7.838e-01  7.838e-01  7.838e-01  7.838e-01 	
 7.844e-01  7.844e-01  7.844e-01  7.844e-01  7.844e-01  7.844e-01  7.844e-01  7.844e-01  7.844e-01  7.844e-01  7.844e-01  7.844e-01  7.844e-01  7.844e-01  7.844e-01  7.844e-01  7.844e-01  7.844e-01  7.844e-01  7.844e-01  7.844e-01  7.844e-01  7.844e-01  7.844e-01  7.844e-01  7.844e-01  7.844e-01  7.844e-01  7.844e-01  7.844e-01  7.844e-01  7.844e-01  7.844e-01  7.844e-01  7.844e-01  7.844e-01  7.844e-01  7.844e-01  7.844e-01  7.844e-01  7.844e-01  7.844e-01  7.844e-01  7.844e-01  7.844e-01  7.844e-01  7.844e-01  7.844e-01  7.844e-01  7.844e-01 	
 7.849e-01  7.849e-01  7.849e-01  7.849e-01  7.849e-01  7.849e-01  7.849e-01  7.849e-01  7.849e-01  7.849e-01  7.849e-01  7.849e-01  7.849e-01  7.849e-01  7.849e-01  7.849e-01  7.849e-01  7.849e-01  7.849e-01  7.849e-01  7.849e-01  7.849e-01  7.849e-01  7.849e-01  7.849e-01  7.849e-01  7.849e-01  7.849e-01  7.849e-01  7.849e-01  7.849e-01  7.849e-01  7.849e-01  7.849e-01  7.849e-01  7.849e-01  7.849e-01  7.849e-01  7.849e-01  7.849e-01  7.849e-01  7.849e-01  7.849e-01  7.849e-01  7.849e-01  7.849e-01  7.849e-01  7.849e-01  7.849e-01  7.849e-01 	
 7.854e-01  7.854e-01  7.854e-01  7.854e-01  7.854e-01  7.854e-01  7.854e-01  7.854e-01  7.854e-01  7.854e-01  7.854e-01  7.854e-01  7.854e-01  7.854e-01  7.854e-01  7.854e-01  7.854e-01  7.854e-01  7.854e-01  7.854e-01  7.854e-01  7.854e-01  7.854e-01  7.854e-01  7.854e-01  7.854e-01  7.854e-01  7.854e-01  7.854e-01  7.854e-01  7.854e-01  7.854e-01  7.854e-01  7.854e-01  7.854e-01  7.854e-01  7.854e-01  7.854e-01  7.854e-01  7.854e-01  7.854e-01  7.854e-01  7.854e-01  7.854e-01  7.854e-01  7.854e-01  7.854e-01  7.854e-01  7.854e-01  7.854e-01 	
 7.858e-01  7.858e-01  7.858e-01  7.858e-01  7.858e-01  7.858e-01  7.858e-01  7.858e-01  7.858e-01  7.858e-01  7.858e-01  7.858e-01  7.858e-01  7.858e-01  7.858e-01  7.858e-01  7.858e-01  7.858e-01  7.858e-01  7.858e-01  7.858e-01  7.858e-01  7.858e-01  7.858e-01  7.858e-01  7.858e-01  7.858e-01  7.858e-01  7.858e-01  7.858e-01  7.858e-01  7.858e-01  7.858e-01  7.858e-01  7.858e-01  7.858e-01  7.858e-01  7.858e-01  7.858e-01  7.858e-01  7.858e-01  7.858e-01  7.858e-01  7.858e-01  7.858e-01  7.858e-01  7.858e-01  7.858e-01  7.858e-01  7.858e-01 	
 7.861e-01  7.861e-01  7.861e-01  7.861e-01  7.861e-01  7.861e-01  7.861e-01  7.861e-01  7.861e-01  7.861e-01  7.861e-01  7.861e-01  7.861e-01  7.861e-01  7.861e-01  7.861e-01  7.861e-01  7.861e-01  7.861e-01  7.861e-01  7.861e-01  7.861e-01  7.861e-01  7.861e-01  7.861e-01  7.861e-01  7.861e-01  7.861e-01  7.861e-01  7.861e-01  7.861e-01  7.861e-01  7.861e-01  7.861e-01  7.861e-01  7.861e-01  7.861e-01  7.861e-01  7.861e-01  7.861e-01  7.861e-01  7.861e-01  7.861e-01  7.861e-01  7.861e-01  7.861e-01  7.861e-01  7.861e-01  7.861e-01  7.861e-01 	
