 2.608e-04  3.731e-04  5.058e-04  6.555e-04  8.188e-04  9.922e-04  1.173e-03  1.357e-03  1.544e-03  1.731e-03  1.917e-03  2.101e-03  2.282e-03  2.459e-03  2.631e-03  2.799e-03  2.962e-03  3.121e-03  3.274e-03  3.423e-03  3.567e-03  3.706e-03  3.840e-03  3.970e-03  4.095e-03  4.216e-03  4.334e-03  4.447e-03  4.556e-03  4.662e-03  4.764e-03  4.863e-03  4.959e-03  5.052e-03  5.141e-03  5.228e-03  5.312e-03  5.394e-03  5.473e-03  5.550e-03  5.624e-03  5.696e-03  5.767e-03  5.835e-03  5.901e-03  5.965e-03  6.028e-03  6.088e-03  6.147e-03  6.205e-03 	
 3.101e-04  4.320e-04  5.740e-04  7.327e-04  9.044e-04  1.086e-03  1.273e-03  1.464e-03  1.657e-03  1.850e-03  2.041e-03  2.229e-03  2.413e-03  2.594e-03  2.770e-03  2.941e-03  3.107e-03  3.268e-03  3.423e-03  3.574e-03  3.720e-03  3.860e-03  3.996e-03  4.128e-03  4.255e-03  4.377e-03  4.496e-03  4.610e-03  4.720e-03  4.827e-03  4.930e-03  5.030e-03  5.127e-03  5.220e-03  5.311e-03  5.398e-03  5.483e-03  5.565e-03  5.645e-03  5.722e-03  5.797e-03  5.870e-03  5.941e-03  6.009e-03  6.076e-03  6.141e-03  6.204e-03  6.265e-03  6.325e-03  6.383e-03 	
 3.816e-04  5.170e-04  6.721e-04  8.432e-04  1.026e-03  1.218e-03  1.416e-03  1.616e-03  1.817e-03  2.017e-03  2.214e-03  2.408e-03  2.599e-03  2.784e-03  2.964e-03  3.139e-03  3.309e-03  3.473e-03  3.632e-03  3.786e-03  3.934e-03  4.077e-03  4.216e-03  4.349e-03  4.478e-03  4.602e-03  4.722e-03  4.838e-03  4.950e-03  5.058e-03  5.163e-03  5.264e-03  5.362e-03  5.456e-03  5.548e-03  5.636e-03  5.722e-03  5.805e-03  5.886e-03  5.964e-03  6.040e-03  6.114e-03  6.185e-03  6.255e-03  6.322e-03  6.388e-03  6.452e-03  6.514e-03  6.574e-03  6.633e-03 	
 4.843e-04  6.381e-04  8.109e-04  9.986e-04  1.197e-03  1.403e-03  1.614e-03  1.826e-03  2.037e-03  2.247e-03  2.453e-03  2.656e-03  2.853e-03  3.045e-03  3.231e-03  3.412e-03  3.586e-03  3.755e-03  3.918e-03  4.076e-03  4.227e-03  4.374e-03  4.515e-03  4.651e-03  4.783e-03  4.909e-03  5.032e-03  5.150e-03  5.264e-03  5.374e-03  5.480e-03  5.583e-03  5.683e-03  5.779e-03  5.872e-03  5.962e-03  6.049e-03  6.134e-03  6.216e-03  6.296e-03  6.373e-03  6.448e-03  6.521e-03  6.592e-03  6.660e-03  6.727e-03  6.793e-03  6.856e-03  6.918e-03  6.978e-03 	
 6.298e-04  8.081e-04  1.004e-03  1.214e-03  1.432e-03  1.657e-03  1.884e-03  2.111e-03  2.337e-03  2.559e-03  2.776e-03  2.989e-03  3.195e-03  3.395e-03  3.589e-03  3.777e-03  3.958e-03  4.132e-03  4.301e-03  4.463e-03  4.619e-03  4.770e-03  4.915e-03  5.055e-03  5.190e-03  5.320e-03  5.445e-03  5.566e-03  5.683e-03  5.796e-03  5.905e-03  6.010e-03  6.112e-03  6.210e-03  6.306e-03  6.398e-03  6.487e-03  6.574e-03  6.658e-03  6.740e-03  6.819e-03  6.896e-03  6.971e-03  7.044e-03  7.115e-03  7.184e-03  7.251e-03  7.316e-03  7.380e-03  7.442e-03 	
 8.336e-04  1.044e-03  1.270e-03  1.507e-03  1.751e-03  1.999e-03  2.247e-03  2.493e-03  2.735e-03  2.973e-03  3.204e-03  3.429e-03  3.647e-03  3.858e-03  4.061e-03  4.257e-03  4.446e-03  4.627e-03  4.802e-03  4.971e-03  5.133e-03  5.289e-03  5.439e-03  5.584e-03  5.723e-03  5.857e-03  5.986e-03  6.111e-03  6.232e-03  6.348e-03  6.461e-03  6.569e-03  6.674e-03  6.776e-03  6.875e-03  6.970e-03  7.063e-03  7.152e-03  7.240e-03  7.324e-03  7.406e-03  7.486e-03  7.564e-03  7.640e-03  7.714e-03  7.785e-03  7.855e-03  7.924e-03  7.990e-03  8.055e-03 	
 1.116e-03  1.367e-03  1.630e-03  1.902e-03  2.178e-03  2.454e-03  2.727e-03  2.996e-03  3.259e-03  3.515e-03  3.763e-03  4.003e-03  4.235e-03  4.458e-03  4.672e-03  4.879e-03  5.077e-03  5.268e-03  5.451e-03  5.627e-03  5.796e-03  5.959e-03  6.115e-03  6.266e-03  6.411e-03  6.551e-03  6.686e-03  6.816e-03  6.941e-03  7.062e-03  7.179e-03  7.293e-03  7.402e-03  7.509e-03  7.611e-03  7.711e-03  7.808e-03  7.902e-03  7.994e-03  8.082e-03  8.169e-03  8.253e-03  8.335e-03  8.415e-03  8.493e-03  8.569e-03  8.643e-03  8.716e-03  8.787e-03  8.856e-03 	
 1.502e-03  1.804e-03  2.114e-03  2.428e-03  2.741e-03  3.051e-03  3.355e-03  3.651e-03  3.939e-03  4.217e-03  4.485e-03  4.743e-03  4.990e-03  5.228e-03  5.456e-03  5.675e-03  5.885e-03  6.086e-03  6.280e-03  6.465e-03  6.643e-03  6.814e-03  6.979e-03  7.138e-03  7.290e-03  7.437e-03  7.579e-03  7.716e-03  7.848e-03  7.975e-03  8.099e-03  8.219e-03  8.334e-03  8.447e-03  8.556e-03  8.662e-03  8.765e-03  8.865e-03  8.962e-03  9.057e-03  9.150e-03  9.240e-03  9.328e-03  9.414e-03  9.499e-03  9.581e-03  9.661e-03  9.740e-03  9.818e-03  9.894e-03 	
 2.026e-03  2.389e-03  2.755e-03  3.119e-03  3.477e-03  3.827e-03  4.167e-03  4.495e-03  4.811e-03  5.115e-03  5.406e-03  5.684e-03  5.951e-03  6.207e-03  6.451e-03  6.685e-03  6.909e-03  7.123e-03  7.329e-03  7.526e-03  7.715e-03  7.897e-03  8.072e-03  8.241e-03  8.403e-03  8.560e-03  8.711e-03  8.856e-03  8.998e-03  9.134e-03  9.266e-03  9.395e-03  9.519e-03  9.640e-03  9.758e-03  9.873e-03  9.984e-03  1.009e-02  1.020e-02  1.030e-02  1.040e-02  1.050e-02  1.060e-02  1.070e-02  1.079e-02  1.088e-02  1.097e-02  1.106e-02  1.115e-02  1.123e-02 	
 2.723e-03  3.160e-03  3.593e-03  4.016e-03  4.426e-03  4.822e-03  5.203e-03  5.568e-03  5.917e-03  6.250e-03  6.568e-03  6.871e-03  7.160e-03  7.436e-03  7.700e-03  7.952e-03  8.193e-03  8.424e-03  8.645e-03  8.857e-03  9.060e-03  9.256e-03  9.445e-03  9.626e-03  9.801e-03  9.970e-03  1.013e-02  1.029e-02  1.045e-02  1.059e-02  1.074e-02  1.088e-02  1.102e-02  1.115e-02  1.128e-02  1.141e-02  1.153e-02  1.165e-02  1.177e-02  1.189e-02  1.200e-02  1.212e-02  1.223e-02  1.234e-02  1.244e-02  1.255e-02  1.266e-02  1.276e-02  1.286e-02  1.296e-02 	
 3.637e-03  4.162e-03  4.671e-03  5.161e-03  5.631e-03  6.080e-03  6.508e-03  6.914e-03  7.301e-03  7.668e-03  8.017e-03  8.349e-03  8.665e-03  8.966e-03  9.252e-03  9.526e-03  9.788e-03  1.004e-02  1.028e-02  1.051e-02  1.073e-02  1.095e-02  1.115e-02  1.135e-02  1.154e-02  1.173e-02  1.191e-02  1.209e-02  1.226e-02  1.242e-02  1.258e-02  1.274e-02  1.290e-02  1.305e-02  1.320e-02  1.334e-02  1.349e-02  1.363e-02  1.377e-02  1.390e-02  1.404e-02  1.417e-02  1.431e-02  1.444e-02  1.457e-02  1.470e-02  1.483e-02  1.496e-02  1.509e-02  1.522e-02 	
 4.816e-03  5.440e-03  6.036e-03  6.603e-03  7.139e-03  7.647e-03  8.128e-03  8.582e-03  9.011e-03  9.417e-03  9.802e-03  1.017e-02  1.052e-02  1.085e-02  1.116e-02  1.146e-02  1.175e-02  1.203e-02  1.229e-02  1.255e-02  1.279e-02  1.303e-02  1.326e-02  1.348e-02  1.370e-02  1.391e-02  1.411e-02  1.431e-02  1.451e-02  1.470e-02  1.489e-02  1.507e-02  1.525e-02  1.543e-02  1.561e-02  1.579e-02  1.596e-02  1.613e-02  1.630e-02  1.647e-02  1.664e-02  1.681e-02  1.698e-02  1.715e-02  1.732e-02  1.750e-02  1.767e-02  1.784e-02  1.802e-02  1.820e-02 	
 6.311e-03  7.046e-03  7.738e-03  8.389e-03  9.000e-03  9.574e-03  1.011e-02  1.062e-02  1.110e-02  1.155e-02  1.198e-02  1.238e-02  1.277e-02  1.314e-02  1.349e-02  1.382e-02  1.414e-02  1.445e-02  1.475e-02  1.504e-02  1.532e-02  1.559e-02  1.585e-02  1.611e-02  1.636e-02  1.660e-02  1.685e-02  1.708e-02  1.732e-02  1.755e-02  1.777e-02  1.800e-02  1.822e-02  1.845e-02  1.867e-02  1.890e-02  1.912e-02  1.935e-02  1.957e-02  1.980e-02  2.003e-02  2.027e-02  2.050e-02  2.074e-02  2.099e-02  2.124e-02  2.149e-02  2.175e-02  2.201e-02  2.228e-02 	
 8.177e-03  9.034e-03  9.832e-03  1.058e-02  1.127e-02  1.192e-02  1.252e-02  1.309e-02  1.363e-02  1.413e-02  1.461e-02  1.506e-02  1.550e-02  1.591e-02  1.631e-02  1.669e-02  1.705e-02  1.741e-02  1.775e-02  1.809e-02  1.841e-02  1.873e-02  1.904e-02  1.935e-02  1.965e-02  1.995e-02  2.025e-02  2.054e-02  2.084e-02  2.113e-02  2.143e-02  2.173e-02  2.203e-02  2.233e-02  2.264e-02  2.295e-02  2.327e-02  2.359e-02  2.392e-02  2.425e-02  2.460e-02  2.495e-02  2.532e-02  2.569e-02  2.608e-02  2.647e-02  2.688e-02  2.730e-02  2.773e-02  2.818e-02 	
 1.048e-02  1.147e-02  1.238e-02  1.323e-02  1.401e-02  1.474e-02  1.543e-02  1.607e-02  1.667e-02  1.724e-02  1.778e-02  1.830e-02  1.879e-02  1.927e-02  1.972e-02  2.016e-02  2.059e-02  2.101e-02  2.142e-02  2.183e-02  2.222e-02  2.262e-02  2.301e-02  2.340e-02  2.378e-02  2.417e-02  2.457e-02  2.497e-02  2.537e-02  2.578e-02  2.620e-02  2.663e-02  2.706e-02  2.751e-02  2.798e-02  2.845e-02  2.894e-02  2.945e-02  2.998e-02  3.052e-02  3.109e-02  3.167e-02  3.228e-02  3.291e-02  3.356e-02  3.424e-02  3.494e-02  3.567e-02  3.643e-02  3.721e-02 	
 1.328e-02  1.441e-02  1.546e-02  1.642e-02  1.730e-02  1.813e-02  1.891e-02  1.963e-02  2.032e-02  2.098e-02  2.160e-02  2.220e-02  2.277e-02  2.333e-02  2.388e-02  2.441e-02  2.494e-02  2.545e-02  2.597e-02  2.648e-02  2.700e-02  2.751e-02  2.804e-02  2.857e-02  2.911e-02  2.967e-02  3.024e-02  3.082e-02  3.143e-02  3.205e-02  3.270e-02  3.338e-02  3.408e-02  3.481e-02  3.557e-02  3.637e-02  3.719e-02  3.806e-02  3.896e-02  3.990e-02  4.088e-02  4.190e-02  4.297e-02  4.407e-02  4.522e-02  4.642e-02  4.767e-02  4.896e-02  5.030e-02  5.169e-02 	
 1.664e-02  1.794e-02  1.913e-02  2.022e-02  2.123e-02  2.218e-02  2.306e-02  2.390e-02  2.470e-02  2.546e-02  2.620e-02  2.692e-02  2.762e-02  2.830e-02  2.898e-02  2.966e-02  3.034e-02  3.102e-02  3.172e-02  3.242e-02  3.314e-02  3.389e-02  3.466e-02  3.546e-02  3.629e-02  3.715e-02  3.805e-02  3.900e-02  3.999e-02  4.103e-02  4.212e-02  4.327e-02  4.447e-02  4.574e-02  4.706e-02  4.845e-02  4.990e-02  5.142e-02  5.301e-02  5.467e-02  5.640e-02  5.820e-02  6.008e-02  6.203e-02  6.406e-02  6.617e-02  6.835e-02  7.061e-02  7.294e-02  7.536e-02 	
 2.062e-02  2.211e-02  2.346e-02  2.471e-02  2.588e-02  2.697e-02  2.800e-02  2.899e-02  2.994e-02  3.087e-02  3.178e-02  3.267e-02  3.357e-02  3.446e-02  3.537e-02  3.630e-02  3.725e-02  3.823e-02  3.925e-02  4.031e-02  4.143e-02  4.260e-02  4.383e-02  4.513e-02  4.651e-02  4.796e-02  4.950e-02  5.112e-02  5.283e-02  5.464e-02  5.654e-02  5.855e-02  6.066e-02  6.288e-02  6.520e-02  6.763e-02  7.018e-02  7.283e-02  7.560e-02  7.849e-02  8.148e-02  8.460e-02  8.782e-02  9.116e-02  9.462e-02  9.819e-02  1.019e-01  1.057e-01  1.096e-01  1.136e-01 	
 2.527e-02  2.697e-02  2.853e-02  2.998e-02  3.134e-02  3.264e-02  3.388e-02  3.509e-02  3.627e-02  3.745e-02  3.863e-02  3.983e-02  4.105e-02  4.232e-02  4.364e-02  4.502e-02  4.648e-02  4.802e-02  4.965e-02  5.139e-02  5.324e-02  5.521e-02  5.731e-02  5.954e-02  6.191e-02  6.443e-02  6.710e-02  6.993e-02  7.291e-02  7.606e-02  7.937e-02  8.284e-02  8.648e-02  9.029e-02  9.426e-02  9.841e-02  1.027e-01  1.072e-01  1.118e-01  1.166e-01  1.216e-01  1.267e-01  1.320e-01  1.374e-01  1.430e-01  1.487e-01  1.546e-01  1.606e-01  1.667e-01  1.730e-01 	
 3.066e-02  3.263e-02  3.445e-02  3.617e-02  3.780e-02  3.939e-02  4.094e-02  4.249e-02  4.406e-02  4.567e-02  4.733e-02  4.907e-02  5.090e-02  5.286e-02  5.494e-02  5.717e-02  5.957e-02  6.214e-02  6.491e-02  6.787e-02  7.105e-02  7.445e-02  7.807e-02  8.193e-02  8.602e-02  9.035e-02  9.492e-02  9.974e-02  1.048e-01  1.101e-01  1.156e-01  1.214e-01  1.274e-01  1.337e-01  1.401e-01  1.468e-01  1.537e-01  1.608e-01  1.681e-01  1.756e-01  1.833e-01  1.912e-01  1.992e-01  2.074e-01  2.158e-01  2.243e-01  2.329e-01  2.417e-01  2.505e-01  2.595e-01 	
 3.692e-02  3.923e-02  4.141e-02  4.351e-02  4.556e-02  4.760e-02  4.968e-02  5.182e-02  5.406e-02  5.644e-02  5.899e-02  6.173e-02  6.470e-02  6.792e-02  7.141e-02  7.520e-02  7.929e-02  8.371e-02  8.846e-02  9.355e-02  9.899e-02  1.048e-01  1.109e-01  1.174e-01  1.242e-01  1.314e-01  1.389e-01  1.468e-01  1.549e-01  1.634e-01  1.721e-01  1.812e-01  1.905e-01  2.001e-01  2.099e-01  2.199e-01  2.302e-01  2.406e-01  2.512e-01  2.620e-01  2.729e-01  2.840e-01  2.952e-01  3.064e-01  3.177e-01  3.291e-01  3.406e-01  3.520e-01  3.635e-01  3.750e-01 	
 4.428e-02  4.708e-02  4.979e-02  5.247e-02  5.520e-02  5.804e-02  6.103e-02  6.425e-02  6.774e-02  7.155e-02  7.573e-02  8.031e-02  8.533e-02  9.081e-02  9.677e-02  1.032e-01  1.102e-01  1.177e-01  1.256e-01  1.341e-01  1.431e-01  1.525e-01  1.624e-01  1.728e-01  1.835e-01  1.947e-01  2.063e-01  2.181e-01  2.304e-01  2.429e-01  2.556e-01  2.686e-01  2.818e-01  2.952e-01  3.087e-01  3.223e-01  3.360e-01  3.498e-01  3.636e-01  3.774e-01  3.911e-01  4.049e-01  4.185e-01  4.321e-01  4.455e-01  4.588e-01  4.720e-01  4.850e-01  4.978e-01  5.104e-01 	
 5.314e-02  5.667e-02  6.023e-02  6.393e-02  6.786e-02  7.212e-02  7.680e-02  8.198e-02  8.774e-02  9.412e-02  1.012e-01  1.089e-01  1.174e-01  1.266e-01  1.366e-01  1.473e-01  1.586e-01  1.706e-01  1.833e-01  1.966e-01  2.104e-01  2.247e-01  2.395e-01  2.546e-01  2.702e-01  2.860e-01  3.021e-01  3.183e-01  3.348e-01  3.513e-01  3.678e-01  3.844e-01  4.009e-01  4.173e-01  4.336e-01  4.497e-01  4.656e-01  4.814e-01  4.968e-01  5.120e-01  5.269e-01  5.415e-01  5.558e-01  5.697e-01  5.833e-01  5.966e-01  6.095e-01  6.220e-01  6.341e-01  6.460e-01 	
 6.418e-02  6.893e-02  7.396e-02  7.945e-02  8.555e-02  9.240e-02  1.001e-01  1.087e-01  1.184e-01  1.291e-01  1.408e-01  1.536e-01  1.673e-01  1.820e-01  1.976e-01  2.141e-01  2.312e-01  2.490e-01  2.674e-01  2.863e-01  3.055e-01  3.250e-01  3.447e-01  3.645e-01  3.843e-01  4.041e-01  4.237e-01  4.432e-01  4.624e-01  4.813e-01  4.998e-01  5.180e-01  5.357e-01  5.530e-01  5.698e-01  5.861e-01  6.019e-01  6.172e-01  6.320e-01  6.463e-01  6.600e-01  6.732e-01  6.860e-01  6.982e-01  7.100e-01  7.212e-01  7.320e-01  7.424e-01  7.524e-01  7.619e-01 	
 7.857e-02  8.544e-02  9.312e-02  1.018e-01  1.118e-01  1.231e-01  1.359e-01  1.502e-01  1.659e-01  1.830e-01  2.014e-01  2.211e-01  2.418e-01  2.633e-01  2.857e-01  3.086e-01  3.319e-01  3.555e-01  3.792e-01  4.028e-01  4.263e-01  4.496e-01  4.724e-01  4.948e-01  5.167e-01  5.380e-01  5.586e-01  5.785e-01  5.977e-01  6.162e-01  6.339e-01  6.509e-01  6.672e-01  6.827e-01  6.975e-01  7.116e-01  7.250e-01  7.378e-01  7.500e-01  7.615e-01  7.724e-01  7.828e-01  7.927e-01  8.020e-01  8.109e-01  8.193e-01  8.273e-01  8.349e-01  8.420e-01  8.488e-01 	
 9.835e-02  1.090e-01  1.213e-01  1.356e-01  1.520e-01  1.704e-01  1.909e-01  2.132e-01  2.372e-01  2.626e-01  2.891e-01  3.165e-01  3.444e-01  3.727e-01  4.010e-01  4.291e-01  4.568e-01  4.840e-01  5.104e-01  5.360e-01  5.607e-01  5.845e-01  6.072e-01  6.288e-01  6.494e-01  6.689e-01  6.873e-01  7.048e-01  7.212e-01  7.367e-01  7.513e-01  7.650e-01  7.779e-01  7.899e-01  8.013e-01  8.119e-01  8.219e-01  8.313e-01  8.401e-01  8.484e-01  8.561e-01  8.634e-01  8.702e-01  8.767e-01  8.827e-01  8.884e-01  8.937e-01  8.987e-01  9.035e-01  9.079e-01 	
 1.269e-01  1.440e-01  1.640e-01  1.869e-01  2.126e-01  2.407e-01  2.709e-01  3.027e-01  3.356e-01  3.692e-01  4.029e-01  4.363e-01  4.692e-01  5.012e-01  5.321e-01  5.617e-01  5.899e-01  6.167e-01  6.419e-01  6.656e-01  6.878e-01  7.085e-01  7.278e-01  7.458e-01  7.625e-01  7.780e-01  7.924e-01  8.057e-01  8.181e-01  8.295e-01  8.402e-01  8.500e-01  8.591e-01  8.676e-01  8.754e-01  8.827e-01  8.895e-01  8.958e-01  9.016e-01  9.070e-01  9.121e-01  9.169e-01  9.213e-01  9.254e-01  9.292e-01  9.328e-01  9.362e-01  9.394e-01  9.423e-01  9.451e-01 	
 1.691e-01  1.962e-01  2.271e-01  2.613e-01  2.982e-01  3.368e-01  3.765e-01  4.163e-01  4.558e-01  4.942e-01  5.311e-01  5.663e-01  5.995e-01  6.305e-01  6.595e-01  6.863e-01  7.110e-01  7.337e-01  7.545e-01  7.736e-01  7.911e-01  8.070e-01  8.216e-01  8.349e-01  8.470e-01  8.581e-01  8.682e-01  8.775e-01  8.860e-01  8.938e-01  9.009e-01  9.074e-01  9.134e-01  9.189e-01  9.240e-01  9.287e-01  9.330e-01  9.370e-01  9.407e-01  9.441e-01  9.473e-01  9.503e-01  9.530e-01  9.555e-01  9.579e-01  9.601e-01  9.622e-01  9.641e-01  9.659e-01  9.676e-01 	
 2.303e-01  2.704e-01  3.140e-01  3.599e-01  4.067e-01  4.533e-01  4.986e-01  5.418e-01  5.826e-01  6.205e-01  6.554e-01  6.873e-01  7.164e-01  7.426e-01  7.663e-01  7.876e-01  8.068e-01  8.240e-01  8.394e-01  8.533e-01  8.657e-01  8.769e-01  8.870e-01  8.961e-01  9.043e-01  9.117e-01  9.183e-01  9.244e-01  9.299e-01  9.349e-01  9.395e-01  9.436e-01  9.474e-01  9.509e-01  9.541e-01  9.570e-01  9.597e-01  9.622e-01  9.644e-01  9.666e-01  9.685e-01  9.703e-01  9.720e-01  9.735e-01  9.749e-01  9.763e-01  9.775e-01  9.787e-01  9.798e-01  9.808e-01 	
 3.131e-01  3.663e-01  4.209e-01  4.748e-01  5.267e-01  5.754e-01  6.203e-01  6.611e-01  6.978e-01  7.306e-01  7.596e-01  7.853e-01  8.080e-01  8.280e-01  8.455e-01  8.610e-01  8.747e-01  8.867e-01  8.974e-01  9.068e-01  9.152e-01  9.226e-01  9.293e-01  9.352e-01  9.405e-01  9.453e-01  9.496e-01  9.534e-01  9.569e-01  9.601e-01  9.629e-01  9.655e-01  9.679e-01  9.701e-01  9.721e-01  9.739e-01  9.755e-01  9.770e-01  9.784e-01  9.797e-01  9.809e-01  9.820e-01  9.830e-01  9.840e-01  9.849e-01  9.857e-01  9.864e-01  9.871e-01  9.878e-01  9.884e-01 	
 4.127e-01  4.749e-01  5.345e-01  5.898e-01  6.400e-01  6.847e-01  7.239e-01  7.582e-01  7.879e-01  8.136e-01  8.358e-01  8.549e-01  8.714e-01  8.857e-01  8.981e-01  9.089e-01  9.182e-01  9.264e-01  9.336e-01  9.399e-01  9.455e-01  9.504e-01  9.548e-01  9.587e-01  9.621e-01  9.652e-01  9.680e-01  9.705e-01  9.727e-01  9.747e-01  9.766e-01  9.782e-01  9.797e-01  9.811e-01  9.824e-01  9.835e-01  9.846e-01  9.855e-01  9.864e-01  9.873e-01  9.880e-01  9.887e-01  9.893e-01  9.899e-01  9.905e-01  9.910e-01  9.915e-01  9.919e-01  9.923e-01  9.927e-01 	
 5.176e-01  5.817e-01  6.392e-01  6.897e-01  7.333e-01  7.705e-01  8.021e-01  8.288e-01  8.515e-01  8.706e-01  8.869e-01  9.007e-01  9.124e-01  9.225e-01  9.312e-01  9.386e-01  9.451e-01  9.507e-01  9.556e-01  9.599e-01  9.637e-01  9.670e-01  9.699e-01  9.725e-01  9.749e-01  9.769e-01  9.788e-01  9.804e-01  9.819e-01  9.833e-01  9.845e-01  9.856e-01  9.866e-01  9.875e-01  9.884e-01  9.891e-01  9.898e-01  9.904e-01  9.910e-01  9.916e-01  9.921e-01  9.925e-01  9.930e-01  9.934e-01  9.937e-01  9.941e-01  9.944e-01  9.947e-01  9.949e-01  9.952e-01 	
 6.147e-01  6.744e-01  7.252e-01  7.678e-01  8.033e-01  8.328e-01  8.572e-01  8.774e-01  8.943e-01  9.084e-01  9.202e-01  9.302e-01  9.387e-01  9.458e-01  9.520e-01  9.573e-01  9.618e-01  9.657e-01  9.692e-01  9.722e-01  9.748e-01  9.771e-01  9.792e-01  9.810e-01  9.826e-01  9.840e-01  9.853e-01  9.864e-01  9.875e-01  9.884e-01  9.893e-01  9.900e-01  9.907e-01  9.914e-01  9.919e-01  9.925e-01  9.929e-01  9.934e-01  9.938e-01  9.942e-01  9.945e-01  9.948e-01  9.951e-01  9.954e-01  9.956e-01  9.959e-01  9.961e-01  9.963e-01  9.965e-01  9.967e-01 	
 6.963e-01  7.480e-01  7.904e-01  8.248e-01  8.529e-01  8.757e-01  8.943e-01  9.097e-01  9.223e-01  9.328e-01  9.416e-01  9.489e-01  9.551e-01  9.604e-01  9.649e-01  9.688e-01  9.721e-01  9.750e-01  9.775e-01  9.797e-01  9.816e-01  9.833e-01  9.848e-01  9.861e-01  9.873e-01  9.883e-01  9.893e-01  9.901e-01  9.909e-01  9.915e-01  9.922e-01  9.927e-01  9.932e-01  9.937e-01  9.941e-01  9.945e-01  9.948e-01  9.952e-01  9.955e-01  9.957e-01  9.960e-01  9.962e-01  9.964e-01  9.966e-01  9.968e-01  9.970e-01  9.971e-01  9.973e-01  9.974e-01  9.976e-01 	
 7.596e-01  8.022e-01  8.362e-01  8.635e-01  8.854e-01  9.032e-01  9.176e-01  9.295e-01  9.392e-01  9.473e-01  9.541e-01  9.598e-01  9.647e-01  9.688e-01  9.723e-01  9.753e-01  9.779e-01  9.801e-01  9.821e-01  9.838e-01  9.853e-01  9.867e-01  9.878e-01  9.889e-01  9.898e-01  9.906e-01  9.914e-01  9.921e-01  9.927e-01  9.932e-01  9.937e-01  9.941e-01  9.945e-01  9.949e-01  9.952e-01  9.956e-01  9.958e-01  9.961e-01  9.963e-01  9.965e-01  9.968e-01  9.969e-01  9.971e-01  9.973e-01  9.974e-01  9.976e-01  9.977e-01  9.978e-01  9.979e-01  9.980e-01 	
 8.057e-01  8.399e-01  8.670e-01  8.887e-01  9.062e-01  9.203e-01  9.319e-01  9.415e-01  9.494e-01  9.560e-01  9.615e-01  9.662e-01  9.702e-01  9.736e-01  9.765e-01  9.790e-01  9.812e-01  9.831e-01  9.847e-01  9.862e-01  9.875e-01  9.886e-01  9.896e-01  9.905e-01  9.913e-01  9.920e-01  9.926e-01  9.932e-01  9.937e-01  9.941e-01  9.946e-01  9.949e-01  9.953e-01  9.956e-01  9.959e-01  9.962e-01  9.964e-01  9.966e-01  9.968e-01  9.970e-01  9.972e-01  9.973e-01  9.975e-01  9.976e-01  9.978e-01  9.979e-01  9.980e-01  9.981e-01  9.982e-01  9.983e-01 	
 8.371e-01  8.647e-01  8.868e-01  9.045e-01  9.190e-01  9.308e-01  9.406e-01  9.487e-01  9.554e-01  9.611e-01  9.659e-01  9.700e-01  9.735e-01  9.764e-01  9.790e-01  9.812e-01  9.831e-01  9.848e-01  9.863e-01  9.875e-01  9.887e-01  9.897e-01  9.906e-01  9.914e-01  9.921e-01  9.927e-01  9.933e-01  9.938e-01  9.943e-01  9.947e-01  9.951e-01  9.954e-01  9.957e-01  9.960e-01  9.963e-01  9.965e-01  9.967e-01  9.969e-01  9.971e-01  9.973e-01  9.974e-01  9.976e-01  9.977e-01  9.978e-01  9.980e-01  9.981e-01  9.982e-01  9.983e-01  9.983e-01  9.984e-01 	
 8.555e-01  8.785e-01  8.972e-01  9.125e-01  9.251e-01  9.356e-01  9.443e-01  9.516e-01  9.578e-01  9.630e-01  9.675e-01  9.713e-01  9.745e-01  9.773e-01  9.797e-01  9.818e-01  9.837e-01  9.853e-01  9.867e-01  9.879e-01  9.890e-01  9.900e-01  9.908e-01  9.916e-01  9.923e-01  9.929e-01  9.934e-01  9.939e-01  9.944e-01  9.948e-01  9.951e-01  9.955e-01  9.958e-01  9.961e-01  9.963e-01  9.966e-01  9.968e-01  9.970e-01  9.972e-01  9.973e-01  9.975e-01  9.976e-01  9.977e-01  9.979e-01  9.980e-01  9.981e-01  9.982e-01  9.983e-01  9.984e-01  9.985e-01 	
 8.661e-01  8.860e-01  9.024e-01  9.162e-01  9.277e-01  9.375e-01  9.457e-01  9.526e-01  9.585e-01  9.635e-01  9.678e-01  9.715e-01  9.747e-01  9.774e-01  9.798e-01  9.818e-01  9.837e-01  9.852e-01  9.866e-01  9.878e-01  9.889e-01  9.899e-01  9.908e-01  9.915e-01  9.922e-01  9.928e-01  9.934e-01  9.939e-01  9.943e-01  9.947e-01  9.951e-01  9.954e-01  9.957e-01  9.960e-01  9.963e-01  9.965e-01  9.967e-01  9.969e-01  9.971e-01  9.973e-01  9.974e-01  9.976e-01  9.977e-01  9.978e-01  9.980e-01  9.981e-01  9.982e-01  9.983e-01  9.983e-01  9.984e-01 	
 8.705e-01  8.882e-01  9.032e-01  9.161e-01  9.271e-01  9.366e-01  9.446e-01  9.515e-01  9.573e-01  9.624e-01  9.667e-01  9.705e-01  9.737e-01  9.765e-01  9.789e-01  9.811e-01  9.829e-01  9.845e-01  9.860e-01  9.873e-01  9.884e-01  9.894e-01  9.903e-01  9.911e-01  9.918e-01  9.924e-01  9.930e-01  9.935e-01  9.940e-01  9.944e-01  9.948e-01  9.952e-01  9.955e-01  9.958e-01  9.961e-01  9.963e-01  9.965e-01  9.968e-01  9.969e-01  9.971e-01  9.973e-01  9.974e-01  9.976e-01  9.977e-01  9.978e-01  9.980e-01  9.981e-01  9.982e-01  9.982e-01  9.983e-01 	
 8.701e-01  8.864e-01  9.008e-01  9.133e-01  9.242e-01  9.337e-01  9.418e-01  9.489e-01  9.549e-01  9.601e-01  9.647e-01  9.686e-01  9.720e-01  9.749e-01  9.775e-01  9.797e-01  9.817e-01  9.834e-01  9.850e-01  9.863e-01  9.875e-01  9.886e-01  9.895e-01  9.904e-01  9.912e-01  9.918e-01  9.925e-01  9.930e-01  9.935e-01  9.940e-01  9.944e-01  9.948e-01  9.951e-01  9.955e-01  9.958e-01  9.960e-01  9.963e-01  9.965e-01  9.967e-01  9.969e-01  9.971e-01  9.972e-01  9.974e-01  9.975e-01  9.977e-01  9.978e-01  9.979e-01  9.980e-01  9.981e-01  9.982e-01 	
 8.644e-01  8.804e-01  8.948e-01  9.076e-01  9.188e-01  9.287e-01  9.373e-01  9.447e-01  9.512e-01  9.567e-01  9.616e-01  9.658e-01  9.694e-01  9.726e-01  9.754e-01  9.778e-01  9.800e-01  9.819e-01  9.835e-01  9.850e-01  9.863e-01  9.875e-01  9.885e-01  9.895e-01  9.903e-01  9.910e-01  9.917e-01  9.923e-01  9.929e-01  9.934e-01  9.939e-01  9.943e-01  9.947e-01  9.950e-01  9.953e-01  9.956e-01  9.959e-01  9.961e-01  9.964e-01  9.966e-01  9.968e-01  9.969e-01  9.971e-01  9.973e-01  9.974e-01  9.976e-01  9.977e-01  9.978e-01  9.979e-01  9.980e-01 	
 8.561e-01  8.722e-01  8.870e-01  9.003e-01  9.121e-01  9.226e-01  9.317e-01  9.397e-01  9.466e-01  9.526e-01  9.579e-01  9.624e-01  9.664e-01  9.699e-01  9.729e-01  9.756e-01  9.779e-01  9.800e-01  9.818e-01  9.834e-01  9.849e-01  9.862e-01  9.873e-01  9.883e-01  9.893e-01  9.901e-01  9.908e-01  9.915e-01  9.921e-01  9.927e-01  9.932e-01  9.937e-01  9.941e-01  9.945e-01  9.948e-01  9.951e-01  9.954e-01  9.957e-01  9.960e-01  9.962e-01  9.964e-01  9.966e-01  9.968e-01  9.970e-01  9.971e-01  9.973e-01  9.974e-01  9.976e-01  9.977e-01  9.978e-01 	
 8.457e-01  8.621e-01  8.775e-01  8.915e-01  9.041e-01  9.152e-01  9.251e-01  9.337e-01  9.412e-01  9.478e-01  9.535e-01  9.585e-01  9.628e-01  9.666e-01  9.700e-01  9.729e-01  9.755e-01  9.778e-01  9.798e-01  9.816e-01  9.832e-01  9.846e-01  9.859e-01  9.870e-01  9.880e-01  9.890e-01  9.898e-01  9.905e-01  9.912e-01  9.918e-01  9.924e-01  9.929e-01  9.934e-01  9.938e-01  9.942e-01  9.946e-01  9.949e-01  9.952e-01  9.955e-01  9.958e-01  9.960e-01  9.962e-01  9.964e-01  9.966e-01  9.968e-01  9.970e-01  9.971e-01  9.973e-01  9.974e-01  9.975e-01 	
 8.334e-01  8.504e-01  8.666e-01  8.815e-01  8.949e-01  9.069e-01  9.176e-01  9.269e-01  9.351e-01  9.423e-01  9.486e-01  9.540e-01  9.588e-01  9.630e-01  9.667e-01  9.699e-01  9.728e-01  9.753e-01  9.776e-01  9.795e-01  9.813e-01  9.829e-01  9.843e-01  9.856e-01  9.867e-01  9.877e-01  9.886e-01  9.895e-01  9.902e-01  9.909e-01  9.915e-01  9.921e-01  9.926e-01  9.931e-01  9.936e-01  9.940e-01  9.943e-01  9.947e-01  9.950e-01  9.953e-01  9.955e-01  9.958e-01  9.960e-01  9.962e-01  9.964e-01  9.966e-01  9.968e-01  9.970e-01  9.971e-01  9.972e-01 	
 8.192e-01  8.370e-01  8.542e-01  8.701e-01  8.845e-01  8.975e-01  9.091e-01  9.193e-01  9.282e-01  9.361e-01  9.429e-01  9.490e-01  9.542e-01  9.589e-01  9.629e-01  9.665e-01  9.697e-01  9.725e-01  9.750e-01  9.772e-01  9.791e-01  9.809e-01  9.825e-01  9.839e-01  9.851e-01  9.863e-01  9.873e-01  9.882e-01  9.891e-01  9.898e-01  9.905e-01  9.912e-01  9.918e-01  9.923e-01  9.928e-01  9.932e-01  9.936e-01  9.940e-01  9.944e-01  9.947e-01  9.950e-01  9.953e-01  9.955e-01  9.958e-01  9.960e-01  9.962e-01  9.964e-01  9.966e-01  9.968e-01  9.969e-01 	
 8.036e-01  8.224e-01  8.406e-01  8.576e-01  8.732e-01  8.872e-01  8.997e-01  9.108e-01  9.206e-01  9.292e-01  9.367e-01  9.433e-01  9.492e-01  9.543e-01  9.588e-01  9.627e-01  9.662e-01  9.693e-01  9.721e-01  9.745e-01  9.767e-01  9.787e-01  9.804e-01  9.820e-01  9.834e-01  9.847e-01  9.858e-01  9.868e-01  9.878e-01  9.886e-01  9.894e-01  9.901e-01  9.908e-01  9.914e-01  9.919e-01  9.924e-01  9.929e-01  9.933e-01  9.937e-01  9.941e-01  9.944e-01  9.947e-01  9.950e-01  9.953e-01  9.955e-01  9.958e-01  9.960e-01  9.962e-01  9.964e-01  9.965e-01 	
 7.872e-01  8.069e-01  8.262e-01  8.443e-01  8.610e-01  8.761e-01  8.896e-01  9.017e-01  9.123e-01  9.217e-01  9.300e-01  9.372e-01  9.436e-01  9.493e-01  9.542e-01  9.586e-01  9.625e-01  9.659e-01  9.689e-01  9.717e-01  9.741e-01  9.762e-01  9.782e-01  9.799e-01  9.815e-01  9.829e-01  9.842e-01  9.853e-01  9.864e-01  9.873e-01  9.882e-01  9.890e-01  9.897e-01  9.904e-01  9.910e-01  9.915e-01  9.921e-01  9.925e-01  9.930e-01  9.934e-01  9.938e-01  9.941e-01  9.944e-01  9.947e-01  9.950e-01  9.953e-01  9.955e-01  9.957e-01  9.959e-01  9.961e-01 	
 7.699e-01  7.906e-01  8.110e-01  8.302e-01  8.481e-01  8.643e-01  8.789e-01  8.920e-01  9.035e-01  9.137e-01  9.228e-01  9.307e-01  9.377e-01  9.439e-01  9.493e-01  9.541e-01  9.584e-01  9.622e-01  9.656e-01  9.686e-01  9.712e-01  9.736e-01  9.758e-01  9.777e-01  9.794e-01  9.810e-01  9.824e-01  9.837e-01  9.848e-01  9.859e-01  9.869e-01  9.877e-01  9.886e-01  9.893e-01  9.900e-01  9.906e-01  9.912e-01  9.917e-01  9.922e-01  9.926e-01  9.930e-01  9.934e-01  9.938e-01  9.941e-01  9.944e-01  9.947e-01  9.950e-01  9.952e-01  9.955e-01  9.957e-01 	
 7.520e-01  7.737e-01  7.952e-01  8.156e-01  8.346e-01  8.520e-01  8.677e-01  8.817e-01  8.942e-01  9.053e-01  9.151e-01  9.237e-01  9.314e-01  9.381e-01  9.441e-01  9.494e-01  9.540e-01  9.582e-01  9.619e-01  9.652e-01  9.681e-01  9.708e-01  9.731e-01  9.753e-01  9.772e-01  9.789e-01  9.805e-01  9.819e-01  9.832e-01  9.844e-01  9.854e-01  9.864e-01  9.873e-01  9.881e-01  9.889e-01  9.895e-01  9.902e-01  9.908e-01  9.913e-01  9.918e-01  9.923e-01  9.927e-01  9.931e-01  9.935e-01  9.938e-01  9.941e-01  9.944e-01  9.947e-01  9.950e-01  9.952e-01 	
