 5.354e-04  7.127e-04  9.063e-04  1.111e-03  1.323e-03  1.538e-03  1.755e-03  1.970e-03  2.182e-03  2.390e-03  2.593e-03  2.791e-03  2.983e-03  3.169e-03  3.349e-03  3.522e-03  3.689e-03  3.851e-03  4.006e-03  4.156e-03  4.300e-03  4.439e-03  4.572e-03  4.701e-03  4.825e-03  4.945e-03  5.060e-03  5.171e-03  5.278e-03  5.382e-03  5.482e-03  5.578e-03  5.671e-03  5.761e-03  5.848e-03  5.932e-03  6.014e-03  6.092e-03  6.169e-03  6.242e-03  6.314e-03  6.384e-03  6.451e-03  6.516e-03  6.580e-03  6.641e-03  6.701e-03  6.759e-03  6.816e-03  6.871e-03 	
 6.900e-04  9.031e-04  1.132e-03  1.371e-03  1.615e-03  1.860e-03  2.105e-03  2.346e-03  2.581e-03  2.811e-03  3.034e-03  3.250e-03  3.459e-03  3.659e-03  3.853e-03  4.039e-03  4.218e-03  4.389e-03  4.555e-03  4.713e-03  4.865e-03  5.012e-03  5.152e-03  5.287e-03  5.417e-03  5.542e-03  5.663e-03  5.779e-03  5.890e-03  5.998e-03  6.101e-03  6.201e-03  6.298e-03  6.391e-03  6.480e-03  6.567e-03  6.651e-03  6.732e-03  6.811e-03  6.887e-03  6.961e-03  7.032e-03  7.101e-03  7.168e-03  7.233e-03  7.296e-03  7.358e-03  7.417e-03  7.475e-03  7.531e-03 	
 8.824e-04  1.135e-03  1.403e-03  1.678e-03  1.956e-03  2.233e-03  2.507e-03  2.774e-03  3.034e-03  3.286e-03  3.529e-03  3.762e-03  3.987e-03  4.203e-03  4.410e-03  4.608e-03  4.798e-03  4.980e-03  5.154e-03  5.322e-03  5.482e-03  5.635e-03  5.782e-03  5.924e-03  6.059e-03  6.189e-03  6.315e-03  6.435e-03  6.550e-03  6.662e-03  6.769e-03  6.872e-03  6.972e-03  7.068e-03  7.160e-03  7.250e-03  7.336e-03  7.420e-03  7.500e-03  7.578e-03  7.654e-03  7.727e-03  7.798e-03  7.867e-03  7.934e-03  7.998e-03  8.061e-03  8.122e-03  8.181e-03  8.239e-03 	
 1.121e-03  1.418e-03  1.727e-03  2.041e-03  2.355e-03  2.665e-03  2.968e-03  3.263e-03  3.547e-03  3.820e-03  4.083e-03  4.335e-03  4.576e-03  4.806e-03  5.026e-03  5.236e-03  5.437e-03  5.629e-03  5.812e-03  5.987e-03  6.155e-03  6.315e-03  6.469e-03  6.616e-03  6.757e-03  6.892e-03  7.021e-03  7.146e-03  7.266e-03  7.381e-03  7.491e-03  7.598e-03  7.700e-03  7.799e-03  7.894e-03  7.986e-03  8.075e-03  8.161e-03  8.244e-03  8.324e-03  8.401e-03  8.476e-03  8.549e-03  8.620e-03  8.688e-03  8.754e-03  8.819e-03  8.881e-03  8.942e-03  9.001e-03 	
 1.419e-03  1.763e-03  2.116e-03  2.472e-03  2.823e-03  3.167e-03  3.500e-03  3.821e-03  4.130e-03  4.425e-03  4.707e-03  4.977e-03  5.233e-03  5.477e-03  5.710e-03  5.932e-03  6.143e-03  6.344e-03  6.536e-03  6.719e-03  6.894e-03  7.061e-03  7.221e-03  7.373e-03  7.519e-03  7.659e-03  7.793e-03  7.922e-03  8.045e-03  8.164e-03  8.278e-03  8.387e-03  8.493e-03  8.595e-03  8.693e-03  8.787e-03  8.879e-03  8.967e-03  9.052e-03  9.134e-03  9.214e-03  9.291e-03  9.366e-03  9.439e-03  9.509e-03  9.577e-03  9.644e-03  9.708e-03  9.771e-03  9.832e-03 	
 1.792e-03  2.187e-03  2.587e-03  2.985e-03  3.375e-03  3.753e-03  4.117e-03  4.465e-03  4.798e-03  5.115e-03  5.416e-03  5.702e-03  5.974e-03  6.232e-03  6.477e-03  6.710e-03  6.931e-03  7.142e-03  7.342e-03  7.533e-03  7.714e-03  7.888e-03  8.053e-03  8.211e-03  8.362e-03  8.507e-03  8.645e-03  8.778e-03  8.905e-03  9.028e-03  9.145e-03  9.258e-03  9.367e-03  9.472e-03  9.573e-03  9.670e-03  9.764e-03  9.855e-03  9.943e-03  1.003e-02  1.011e-02  1.019e-02  1.027e-02  1.034e-02  1.042e-02  1.049e-02  1.056e-02  1.062e-02  1.069e-02  1.075e-02 	
 2.265e-03  2.713e-03  3.163e-03  3.605e-03  4.034e-03  4.446e-03  4.841e-03  5.216e-03  5.573e-03  5.911e-03  6.231e-03  6.534e-03  6.821e-03  7.092e-03  7.349e-03  7.593e-03  7.824e-03  8.043e-03  8.251e-03  8.449e-03  8.638e-03  8.817e-03  8.989e-03  9.152e-03  9.309e-03  9.458e-03  9.601e-03  9.739e-03  9.870e-03  9.997e-03  1.012e-02  1.023e-02  1.035e-02  1.046e-02  1.056e-02  1.066e-02  1.076e-02  1.085e-02  1.095e-02  1.103e-02  1.112e-02  1.120e-02  1.128e-02  1.136e-02  1.144e-02  1.151e-02  1.159e-02  1.166e-02  1.173e-02  1.179e-02 	
 2.873e-03  3.377e-03  3.878e-03  4.364e-03  4.833e-03  5.280e-03  5.705e-03  6.107e-03  6.488e-03  6.846e-03  7.185e-03  7.504e-03  7.805e-03  8.090e-03  8.358e-03  8.613e-03  8.853e-03  9.082e-03  9.298e-03  9.504e-03  9.700e-03  9.886e-03  1.006e-02  1.023e-02  1.040e-02  1.055e-02  1.070e-02  1.084e-02  1.098e-02  1.111e-02  1.124e-02  1.136e-02  1.147e-02  1.159e-02  1.170e-02  1.180e-02  1.191e-02  1.201e-02  1.210e-02  1.220e-02  1.229e-02  1.238e-02  1.246e-02  1.255e-02  1.263e-02  1.271e-02  1.279e-02  1.286e-02  1.294e-02  1.301e-02 	
 3.665e-03  4.228e-03  4.780e-03  5.313e-03  5.821e-03  6.303e-03  6.758e-03  7.187e-03  7.590e-03  7.969e-03  8.326e-03  8.661e-03  8.977e-03  9.274e-03  9.555e-03  9.820e-03  1.007e-02  1.031e-02  1.053e-02  1.075e-02  1.095e-02  1.115e-02  1.133e-02  1.151e-02  1.168e-02  1.184e-02  1.199e-02  1.214e-02  1.228e-02  1.242e-02  1.256e-02  1.268e-02  1.281e-02  1.293e-02  1.305e-02  1.316e-02  1.327e-02  1.338e-02  1.348e-02  1.358e-02  1.368e-02  1.378e-02  1.387e-02  1.397e-02  1.406e-02  1.415e-02  1.424e-02  1.433e-02  1.441e-02  1.450e-02 	
 4.714e-03  5.337e-03  5.942e-03  6.520e-03  7.068e-03  7.584e-03  8.069e-03  8.524e-03  8.950e-03  9.349e-03  9.724e-03  1.008e-02  1.041e-02  1.072e-02  1.101e-02  1.129e-02  1.155e-02  1.180e-02  1.203e-02  1.226e-02  1.247e-02  1.267e-02  1.287e-02  1.305e-02  1.323e-02  1.340e-02  1.357e-02  1.372e-02  1.388e-02  1.402e-02  1.417e-02  1.431e-02  1.444e-02  1.457e-02  1.470e-02  1.483e-02  1.495e-02  1.507e-02  1.519e-02  1.530e-02  1.542e-02  1.553e-02  1.564e-02  1.575e-02  1.586e-02  1.597e-02  1.608e-02  1.619e-02  1.630e-02  1.641e-02 	
 6.122e-03  6.806e-03  7.463e-03  8.086e-03  8.673e-03  9.223e-03  9.737e-03  1.022e-02  1.067e-02  1.109e-02  1.148e-02  1.185e-02  1.220e-02  1.252e-02  1.283e-02  1.312e-02  1.339e-02  1.365e-02  1.390e-02  1.414e-02  1.436e-02  1.458e-02  1.479e-02  1.498e-02  1.518e-02  1.536e-02  1.554e-02  1.571e-02  1.588e-02  1.604e-02  1.620e-02  1.636e-02  1.651e-02  1.666e-02  1.681e-02  1.696e-02  1.710e-02  1.725e-02  1.739e-02  1.753e-02  1.768e-02  1.782e-02  1.796e-02  1.811e-02  1.825e-02  1.840e-02  1.855e-02  1.870e-02  1.885e-02  1.900e-02 	
 8.032e-03  8.775e-03  9.483e-03  1.015e-02  1.077e-02  1.136e-02  1.190e-02  1.241e-02  1.288e-02  1.332e-02  1.374e-02  1.412e-02  1.449e-02  1.483e-02  1.515e-02  1.546e-02  1.575e-02  1.603e-02  1.630e-02  1.655e-02  1.679e-02  1.703e-02  1.725e-02  1.747e-02  1.768e-02  1.789e-02  1.809e-02  1.829e-02  1.849e-02  1.868e-02  1.887e-02  1.906e-02  1.924e-02  1.943e-02  1.962e-02  1.980e-02  1.999e-02  2.018e-02  2.038e-02  2.057e-02  2.077e-02  2.097e-02  2.117e-02  2.138e-02  2.160e-02  2.182e-02  2.204e-02  2.227e-02  2.251e-02  2.275e-02 	
 1.064e-02  1.144e-02  1.219e-02  1.290e-02  1.356e-02  1.418e-02  1.475e-02  1.528e-02  1.578e-02  1.625e-02  1.668e-02  1.709e-02  1.748e-02  1.784e-02  1.819e-02  1.852e-02  1.883e-02  1.914e-02  1.943e-02  1.971e-02  1.998e-02  2.024e-02  2.050e-02  2.075e-02  2.100e-02  2.125e-02  2.150e-02  2.174e-02  2.198e-02  2.223e-02  2.248e-02  2.273e-02  2.298e-02  2.324e-02  2.350e-02  2.376e-02  2.404e-02  2.432e-02  2.461e-02  2.491e-02  2.521e-02  2.553e-02  2.586e-02  2.619e-02  2.654e-02  2.690e-02  2.728e-02  2.766e-02  2.806e-02  2.847e-02 	
 1.420e-02  1.505e-02  1.584e-02  1.659e-02  1.729e-02  1.793e-02  1.853e-02  1.909e-02  1.962e-02  2.011e-02  2.058e-02  2.101e-02  2.143e-02  2.182e-02  2.220e-02  2.257e-02  2.292e-02  2.326e-02  2.359e-02  2.392e-02  2.424e-02  2.456e-02  2.488e-02  2.519e-02  2.551e-02  2.584e-02  2.616e-02  2.650e-02  2.684e-02  2.718e-02  2.754e-02  2.791e-02  2.829e-02  2.869e-02  2.910e-02  2.952e-02  2.996e-02  3.042e-02  3.089e-02  3.139e-02  3.190e-02  3.244e-02  3.299e-02  3.357e-02  3.417e-02  3.479e-02  3.544e-02  3.611e-02  3.680e-02  3.752e-02 	
 1.905e-02  1.993e-02  2.076e-02  2.154e-02  2.226e-02  2.294e-02  2.357e-02  2.416e-02  2.472e-02  2.525e-02  2.575e-02  2.623e-02  2.669e-02  2.713e-02  2.756e-02  2.798e-02  2.840e-02  2.881e-02  2.922e-02  2.963e-02  3.004e-02  3.046e-02  3.089e-02  3.134e-02  3.179e-02  3.226e-02  3.274e-02  3.325e-02  3.378e-02  3.433e-02  3.490e-02  3.550e-02  3.613e-02  3.678e-02  3.747e-02  3.818e-02  3.893e-02  3.972e-02  4.054e-02  4.139e-02  4.228e-02  4.321e-02  4.417e-02  4.518e-02  4.622e-02  4.731e-02  4.843e-02  4.960e-02  5.081e-02  5.206e-02 	
 2.559e-02  2.649e-02  2.734e-02  2.814e-02  2.889e-02  2.959e-02  3.026e-02  3.089e-02  3.149e-02  3.207e-02  3.262e-02  3.316e-02  3.369e-02  3.422e-02  3.474e-02  3.527e-02  3.580e-02  3.634e-02  3.690e-02  3.747e-02  3.807e-02  3.869e-02  3.933e-02  4.001e-02  4.073e-02  4.148e-02  4.227e-02  4.310e-02  4.398e-02  4.490e-02  4.587e-02  4.689e-02  4.797e-02  4.909e-02  5.028e-02  5.152e-02  5.281e-02  5.417e-02  5.559e-02  5.707e-02  5.860e-02  6.021e-02  6.187e-02  6.360e-02  6.539e-02  6.725e-02  6.918e-02  7.117e-02  7.322e-02  7.535e-02 	
 3.427e-02  3.516e-02  3.601e-02  3.682e-02  3.759e-02  3.833e-02  3.904e-02  3.972e-02  4.039e-02  4.105e-02  4.170e-02  4.235e-02  4.302e-02  4.369e-02  4.439e-02  4.511e-02  4.587e-02  4.666e-02  4.750e-02  4.838e-02  4.932e-02  5.032e-02  5.137e-02  5.250e-02  5.369e-02  5.495e-02  5.629e-02  5.771e-02  5.921e-02  6.080e-02  6.246e-02  6.422e-02  6.606e-02  6.800e-02  7.002e-02  7.214e-02  7.435e-02  7.666e-02  7.906e-02  8.156e-02  8.416e-02  8.685e-02  8.964e-02  9.252e-02  9.551e-02  9.859e-02  1.018e-01  1.050e-01  1.084e-01  1.119e-01 	
 4.556e-02  4.640e-02  4.722e-02  4.803e-02  4.882e-02  4.960e-02  5.038e-02  5.116e-02  5.195e-02  5.275e-02  5.358e-02  5.445e-02  5.536e-02  5.633e-02  5.736e-02  5.846e-02  5.963e-02  6.090e-02  6.226e-02  6.371e-02  6.527e-02  6.694e-02  6.873e-02  7.063e-02  7.266e-02  7.481e-02  7.709e-02  7.950e-02  8.204e-02  8.472e-02  8.753e-02  9.048e-02  9.357e-02  9.679e-02  1.002e-01  1.037e-01  1.073e-01  1.111e-01  1.150e-01  1.191e-01  1.233e-01  1.276e-01  1.321e-01  1.367e-01  1.415e-01  1.463e-01  1.513e-01  1.565e-01  1.617e-01  1.671e-01 	
 5.985e-02  6.059e-02  6.136e-02  6.216e-02  6.299e-02  6.385e-02  6.476e-02  6.571e-02  6.672e-02  6.781e-02  6.898e-02  7.026e-02  7.164e-02  7.315e-02  7.479e-02  7.657e-02  7.851e-02  8.061e-02  8.288e-02  8.532e-02  8.795e-02  9.075e-02  9.374e-02  9.693e-02  1.003e-01  1.039e-01  1.077e-01  1.116e-01  1.158e-01  1.202e-01  1.247e-01  1.295e-01  1.344e-01  1.396e-01  1.449e-01  1.505e-01  1.562e-01  1.621e-01  1.682e-01  1.744e-01  1.809e-01  1.875e-01  1.943e-01  2.012e-01  2.083e-01  2.155e-01  2.228e-01  2.303e-01  2.380e-01  2.457e-01 	
 7.742e-02  7.799e-02  7.869e-02  7.949e-02  8.041e-02  8.144e-02  8.259e-02  8.389e-02  8.534e-02  8.696e-02  8.876e-02  9.078e-02  9.300e-02  9.546e-02  9.816e-02  1.011e-01  1.043e-01  1.078e-01  1.115e-01  1.156e-01  1.199e-01  1.244e-01  1.293e-01  1.344e-01  1.398e-01  1.455e-01  1.515e-01  1.577e-01  1.642e-01  1.710e-01  1.780e-01  1.852e-01  1.928e-01  2.005e-01  2.085e-01  2.167e-01  2.251e-01  2.337e-01  2.425e-01  2.514e-01  2.605e-01  2.698e-01  2.792e-01  2.888e-01  2.985e-01  3.082e-01  3.181e-01  3.280e-01  3.380e-01  3.481e-01 	
 9.829e-02  9.863e-02  9.925e-02  1.001e-01  1.012e-01  1.026e-01  1.043e-01  1.062e-01  1.084e-01  1.110e-01  1.139e-01  1.172e-01  1.208e-01  1.248e-01  1.292e-01  1.340e-01  1.391e-01  1.447e-01  1.506e-01  1.569e-01  1.637e-01  1.708e-01  1.782e-01  1.861e-01  1.942e-01  2.028e-01  2.116e-01  2.208e-01  2.303e-01  2.401e-01  2.501e-01  2.604e-01  2.709e-01  2.817e-01  2.926e-01  3.038e-01  3.151e-01  3.265e-01  3.380e-01  3.496e-01  3.613e-01  3.731e-01  3.849e-01  3.967e-01  4.085e-01  4.203e-01  4.321e-01  4.438e-01  4.554e-01  4.670e-01 	
 1.222e-01  1.222e-01  1.228e-01  1.239e-01  1.254e-01  1.275e-01  1.300e-01  1.331e-01  1.366e-01  1.407e-01  1.454e-01  1.506e-01  1.563e-01  1.626e-01  1.694e-01  1.768e-01  1.847e-01  1.931e-01  2.020e-01  2.114e-01  2.213e-01  2.316e-01  2.423e-01  2.535e-01  2.650e-01  2.769e-01  2.891e-01  3.015e-01  3.143e-01  3.272e-01  3.404e-01  3.537e-01  3.671e-01  3.806e-01  3.942e-01  4.078e-01  4.214e-01  4.350e-01  4.485e-01  4.620e-01  4.753e-01  4.886e-01  5.016e-01  5.146e-01  5.273e-01  5.399e-01  5.522e-01  5.643e-01  5.762e-01  5.879e-01 	
 1.483e-01  1.481e-01  1.488e-01  1.503e-01  1.527e-01  1.559e-01  1.600e-01  1.648e-01  1.703e-01  1.767e-01  1.838e-01  1.917e-01  2.004e-01  2.097e-01  2.197e-01  2.304e-01  2.418e-01  2.537e-01  2.662e-01  2.792e-01  2.927e-01  3.066e-01  3.209e-01  3.355e-01  3.504e-01  3.655e-01  3.807e-01  3.962e-01  4.116e-01  4.272e-01  4.427e-01  4.581e-01  4.734e-01  4.887e-01  5.037e-01  5.186e-01  5.332e-01  5.476e-01  5.617e-01  5.755e-01  5.890e-01  6.022e-01  6.151e-01  6.276e-01  6.398e-01  6.517e-01  6.632e-01  6.744e-01  6.852e-01  6.957e-01 	
 1.758e-01  1.755e-01  1.766e-01  1.792e-01  1.830e-01  1.880e-01  1.942e-01  2.015e-01  2.099e-01  2.193e-01  2.297e-01  2.410e-01  2.532e-01  2.663e-01  2.801e-01  2.947e-01  3.098e-01  3.255e-01  3.418e-01  3.584e-01  3.753e-01  3.925e-01  4.099e-01  4.273e-01  4.449e-01  4.623e-01  4.797e-01  4.969e-01  5.139e-01  5.307e-01  5.471e-01  5.633e-01  5.790e-01  5.944e-01  6.094e-01  6.240e-01  6.381e-01  6.518e-01  6.650e-01  6.778e-01  6.901e-01  7.020e-01  7.134e-01  7.244e-01  7.350e-01  7.452e-01  7.549e-01  7.643e-01  7.733e-01  7.819e-01 	
 2.044e-01  2.044e-01  2.066e-01  2.108e-01  2.168e-01  2.244e-01  2.336e-01  2.443e-01  2.562e-01  2.694e-01  2.838e-01  2.991e-01  3.154e-01  3.325e-01  3.503e-01  3.687e-01  3.876e-01  4.068e-01  4.262e-01  4.458e-01  4.653e-01  4.848e-01  5.041e-01  5.232e-01  5.420e-01  5.604e-01  5.783e-01  5.958e-01  6.128e-01  6.292e-01  6.451e-01  6.604e-01  6.751e-01  6.893e-01  7.029e-01  7.159e-01  7.284e-01  7.403e-01  7.517e-01  7.625e-01  7.729e-01  7.828e-01  7.922e-01  8.011e-01  8.097e-01  8.178e-01  8.255e-01  8.329e-01  8.398e-01  8.465e-01 	
 2.350e-01  2.361e-01  2.403e-01  2.471e-01  2.563e-01  2.675e-01  2.806e-01  2.953e-01  3.115e-01  3.291e-01  3.477e-01  3.673e-01  3.877e-01  4.087e-01  4.301e-01  4.517e-01  4.734e-01  4.951e-01  5.165e-01  5.377e-01  5.584e-01  5.787e-01  5.984e-01  6.174e-01  6.358e-01  6.535e-01  6.705e-01  6.868e-01  7.023e-01  7.171e-01  7.312e-01  7.446e-01  7.573e-01  7.693e-01  7.808e-01  7.916e-01  8.018e-01  8.115e-01  8.206e-01  8.293e-01  8.374e-01  8.452e-01  8.525e-01  8.594e-01  8.659e-01  8.720e-01  8.778e-01  8.833e-01  8.885e-01  8.935e-01 	
 2.686e-01  2.721e-01  2.794e-01  2.899e-01  3.032e-01  3.188e-01  3.365e-01  3.559e-01  3.767e-01  3.986e-01  4.214e-01  4.449e-01  4.686e-01  4.925e-01  5.163e-01  5.398e-01  5.629e-01  5.854e-01  6.072e-01  6.282e-01  6.484e-01  6.677e-01  6.862e-01  7.037e-01  7.203e-01  7.361e-01  7.509e-01  7.649e-01  7.781e-01  7.905e-01  8.021e-01  8.131e-01  8.233e-01  8.330e-01  8.420e-01  8.505e-01  8.584e-01  8.659e-01  8.729e-01  8.794e-01  8.856e-01  8.914e-01  8.968e-01  9.019e-01  9.067e-01  9.112e-01  9.154e-01  9.194e-01  9.231e-01  9.267e-01 	
 3.046e-01  3.116e-01  3.230e-01  3.382e-01  3.563e-01  3.768e-01  3.992e-01  4.231e-01  4.481e-01  4.738e-01  4.997e-01  5.257e-01  5.514e-01  5.766e-01  6.011e-01  6.247e-01  6.473e-01  6.690e-01  6.895e-01  7.089e-01  7.272e-01  7.444e-01  7.605e-01  7.756e-01  7.897e-01  8.028e-01  8.151e-01  8.265e-01  8.371e-01  8.470e-01  8.562e-01  8.647e-01  8.727e-01  8.801e-01  8.870e-01  8.934e-01  8.994e-01  9.049e-01  9.101e-01  9.150e-01  9.195e-01  9.237e-01  9.277e-01  9.314e-01  9.348e-01  9.381e-01  9.411e-01  9.440e-01  9.467e-01  9.492e-01 	
 3.420e-01  3.535e-01  3.699e-01  3.901e-01  4.132e-01  4.384e-01  4.651e-01  4.927e-01  5.207e-01  5.486e-01  5.762e-01  6.030e-01  6.289e-01  6.537e-01  6.772e-01  6.994e-01  7.203e-01  7.398e-01  7.581e-01  7.750e-01  7.907e-01  8.052e-01  8.187e-01  8.311e-01  8.426e-01  8.532e-01  8.630e-01  8.720e-01  8.803e-01  8.880e-01  8.951e-01  9.016e-01  9.077e-01  9.133e-01  9.184e-01  9.233e-01  9.277e-01  9.318e-01  9.357e-01  9.393e-01  9.426e-01  9.457e-01  9.486e-01  9.513e-01  9.538e-01  9.561e-01  9.583e-01  9.604e-01  9.623e-01  9.641e-01 	
 3.827e-01  3.996e-01  4.214e-01  4.466e-01  4.742e-01  5.032e-01  5.330e-01  5.629e-01  5.923e-01  6.209e-01  6.483e-01  6.744e-01  6.989e-01  7.219e-01  7.433e-01  7.631e-01  7.813e-01  7.981e-01  8.136e-01  8.278e-01  8.407e-01  8.526e-01  8.635e-01  8.734e-01  8.825e-01  8.908e-01  8.984e-01  9.054e-01  9.118e-01  9.177e-01  9.231e-01  9.280e-01  9.326e-01  9.368e-01  9.407e-01  9.443e-01  9.476e-01  9.506e-01  9.535e-01  9.561e-01  9.585e-01  9.608e-01  9.629e-01  9.649e-01  9.667e-01  9.684e-01  9.700e-01  9.715e-01  9.729e-01  9.742e-01 	
 4.279e-01  4.505e-01  4.773e-01  5.069e-01  5.379e-01  5.695e-01  6.007e-01  6.312e-01  6.603e-01  6.879e-01  7.137e-01  7.377e-01  7.598e-01  7.801e-01  7.986e-01  8.155e-01  8.309e-01  8.448e-01  8.575e-01  8.690e-01  8.794e-01  8.889e-01  8.974e-01  9.052e-01  9.123e-01  9.187e-01  9.246e-01  9.299e-01  9.348e-01  9.393e-01  9.433e-01  9.471e-01  9.505e-01  9.536e-01  9.565e-01  9.592e-01  9.617e-01  9.639e-01  9.660e-01  9.680e-01  9.698e-01  9.715e-01  9.730e-01  9.744e-01  9.758e-01  9.770e-01  9.782e-01  9.793e-01  9.803e-01  9.813e-01 	
 4.760e-01  5.036e-01  5.346e-01  5.671e-01  6.000e-01  6.323e-01  6.635e-01  6.929e-01  7.204e-01  7.457e-01  7.690e-01  7.902e-01  8.094e-01  8.267e-01  8.423e-01  8.564e-01  8.690e-01  8.804e-01  8.906e-01  8.998e-01  9.081e-01  9.155e-01  9.222e-01  9.283e-01  9.338e-01  9.388e-01  9.433e-01  9.474e-01  9.511e-01  9.545e-01  9.576e-01  9.604e-01  9.630e-01  9.654e-01  9.676e-01  9.696e-01  9.714e-01  9.731e-01  9.747e-01  9.762e-01  9.775e-01  9.788e-01  9.799e-01  9.810e-01  9.820e-01  9.829e-01  9.838e-01  9.846e-01  9.854e-01  9.861e-01 	
 5.278e-01  5.593e-01  5.927e-01  6.266e-01  6.596e-01  6.911e-01  7.206e-01  7.478e-01  7.726e-01  7.951e-01  8.153e-01  8.334e-01  8.496e-01  8.641e-01  8.769e-01  8.884e-01  8.986e-01  9.077e-01  9.159e-01  9.231e-01  9.296e-01  9.355e-01  9.407e-01  9.454e-01  9.497e-01  9.535e-01  9.570e-01  9.601e-01  9.630e-01  9.656e-01  9.679e-01  9.701e-01  9.720e-01  9.739e-01  9.755e-01  9.770e-01  9.784e-01  9.797e-01  9.809e-01  9.820e-01  9.830e-01  9.840e-01  9.848e-01  9.857e-01  9.864e-01  9.871e-01  9.878e-01  9.884e-01  9.890e-01  9.895e-01 	
 5.808e-01  6.145e-01  6.488e-01  6.822e-01  7.139e-01  7.433e-01  7.701e-01  7.944e-01  8.161e-01  8.355e-01  8.526e-01  8.678e-01  8.812e-01  8.931e-01  9.036e-01  9.128e-01  9.210e-01  9.283e-01  9.347e-01  9.405e-01  9.456e-01  9.502e-01  9.542e-01  9.579e-01  9.612e-01  9.642e-01  9.669e-01  9.693e-01  9.715e-01  9.735e-01  9.753e-01  9.770e-01  9.785e-01  9.799e-01  9.812e-01  9.823e-01  9.834e-01  9.844e-01  9.853e-01  9.862e-01  9.869e-01  9.877e-01  9.883e-01  9.890e-01  9.895e-01  9.901e-01  9.906e-01  9.910e-01  9.915e-01  9.919e-01 	
 6.321e-01  6.663e-01  6.998e-01  7.316e-01  7.609e-01  7.875e-01  8.113e-01  8.325e-01  8.511e-01  8.675e-01  8.819e-01  8.945e-01  9.055e-01  9.152e-01  9.237e-01  9.311e-01  9.377e-01  9.435e-01  9.487e-01  9.532e-01  9.573e-01  9.609e-01  9.641e-01  9.670e-01  9.696e-01  9.719e-01  9.740e-01  9.759e-01  9.777e-01  9.792e-01  9.807e-01  9.820e-01  9.831e-01  9.842e-01  9.852e-01  9.861e-01  9.870e-01  9.877e-01  9.885e-01  9.891e-01  9.897e-01  9.903e-01  9.908e-01  9.913e-01  9.917e-01  9.922e-01  9.926e-01  9.929e-01  9.933e-01  9.936e-01 	
 6.786e-01  7.120e-01  7.438e-01  7.732e-01  7.997e-01  8.233e-01  8.441e-01  8.623e-01  8.782e-01  8.920e-01  9.041e-01  9.145e-01  9.236e-01  9.316e-01  9.385e-01  9.446e-01  9.499e-01  9.546e-01  9.588e-01  9.624e-01  9.657e-01  9.686e-01  9.712e-01  9.735e-01  9.756e-01  9.774e-01  9.791e-01  9.806e-01  9.820e-01  9.833e-01  9.844e-01  9.854e-01  9.864e-01  9.873e-01  9.881e-01  9.888e-01  9.895e-01  9.901e-01  9.906e-01  9.912e-01  9.917e-01  9.921e-01  9.925e-01  9.929e-01  9.933e-01  9.936e-01  9.939e-01  9.942e-01  9.945e-01  9.948e-01 	
 7.192e-01  7.511e-01  7.807e-01  8.074e-01  8.311e-01  8.518e-01  8.699e-01  8.856e-01  8.991e-01  9.108e-01  9.209e-01  9.296e-01  9.372e-01  9.437e-01  9.495e-01  9.545e-01  9.589e-01  9.627e-01  9.661e-01  9.691e-01  9.718e-01  9.742e-01  9.763e-01  9.782e-01  9.799e-01  9.814e-01  9.828e-01  9.840e-01  9.851e-01  9.862e-01  9.871e-01  9.879e-01  9.887e-01  9.894e-01  9.901e-01  9.907e-01  9.912e-01  9.917e-01  9.922e-01  9.926e-01  9.930e-01  9.934e-01  9.937e-01  9.941e-01  9.944e-01  9.946e-01  9.949e-01  9.951e-01  9.954e-01  9.956e-01 	
 7.538e-01  7.836e-01  8.107e-01  8.348e-01  8.558e-01  8.740e-01  8.897e-01  9.032e-01  9.148e-01  9.248e-01  9.333e-01  9.407e-01  9.471e-01  9.526e-01  9.575e-01  9.617e-01  9.653e-01  9.686e-01  9.714e-01  9.739e-01  9.761e-01  9.781e-01  9.799e-01  9.815e-01  9.829e-01  9.842e-01  9.853e-01  9.864e-01  9.873e-01  9.882e-01  9.890e-01  9.897e-01  9.903e-01  9.909e-01  9.915e-01  9.920e-01  9.924e-01  9.929e-01  9.933e-01  9.936e-01  9.940e-01  9.943e-01  9.946e-01  9.948e-01  9.951e-01  9.953e-01  9.956e-01  9.958e-01  9.960e-01  9.961e-01 	
 7.804e-01  8.083e-01  8.332e-01  8.550e-01  8.739e-01  8.901e-01  9.040e-01  9.158e-01  9.260e-01  9.346e-01  9.421e-01  9.485e-01  9.540e-01  9.588e-01  9.629e-01  9.666e-01  9.697e-01  9.725e-01  9.750e-01  9.771e-01  9.791e-01  9.808e-01  9.823e-01  9.837e-01  9.849e-01  9.860e-01  9.870e-01  9.879e-01  9.888e-01  9.895e-01  9.902e-01  9.908e-01  9.914e-01  9.919e-01  9.924e-01  9.928e-01  9.932e-01  9.936e-01  9.939e-01  9.943e-01  9.946e-01  9.948e-01  9.951e-01  9.953e-01  9.956e-01  9.958e-01  9.960e-01  9.962e-01  9.963e-01  9.965e-01 	
 8.010e-01  8.272e-01  8.502e-01  8.701e-01  8.872e-01  9.018e-01  9.143e-01  9.248e-01  9.339e-01  9.416e-01  9.482e-01  9.538e-01  9.587e-01  9.630e-01  9.667e-01  9.699e-01  9.727e-01  9.752e-01  9.773e-01  9.793e-01  9.810e-01  9.825e-01  9.839e-01  9.851e-01  9.862e-01  9.872e-01  9.881e-01  9.889e-01  9.896e-01  9.903e-01  9.909e-01  9.915e-01  9.920e-01  9.925e-01  9.929e-01  9.933e-01  9.937e-01  9.940e-01  9.943e-01  9.946e-01  9.949e-01  9.952e-01  9.954e-01  9.956e-01  9.958e-01  9.960e-01  9.962e-01  9.964e-01  9.965e-01  9.967e-01 	
 8.153e-01  8.400e-01  8.616e-01  8.802e-01  8.960e-01  9.095e-01  9.209e-01  9.306e-01  9.389e-01  9.459e-01  9.520e-01  9.572e-01  9.617e-01  9.655e-01  9.689e-01  9.719e-01  9.745e-01  9.767e-01  9.787e-01  9.805e-01  9.821e-01  9.835e-01  9.848e-01  9.859e-01  9.869e-01  9.878e-01  9.887e-01  9.894e-01  9.901e-01  9.908e-01  9.913e-01  9.918e-01  9.923e-01  9.928e-01  9.932e-01  9.936e-01  9.939e-01  9.942e-01  9.945e-01  9.948e-01  9.951e-01  9.953e-01  9.955e-01  9.957e-01  9.959e-01  9.961e-01  9.963e-01  9.964e-01  9.966e-01  9.967e-01 	
 8.249e-01  8.486e-01  8.691e-01  8.866e-01  9.016e-01  9.142e-01  9.250e-01  9.341e-01  9.418e-01  9.485e-01  9.541e-01  9.590e-01  9.632e-01  9.669e-01  9.701e-01  9.729e-01  9.753e-01  9.775e-01  9.794e-01  9.811e-01  9.826e-01  9.839e-01  9.851e-01  9.862e-01  9.872e-01  9.881e-01  9.889e-01  9.896e-01  9.902e-01  9.909e-01  9.914e-01  9.919e-01  9.924e-01  9.928e-01  9.932e-01  9.936e-01  9.939e-01  9.942e-01  9.945e-01  9.948e-01  9.950e-01  9.953e-01  9.955e-01  9.957e-01  9.959e-01  9.961e-01  9.962e-01  9.964e-01  9.965e-01  9.967e-01 	
 8.302e-01  8.532e-01  8.730e-01  8.899e-01  9.043e-01  9.164e-01  9.268e-01  9.355e-01  9.430e-01  9.494e-01  9.549e-01  9.596e-01  9.637e-01  9.672e-01  9.703e-01  9.730e-01  9.754e-01  9.775e-01  9.794e-01  9.810e-01  9.825e-01  9.838e-01  9.850e-01  9.861e-01  9.870e-01  9.879e-01  9.887e-01  9.894e-01  9.901e-01  9.907e-01  9.912e-01  9.917e-01  9.922e-01  9.926e-01  9.930e-01  9.934e-01  9.937e-01  9.941e-01  9.944e-01  9.946e-01  9.949e-01  9.951e-01  9.953e-01  9.955e-01  9.957e-01  9.959e-01  9.961e-01  9.963e-01  9.964e-01  9.965e-01 	
 8.321e-01  8.546e-01  8.740e-01  8.906e-01  9.046e-01  9.166e-01  9.267e-01  9.353e-01  9.427e-01  9.490e-01  9.544e-01  9.591e-01  9.632e-01  9.667e-01  9.698e-01  9.725e-01  9.749e-01  9.770e-01  9.788e-01  9.805e-01  9.820e-01  9.833e-01  9.845e-01  9.856e-01  9.866e-01  9.875e-01  9.883e-01  9.890e-01  9.897e-01  9.903e-01  9.908e-01  9.914e-01  9.918e-01  9.923e-01  9.927e-01  9.931e-01  9.934e-01  9.937e-01  9.940e-01  9.943e-01  9.946e-01  9.948e-01  9.951e-01  9.953e-01  9.955e-01  9.957e-01  9.958e-01  9.960e-01  9.962e-01  9.963e-01 	
 8.315e-01  8.537e-01  8.729e-01  8.893e-01  9.033e-01  9.152e-01  9.253e-01  9.339e-01  9.413e-01  9.476e-01  9.531e-01  9.578e-01  9.619e-01  9.655e-01  9.686e-01  9.714e-01  9.738e-01  9.760e-01  9.779e-01  9.796e-01  9.811e-01  9.825e-01  9.837e-01  9.848e-01  9.858e-01  9.868e-01  9.876e-01  9.884e-01  9.891e-01  9.897e-01  9.903e-01  9.908e-01  9.913e-01  9.918e-01  9.922e-01  9.926e-01  9.930e-01  9.933e-01  9.936e-01  9.939e-01  9.942e-01  9.945e-01  9.947e-01  9.949e-01  9.951e-01  9.953e-01  9.955e-01  9.957e-01  9.959e-01  9.960e-01 	
 8.286e-01  8.507e-01  8.699e-01  8.863e-01  9.003e-01  9.123e-01  9.226e-01  9.313e-01  9.388e-01  9.453e-01  9.509e-01  9.557e-01  9.600e-01  9.636e-01  9.669e-01  9.697e-01  9.723e-01  9.745e-01  9.765e-01  9.783e-01  9.799e-01  9.813e-01  9.826e-01  9.838e-01  9.848e-01  9.858e-01  9.867e-01  9.875e-01  9.882e-01  9.889e-01  9.895e-01  9.901e-01  9.906e-01  9.911e-01  9.916e-01  9.920e-01  9.924e-01  9.927e-01  9.931e-01  9.934e-01  9.937e-01  9.940e-01  9.942e-01  9.945e-01  9.947e-01  9.949e-01  9.951e-01  9.953e-01  9.955e-01  9.957e-01 	
 8.241e-01  8.462e-01  8.654e-01  8.820e-01  8.962e-01  9.084e-01  9.188e-01  9.278e-01  9.355e-01  9.422e-01  9.480e-01  9.530e-01  9.574e-01  9.613e-01  9.647e-01  9.676e-01  9.703e-01  9.726e-01  9.747e-01  9.766e-01  9.783e-01  9.798e-01  9.812e-01  9.825e-01  9.836e-01  9.846e-01  9.856e-01  9.864e-01  9.872e-01  9.879e-01  9.886e-01  9.892e-01  9.898e-01  9.903e-01  9.908e-01  9.912e-01  9.917e-01  9.921e-01  9.924e-01  9.928e-01  9.931e-01  9.934e-01  9.937e-01  9.939e-01  9.942e-01  9.944e-01  9.946e-01  9.948e-01  9.950e-01  9.952e-01 	
 8.182e-01  8.403e-01  8.597e-01  8.765e-01  8.910e-01  9.035e-01  9.142e-01  9.235e-01  9.315e-01  9.384e-01  9.445e-01  9.497e-01  9.543e-01  9.584e-01  9.620e-01  9.651e-01  9.679e-01  9.704e-01  9.727e-01  9.747e-01  9.765e-01  9.781e-01  9.796e-01  9.809e-01  9.821e-01  9.832e-01  9.842e-01  9.851e-01  9.860e-01  9.868e-01  9.875e-01  9.882e-01  9.888e-01  9.893e-01  9.899e-01  9.904e-01  9.908e-01  9.912e-01  9.916e-01  9.920e-01  9.924e-01  9.927e-01  9.930e-01  9.933e-01  9.936e-01  9.938e-01  9.941e-01  9.943e-01  9.945e-01  9.947e-01 	
 8.114e-01  8.335e-01  8.531e-01  8.701e-01  8.850e-01  8.978e-01  9.089e-01  9.185e-01  9.268e-01  9.341e-01  9.404e-01  9.459e-01  9.508e-01  9.551e-01  9.589e-01  9.622e-01  9.652e-01  9.679e-01  9.702e-01  9.724e-01  9.743e-01  9.761e-01  9.777e-01  9.791e-01  9.804e-01  9.816e-01  9.827e-01  9.837e-01  9.846e-01  9.855e-01  9.862e-01  9.870e-01  9.876e-01  9.882e-01  9.888e-01  9.894e-01  9.899e-01  9.903e-01  9.908e-01  9.912e-01  9.915e-01  9.919e-01  9.922e-01  9.926e-01  9.929e-01  9.931e-01  9.934e-01  9.936e-01  9.939e-01  9.941e-01 	
 8.037e-01  8.259e-01  8.456e-01  8.629e-01  8.781e-01  8.913e-01  9.028e-01  9.128e-01  9.215e-01  9.291e-01  9.357e-01  9.416e-01  9.467e-01  9.513e-01  9.553e-01  9.589e-01  9.621e-01  9.649e-01  9.675e-01  9.698e-01  9.719e-01  9.738e-01  9.755e-01  9.770e-01  9.784e-01  9.797e-01  9.809e-01  9.820e-01  9.830e-01  9.839e-01  9.848e-01  9.856e-01  9.863e-01  9.870e-01  9.876e-01  9.882e-01  9.887e-01  9.892e-01  9.897e-01  9.902e-01  9.906e-01  9.910e-01  9.914e-01  9.917e-01  9.920e-01  9.923e-01  9.926e-01  9.929e-01  9.932e-01  9.934e-01 	
