 9.947e-01  9.947e-01  9.947e-01  9.947e-01  9.947e-01  9.947e-01  9.947e-01  9.947e-01  9.947e-01  9.947e-01  9.947e-01  9.947e-01  9.947e-01  9.947e-01  9.947e-01  9.947e-01  9.947e-01  9.947e-01  9.947e-01  9.947e-01  9.947e-01  9.947e-01  9.947e-01  9.947e-01  9.947e-01  9.947e-01  9.947e-01  9.947e-01  9.947e-01  9.947e-01  9.947e-01  9.947e-01  9.947e-01  9.947e-01  9.947e-01  9.947e-01  9.947e-01  9.947e-01  9.947e-01  9.947e-01  9.947e-01  9.947e-01  9.947e-01  9.947e-01  9.947e-01  9.947e-01  9.947e-01  9.947e-01  9.947e-01  9.947e-01 	
 9.965e-01  9.965e-01  9.965e-01  9.965e-01  9.965e-01  9.965e-01  9.965e-01  9.965e-01  9.965e-01  9.965e-01  9.965e-01  9.965e-01  9.965e-01  9.965e-01  9.965e-01  9.965e-01  9.965e-01  9.965e-01  9.965e-01  9.965e-01  9.965e-01  9.965e-01  9.965e-01  9.965e-01  9.965e-01  9.965e-01  9.965e-01  9.965e-01  9.965e-01  9.965e-01  9.965e-01  9.965e-01  9.965e-01  9.965e-01  9.965e-01  9.965e-01  9.965e-01  9.965e-01  9.965e-01  9.965e-01  9.965e-01  9.965e-01  9.965e-01  9.965e-01  9.965e-01  9.965e-01  9.965e-01  9.965e-01  9.965e-01  9.965e-01 	
 9.977e-01  9.977e-01  9.977e-01  9.977e-01  9.977e-01  9.977e-01  9.977e-01  9.977e-01  9.977e-01  9.977e-01  9.977e-01  9.977e-01  9.977e-01  9.977e-01  9.977e-01  9.977e-01  9.977e-01  9.977e-01  9.977e-01  9.977e-01  9.977e-01  9.977e-01  9.977e-01  9.977e-01  9.977e-01  9.977e-01  9.977e-01  9.977e-01  9.977e-01  9.977e-01  9.977e-01  9.977e-01  9.977e-01  9.977e-01  9.977e-01  9.977e-01  9.977e-01  9.977e-01  9.977e-01  9.977e-01  9.977e-01  9.977e-01  9.977e-01  9.977e-01  9.977e-01  9.977e-01  9.977e-01  9.977e-01  9.977e-01  9.977e-01 	
 9.984e-01  9.984e-01  9.984e-01  9.984e-01  9.984e-01  9.984e-01  9.984e-01  9.984e-01  9.984e-01  9.984e-01  9.984e-01  9.984e-01  9.984e-01  9.984e-01  9.984e-01  9.984e-01  9.984e-01  9.984e-01  9.984e-01  9.984e-01  9.984e-01  9.984e-01  9.984e-01  9.984e-01  9.984e-01  9.984e-01  9.984e-01  9.984e-01  9.984e-01  9.984e-01  9.984e-01  9.984e-01  9.984e-01  9.984e-01  9.984e-01  9.984e-01  9.984e-01  9.984e-01  9.984e-01  9.984e-01  9.984e-01  9.984e-01  9.984e-01  9.984e-01  9.984e-01  9.984e-01  9.984e-01  9.984e-01  9.984e-01  9.984e-01 	
 9.989e-01  9.989e-01  9.989e-01  9.989e-01  9.989e-01  9.989e-01  9.989e-01  9.989e-01  9.989e-01  9.989e-01  9.989e-01  9.989e-01  9.989e-01  9.989e-01  9.989e-01  9.989e-01  9.989e-01  9.989e-01  9.989e-01  9.989e-01  9.989e-01  9.989e-01  9.989e-01  9.989e-01  9.989e-01  9.989e-01  9.989e-01  9.989e-01  9.989e-01  9.989e-01  9.989e-01  9.989e-01  9.989e-01  9.989e-01  9.989e-01  9.989e-01  9.989e-01  9.989e-01  9.989e-01  9.989e-01  9.989e-01  9.989e-01  9.989e-01  9.989e-01  9.989e-01  9.989e-01  9.989e-01  9.989e-01  9.989e-01  9.989e-01 	
 9.993e-01  9.993e-01  9.993e-01  9.993e-01  9.993e-01  9.993e-01  9.993e-01  9.993e-01  9.993e-01  9.993e-01  9.993e-01  9.993e-01  9.993e-01  9.993e-01  9.993e-01  9.993e-01  9.993e-01  9.993e-01  9.993e-01  9.993e-01  9.993e-01  9.993e-01  9.993e-01  9.993e-01  9.993e-01  9.993e-01  9.993e-01  9.993e-01  9.993e-01  9.993e-01  9.993e-01  9.993e-01  9.993e-01  9.993e-01  9.993e-01  9.993e-01  9.993e-01  9.993e-01  9.993e-01  9.993e-01  9.993e-01  9.993e-01  9.993e-01  9.993e-01  9.993e-01  9.993e-01  9.993e-01  9.993e-01  9.993e-01  9.993e-01 	
 9.995e-01  9.995e-01  9.995e-01  9.995e-01  9.995e-01  9.995e-01  9.995e-01  9.995e-01  9.995e-01  9.995e-01  9.995e-01  9.995e-01  9.995e-01  9.995e-01  9.995e-01  9.995e-01  9.995e-01  9.995e-01  9.995e-01  9.995e-01  9.995e-01  9.995e-01  9.995e-01  9.995e-01  9.995e-01  9.995e-01  9.995e-01  9.995e-01  9.995e-01  9.995e-01  9.995e-01  9.995e-01  9.995e-01  9.995e-01  9.995e-01  9.995e-01  9.995e-01  9.995e-01  9.995e-01  9.995e-01  9.995e-01  9.995e-01  9.995e-01  9.995e-01  9.995e-01  9.995e-01  9.995e-01  9.995e-01  9.995e-01  9.995e-01 	
 9.997e-01  9.997e-01  9.997e-01  9.997e-01  9.997e-01  9.997e-01  9.997e-01  9.997e-01  9.997e-01  9.997e-01  9.997e-01  9.997e-01  9.997e-01  9.997e-01  9.997e-01  9.997e-01  9.997e-01  9.997e-01  9.997e-01  9.997e-01  9.997e-01  9.997e-01  9.997e-01  9.997e-01  9.997e-01  9.997e-01  9.997e-01  9.997e-01  9.997e-01  9.997e-01  9.997e-01  9.997e-01  9.997e-01  9.997e-01  9.997e-01  9.997e-01  9.997e-01  9.997e-01  9.997e-01  9.997e-01  9.997e-01  9.997e-01  9.997e-01  9.997e-01  9.997e-01  9.997e-01  9.997e-01  9.997e-01  9.997e-01  9.997e-01 	
 9.998e-01  9.998e-01  9.998e-01  9.998e-01  9.998e-01  9.998e-01  9.998e-01  9.998e-01  9.998e-01  9.998e-01  9.998e-01  9.998e-01  9.998e-01  9.998e-01  9.998e-01  9.998e-01  9.998e-01  9.998e-01  9.998e-01  9.998e-01  9.998e-01  9.998e-01  9.998e-01  9.998e-01  9.998e-01  9.998e-01  9.998e-01  9.998e-01  9.998e-01  9.998e-01  9.998e-01  9.998e-01  9.998e-01  9.998e-01  9.998e-01  9.998e-01  9.998e-01  9.998e-01  9.998e-01  9.998e-01  9.998e-01  9.998e-01  9.998e-01  9.998e-01  9.998e-01  9.998e-01  9.998e-01  9.998e-01  9.998e-01  9.998e-01 	
 9.998e-01  9.998e-01  9.998e-01  9.998e-01  9.998e-01  9.998e-01  9.998e-01  9.998e-01  9.998e-01  9.998e-01  9.998e-01  9.998e-01  9.998e-01  9.998e-01  9.998e-01  9.998e-01  9.998e-01  9.998e-01  9.998e-01  9.998e-01  9.998e-01  9.998e-01  9.998e-01  9.998e-01  9.998e-01  9.998e-01  9.998e-01  9.998e-01  9.998e-01  9.998e-01  9.998e-01  9.998e-01  9.998e-01  9.998e-01  9.998e-01  9.998e-01  9.998e-01  9.998e-01  9.998e-01  9.998e-01  9.998e-01  9.998e-01  9.998e-01  9.998e-01  9.998e-01  9.998e-01  9.998e-01  9.998e-01  9.998e-01  9.998e-01 	
 9.999e-01  9.999e-01  9.999e-01  9.999e-01  9.999e-01  9.999e-01  9.999e-01  9.999e-01  9.999e-01  9.999e-01  9.999e-01  9.999e-01  9.999e-01  9.999e-01  9.999e-01  9.999e-01  9.999e-01  9.999e-01  9.999e-01  9.999e-01  9.999e-01  9.999e-01  9.999e-01  9.999e-01  9.999e-01  9.999e-01  9.999e-01  9.999e-01  9.999e-01  9.999e-01  9.999e-01  9.999e-01  9.999e-01  9.999e-01  9.999e-01  9.999e-01  9.999e-01  9.999e-01  9.999e-01  9.999e-01  9.999e-01  9.999e-01  9.999e-01  9.999e-01  9.999e-01  9.999e-01  9.999e-01  9.999e-01  9.999e-01  9.999e-01 	
 9.999e-01  9.999e-01  9.999e-01  9.999e-01  9.999e-01  9.999e-01  9.999e-01  9.999e-01  9.999e-01  9.999e-01  9.999e-01  9.999e-01  9.999e-01  9.999e-01  9.999e-01  9.999e-01  9.999e-01  9.999e-01  9.999e-01  9.999e-01  9.999e-01  9.999e-01  9.999e-01  9.999e-01  9.999e-01  9.999e-01  9.999e-01  9.999e-01  9.999e-01  9.999e-01  9.999e-01  9.999e-01  9.999e-01  9.999e-01  9.999e-01  9.999e-01  9.999e-01  9.999e-01  9.999e-01  9.999e-01  9.999e-01  9.999e-01  9.999e-01  9.999e-01  9.999e-01  9.999e-01  9.999e-01  9.999e-01  9.999e-01  9.999e-01 	
 9.999e-01  9.999e-01  9.999e-01  9.999e-01  9.999e-01  9.999e-01  9.999e-01  9.999e-01  9.999e-01  9.999e-01  9.999e-01  9.999e-01  9.999e-01  9.999e-01  9.999e-01  9.999e-01  9.999e-01  9.999e-01  9.999e-01  9.999e-01  9.999e-01  9.999e-01  9.999e-01  9.999e-01  9.999e-01  9.999e-01  9.999e-01  9.999e-01  9.999e-01  9.999e-01  9.999e-01  9.999e-01  9.999e-01  9.999e-01  9.999e-01  9.999e-01  9.999e-01  9.999e-01  9.999e-01  9.999e-01  9.999e-01  9.999e-01  9.999e-01  9.999e-01  9.999e-01  9.999e-01  9.999e-01  9.999e-01  9.999e-01  9.999e-01 	
 9.900e-01  9.900e-01  9.900e-01  9.900e-01  9.900e-01  9.900e-01  9.900e-01  9.900e-01  9.900e-01  9.900e-01  9.900e-01  9.900e-01  9.900e-01  9.900e-01  9.900e-01  9.900e-01  9.900e-01  9.900e-01  9.900e-01  9.900e-01  9.900e-01  9.900e-01  9.900e-01  9.900e-01  9.900e-01  9.900e-01  9.900e-01  9.900e-01  9.900e-01  9.900e-01  9.900e-01  9.900e-01  9.900e-01  9.900e-01  9.900e-01  9.900e-01  9.900e-01  9.900e-01  9.900e-01  9.900e-01  9.900e-01  9.900e-01  9.900e-01  9.900e-01  9.900e-01  9.900e-01  9.900e-01  9.900e-01  9.900e-01  9.900e-01 	
 9.900e-01  9.900e-01  9.900e-01  9.900e-01  9.900e-01  9.900e-01  9.900e-01  9.900e-01  9.900e-01  9.900e-01  9.900e-01  9.900e-01  9.900e-01  9.900e-01  9.900e-01  9.900e-01  9.900e-01  9.900e-01  9.900e-01  9.900e-01  9.900e-01  9.900e-01  9.900e-01  9.900e-01  9.900e-01  9.900e-01  9.900e-01  9.900e-01  9.900e-01  9.900e-01  9.900e-01  9.900e-01  9.900e-01  9.900e-01  9.900e-01  9.900e-01  9.900e-01  9.900e-01  9.900e-01  9.900e-01  9.900e-01  9.900e-01  9.900e-01  9.900e-01  9.900e-01  9.900e-01  9.900e-01  9.900e-01  9.900e-01  9.900e-01 	
 9.900e-01  9.900e-01  9.900e-01  9.900e-01  9.900e-01  9.900e-01  9.900e-01  9.900e-01  9.900e-01  9.900e-01  9.900e-01  9.900e-01  9.900e-01  9.900e-01  9.900e-01  9.900e-01  9.900e-01  9.900e-01  9.900e-01  9.900e-01  9.900e-01  9.900e-01  9.900e-01  9.900e-01  9.900e-01  9.900e-01  9.900e-01  9.900e-01  9.900e-01  9.900e-01  9.900e-01  9.900e-01  9.900e-01  9.900e-01  9.900e-01  9.900e-01  9.900e-01  9.900e-01  9.900e-01  9.900e-01  9.900e-01  9.900e-01  9.900e-01  9.900e-01  9.900e-01  9.900e-01  9.900e-01  9.900e-01  9.900e-01  9.900e-01 	
 9.900e-01  9.900e-01  9.900e-01  9.900e-01  9.900e-01  9.900e-01  9.900e-01  9.900e-01  9.900e-01  9.900e-01  9.900e-01  9.900e-01  9.900e-01  9.900e-01  9.900e-01  9.900e-01  9.900e-01  9.900e-01  9.900e-01  9.900e-01  9.900e-01  9.900e-01  9.900e-01  9.900e-01  9.900e-01  9.900e-01  9.900e-01  9.900e-01  9.900e-01  9.900e-01  9.900e-01  9.900e-01  9.900e-01  9.900e-01  9.900e-01  9.900e-01  9.900e-01  9.900e-01  9.900e-01  9.900e-01  9.900e-01  9.900e-01  9.900e-01  9.900e-01  9.900e-01  9.900e-01  9.900e-01  9.900e-01  9.900e-01  9.900e-01 	
 9.900e-01  9.900e-01  9.900e-01  9.900e-01  9.900e-01  9.900e-01  9.900e-01  9.900e-01  9.900e-01  9.900e-01  9.900e-01  9.900e-01  9.900e-01  9.900e-01  9.900e-01  9.900e-01  9.900e-01  9.900e-01  9.900e-01  9.900e-01  9.900e-01  9.900e-01  9.900e-01  9.900e-01  9.900e-01  9.900e-01  9.900e-01  9.900e-01  9.900e-01  9.900e-01  9.900e-01  9.900e-01  9.900e-01  9.900e-01  9.900e-01  9.900e-01  9.900e-01  9.900e-01  9.900e-01  9.900e-01  9.900e-01  9.900e-01  9.900e-01  9.900e-01  9.900e-01  9.900e-01  9.900e-01  9.900e-01  9.900e-01  9.900e-01 	
 9.900e-01  9.900e-01  9.900e-01  9.900e-01  9.900e-01  9.900e-01  9.900e-01  9.900e-01  9.900e-01  9.900e-01  9.900e-01  9.900e-01  9.900e-01  9.900e-01  9.900e-01  9.900e-01  9.900e-01  9.900e-01  9.900e-01  9.900e-01  9.900e-01  9.900e-01  9.900e-01  9.900e-01  9.900e-01  9.900e-01  9.900e-01  9.900e-01  9.900e-01  9.900e-01  9.900e-01  9.900e-01  9.900e-01  9.900e-01  9.900e-01  9.900e-01  9.900e-01  9.900e-01  9.900e-01  9.900e-01  9.900e-01  9.900e-01  9.900e-01  9.900e-01  9.900e-01  9.900e-01  9.900e-01  9.900e-01  9.900e-01  9.900e-01 	
 9.999e-01  9.999e-01  9.999e-01  9.999e-01  9.999e-01  9.999e-01  9.999e-01  9.999e-01  9.999e-01  9.999e-01  9.999e-01  9.999e-01  9.999e-01  9.999e-01  9.999e-01  9.999e-01  9.999e-01  9.999e-01  9.999e-01  9.999e-01  9.999e-01  9.999e-01  9.999e-01  9.999e-01  9.999e-01  9.999e-01  9.999e-01  9.999e-01  9.999e-01  9.999e-01  9.999e-01  9.999e-01  9.999e-01  9.999e-01  9.999e-01  9.999e-01  9.999e-01  9.999e-01  9.999e-01  9.999e-01  9.999e-01  9.999e-01  9.999e-01  9.999e-01  9.999e-01  9.999e-01  9.999e-01  9.999e-01  9.999e-01  9.999e-01 	
 9.998e-01  9.998e-01  9.998e-01  9.998e-01  9.998e-01  9.998e-01  9.998e-01  9.998e-01  9.998e-01  9.998e-01  9.998e-01  9.998e-01  9.998e-01  9.998e-01  9.998e-01  9.998e-01  9.998e-01  9.998e-01  9.998e-01  9.998e-01  9.998e-01  9.998e-01  9.998e-01  9.998e-01  9.998e-01  9.998e-01  9.998e-01  9.998e-01  9.998e-01  9.998e-01  9.998e-01  9.998e-01  9.998e-01  9.998e-01  9.998e-01  9.998e-01  9.998e-01  9.998e-01  9.998e-01  9.998e-01  9.998e-01  9.998e-01  9.998e-01  9.998e-01  9.998e-01  9.998e-01  9.998e-01  9.998e-01  9.998e-01  9.998e-01 	
 9.996e-01  9.996e-01  9.996e-01  9.996e-01  9.996e-01  9.996e-01  9.996e-01  9.996e-01  9.996e-01  9.996e-01  9.996e-01  9.996e-01  9.996e-01  9.996e-01  9.996e-01  9.996e-01  9.996e-01  9.996e-01  9.996e-01  9.996e-01  9.996e-01  9.996e-01  9.996e-01  9.996e-01  9.996e-01  9.996e-01  9.996e-01  9.996e-01  9.996e-01  9.996e-01  9.996e-01  9.996e-01  9.996e-01  9.996e-01  9.996e-01  9.996e-01  9.996e-01  9.996e-01  9.996e-01  9.996e-01  9.996e-01  9.996e-01  9.996e-01  9.996e-01  9.996e-01  9.996e-01  9.996e-01  9.996e-01  9.996e-01  9.996e-01 	
 9.994e-01  9.994e-01  9.994e-01  9.994e-01  9.994e-01  9.994e-01  9.994e-01  9.994e-01  9.994e-01  9.994e-01  9.994e-01  9.994e-01  9.994e-01  9.994e-01  9.994e-01  9.994e-01  9.994e-01  9.994e-01  9.994e-01  9.994e-01  9.994e-01  9.994e-01  9.994e-01  9.994e-01  9.994e-01  9.994e-01  9.994e-01  9.994e-01  9.994e-01  9.994e-01  9.994e-01  9.994e-01  9.994e-01  9.994e-01  9.994e-01  9.994e-01  9.994e-01  9.994e-01  9.994e-01  9.994e-01  9.994e-01  9.994e-01  9.994e-01  9.994e-01  9.994e-01  9.994e-01  9.994e-01  9.994e-01  9.994e-01  9.994e-01 	
 9.996e-01  9.996e-01  9.996e-01  9.996e-01  9.996e-01  9.996e-01  9.996e-01  9.996e-01  9.996e-01  9.996e-01  9.996e-01  9.996e-01  9.996e-01  9.996e-01  9.996e-01  9.996e-01  9.996e-01  9.996e-01  9.996e-01  9.996e-01  9.996e-01  9.996e-01  9.996e-01  9.996e-01  9.996e-01  9.996e-01  9.996e-01  9.996e-01  9.996e-01  9.996e-01  9.996e-01  9.996e-01  9.996e-01  9.996e-01  9.996e-01  9.996e-01  9.996e-01  9.996e-01  9.996e-01  9.996e-01  9.996e-01  9.996e-01  9.996e-01  9.996e-01  9.996e-01  9.996e-01  9.996e-01  9.996e-01  9.996e-01  9.996e-01 	
 9.997e-01  9.997e-01  9.997e-01  9.997e-01  9.997e-01  9.997e-01  9.997e-01  9.997e-01  9.997e-01  9.997e-01  9.997e-01  9.997e-01  9.997e-01  9.997e-01  9.997e-01  9.997e-01  9.997e-01  9.997e-01  9.997e-01  9.997e-01  9.997e-01  9.997e-01  9.997e-01  9.997e-01  9.997e-01  9.997e-01  9.997e-01  9.997e-01  9.997e-01  9.997e-01  9.997e-01  9.997e-01  9.997e-01  9.997e-01  9.997e-01  9.997e-01  9.997e-01  9.997e-01  9.997e-01  9.997e-01  9.997e-01  9.997e-01  9.997e-01  9.997e-01  9.997e-01  9.997e-01  9.997e-01  9.997e-01  9.997e-01  9.997e-01 	
 9.995e-01  9.995e-01  9.995e-01  9.995e-01  9.995e-01  9.995e-01  9.995e-01  9.995e-01  9.995e-01  9.995e-01  9.995e-01  9.995e-01  9.995e-01  9.995e-01  9.995e-01  9.995e-01  9.995e-01  9.995e-01  9.995e-01  9.995e-01  9.995e-01  9.995e-01  9.995e-01  9.995e-01  9.995e-01  9.995e-01  9.995e-01  9.995e-01  9.995e-01  9.995e-01  9.995e-01  9.995e-01  9.995e-01  9.995e-01  9.995e-01  9.995e-01  9.995e-01  9.995e-01  9.995e-01  9.995e-01  9.995e-01  9.995e-01  9.995e-01  9.995e-01  9.995e-01  9.995e-01  9.995e-01  9.995e-01  9.995e-01  9.995e-01 	
 9.993e-01  9.993e-01  9.993e-01  9.993e-01  9.993e-01  9.993e-01  9.993e-01  9.993e-01  9.993e-01  9.993e-01  9.993e-01  9.993e-01  9.993e-01  9.993e-01  9.993e-01  9.993e-01  9.993e-01  9.993e-01  9.993e-01  9.993e-01  9.993e-01  9.993e-01  9.993e-01  9.993e-01  9.993e-01  9.993e-01  9.993e-01  9.993e-01  9.993e-01  9.993e-01  9.993e-01  9.993e-01  9.993e-01  9.993e-01  9.993e-01  9.993e-01  9.993e-01  9.993e-01  9.993e-01  9.993e-01  9.993e-01  9.993e-01  9.993e-01  9.993e-01  9.993e-01  9.993e-01  9.993e-01  9.993e-01  9.993e-01  9.993e-01 	
 9.995e-01  9.995e-01  9.995e-01  9.995e-01  9.995e-01  9.995e-01  9.995e-01  9.995e-01  9.995e-01  9.995e-01  9.995e-01  9.995e-01  9.995e-01  9.995e-01  9.995e-01  9.995e-01  9.995e-01  9.995e-01  9.995e-01  9.995e-01  9.995e-01  9.995e-01  9.995e-01  9.995e-01  9.995e-01  9.995e-01  9.995e-01  9.995e-01  9.995e-01  9.995e-01  9.995e-01  9.995e-01  9.995e-01  9.995e-01  9.995e-01  9.995e-01  9.995e-01  9.995e-01  9.995e-01  9.995e-01  9.995e-01  9.995e-01  9.995e-01  9.995e-01  9.995e-01  9.995e-01  9.995e-01  9.995e-01  9.995e-01  9.995e-01 	
 9.994e-01  9.994e-01  9.994e-01  9.994e-01  9.994e-01  9.994e-01  9.994e-01  9.994e-01  9.994e-01  9.994e-01  9.994e-01  9.994e-01  9.994e-01  9.994e-01  9.994e-01  9.994e-01  9.994e-01  9.994e-01  9.994e-01  9.994e-01  9.994e-01  9.994e-01  9.994e-01  9.994e-01  9.994e-01  9.994e-01  9.994e-01  9.994e-01  9.994e-01  9.994e-01  9.994e-01  9.994e-01  9.994e-01  9.994e-01  9.994e-01  9.994e-01  9.994e-01  9.994e-01  9.994e-01  9.994e-01  9.994e-01  9.994e-01  9.994e-01  9.994e-01  9.994e-01  9.994e-01  9.994e-01  9.994e-01  9.994e-01  9.994e-01 	
 9.992e-01  9.992e-01  9.992e-01  9.992e-01  9.992e-01  9.992e-01  9.992e-01  9.992e-01  9.992e-01  9.992e-01  9.992e-01  9.992e-01  9.992e-01  9.992e-01  9.992e-01  9.992e-01  9.992e-01  9.992e-01  9.992e-01  9.992e-01  9.992e-01  9.992e-01  9.992e-01  9.992e-01  9.992e-01  9.992e-01  9.992e-01  9.992e-01  9.992e-01  9.992e-01  9.992e-01  9.992e-01  9.992e-01  9.992e-01  9.992e-01  9.992e-01  9.992e-01  9.992e-01  9.992e-01  9.992e-01  9.992e-01  9.992e-01  9.992e-01  9.992e-01  9.992e-01  9.992e-01  9.992e-01  9.992e-01  9.992e-01  9.992e-01 	
 9.993e-01  9.993e-01  9.993e-01  9.993e-01  9.993e-01  9.993e-01  9.993e-01  9.993e-01  9.993e-01  9.993e-01  9.993e-01  9.993e-01  9.993e-01  9.993e-01  9.993e-01  9.993e-01  9.993e-01  9.993e-01  9.993e-01  9.993e-01  9.993e-01  9.993e-01  9.993e-01  9.993e-01  9.993e-01  9.993e-01  9.993e-01  9.993e-01  9.993e-01  9.993e-01  9.993e-01  9.993e-01  9.993e-01  9.993e-01  9.993e-01  9.993e-01  9.993e-01  9.993e-01  9.993e-01  9.993e-01  9.993e-01  9.993e-01  9.993e-01  9.993e-01  9.993e-01  9.993e-01  9.993e-01  9.993e-01  9.993e-01  9.993e-01 	
 9.991e-01  9.991e-01  9.991e-01  9.991e-01  9.991e-01  9.991e-01  9.991e-01  9.991e-01  9.991e-01  9.991e-01  9.991e-01  9.991e-01  9.991e-01  9.991e-01  9.991e-01  9.991e-01  9.991e-01  9.991e-01  9.991e-01  9.991e-01  9.991e-01  9.991e-01  9.991e-01  9.991e-01  9.991e-01  9.991e-01  9.991e-01  9.991e-01  9.991e-01  9.991e-01  9.991e-01  9.991e-01  9.991e-01  9.991e-01  9.991e-01  9.991e-01  9.991e-01  9.991e-01  9.991e-01  9.991e-01  9.991e-01  9.991e-01  9.991e-01  9.991e-01  9.991e-01  9.991e-01  9.991e-01  9.991e-01  9.991e-01  9.991e-01 	
 9.986e-01  9.986e-01  9.986e-01  9.986e-01  9.986e-01  9.986e-01  9.986e-01  9.986e-01  9.986e-01  9.986e-01  9.986e-01  9.986e-01  9.986e-01  9.986e-01  9.986e-01  9.986e-01  9.986e-01  9.986e-01  9.986e-01  9.986e-01  9.986e-01  9.986e-01  9.986e-01  9.986e-01  9.986e-01  9.986e-01  9.986e-01  9.986e-01  9.986e-01  9.986e-01  9.986e-01  9.986e-01  9.986e-01  9.986e-01  9.986e-01  9.986e-01  9.986e-01  9.986e-01  9.986e-01  9.986e-01  9.986e-01  9.986e-01  9.986e-01  9.986e-01  9.986e-01  9.986e-01  9.986e-01  9.986e-01  9.986e-01  9.986e-01 	
 9.987e-01  9.987e-01  9.987e-01  9.987e-01  9.987e-01  9.987e-01  9.987e-01  9.987e-01  9.987e-01  9.987e-01  9.987e-01  9.987e-01  9.987e-01  9.987e-01  9.987e-01  9.987e-01  9.987e-01  9.987e-01  9.987e-01  9.987e-01  9.987e-01  9.987e-01  9.987e-01  9.987e-01  9.987e-01  9.987e-01  9.987e-01  9.987e-01  9.987e-01  9.987e-01  9.987e-01  9.987e-01  9.987e-01  9.987e-01  9.987e-01  9.987e-01  9.987e-01  9.987e-01  9.987e-01  9.987e-01  9.987e-01  9.987e-01  9.987e-01  9.987e-01  9.987e-01  9.987e-01  9.987e-01  9.987e-01  9.987e-01  9.987e-01 	
 9.987e-01  9.987e-01  9.987e-01  9.987e-01  9.987e-01  9.987e-01  9.987e-01  9.987e-01  9.987e-01  9.987e-01  9.987e-01  9.987e-01  9.987e-01  9.987e-01  9.987e-01  9.987e-01  9.987e-01  9.987e-01  9.987e-01  9.987e-01  9.987e-01  9.987e-01  9.987e-01  9.987e-01  9.987e-01  9.987e-01  9.987e-01  9.987e-01  9.987e-01  9.987e-01  9.987e-01  9.987e-01  9.987e-01  9.987e-01  9.987e-01  9.987e-01  9.987e-01  9.987e-01  9.987e-01  9.987e-01  9.987e-01  9.987e-01  9.987e-01  9.987e-01  9.987e-01  9.987e-01  9.987e-01  9.987e-01  9.987e-01  9.987e-01 	
 9.986e-01  9.986e-01  9.986e-01  9.986e-01  9.986e-01  9.986e-01  9.986e-01  9.986e-01  9.986e-01  9.986e-01  9.986e-01  9.986e-01  9.986e-01  9.986e-01  9.986e-01  9.986e-01  9.986e-01  9.986e-01  9.986e-01  9.986e-01  9.986e-01  9.986e-01  9.986e-01  9.986e-01  9.986e-01  9.986e-01  9.986e-01  9.986e-01  9.986e-01  9.986e-01  9.986e-01  9.986e-01  9.986e-01  9.986e-01  9.986e-01  9.986e-01  9.986e-01  9.986e-01  9.986e-01  9.986e-01  9.986e-01  9.986e-01  9.986e-01  9.986e-01  9.986e-01  9.986e-01  9.986e-01  9.986e-01  9.986e-01  9.986e-01 	
 9.979e-01  9.979e-01  9.979e-01  9.979e-01  9.979e-01  9.979e-01  9.979e-01  9.979e-01  9.979e-01  9.979e-01  9.979e-01  9.979e-01  9.979e-01  9.979e-01  9.979e-01  9.979e-01  9.979e-01  9.979e-01  9.979e-01  9.979e-01  9.979e-01  9.979e-01  9.979e-01  9.979e-01  9.979e-01  9.979e-01  9.979e-01  9.979e-01  9.979e-01  9.979e-01  9.979e-01  9.979e-01  9.979e-01  9.979e-01  9.979e-01  9.979e-01  9.979e-01  9.979e-01  9.979e-01  9.979e-01  9.979e-01  9.979e-01  9.979e-01  9.979e-01  9.979e-01  9.979e-01  9.979e-01  9.979e-01  9.979e-01  9.979e-01 	
 9.976e-01  9.976e-01  9.976e-01  9.976e-01  9.976e-01  9.976e-01  9.976e-01  9.976e-01  9.976e-01  9.976e-01  9.976e-01  9.976e-01  9.976e-01  9.976e-01  9.976e-01  9.976e-01  9.976e-01  9.976e-01  9.976e-01  9.976e-01  9.976e-01  9.976e-01  9.976e-01  9.976e-01  9.976e-01  9.976e-01  9.976e-01  9.976e-01  9.976e-01  9.976e-01  9.976e-01  9.976e-01  9.976e-01  9.976e-01  9.976e-01  9.976e-01  9.976e-01  9.976e-01  9.976e-01  9.976e-01  9.976e-01  9.976e-01  9.976e-01  9.976e-01  9.976e-01  9.976e-01  9.976e-01  9.976e-01  9.976e-01  9.976e-01 	
 9.976e-01  9.976e-01  9.976e-01  9.976e-01  9.976e-01  9.976e-01  9.976e-01  9.976e-01  9.976e-01  9.976e-01  9.976e-01  9.976e-01  9.976e-01  9.976e-01  9.976e-01  9.976e-01  9.976e-01  9.976e-01  9.976e-01  9.976e-01  9.976e-01  9.976e-01  9.976e-01  9.976e-01  9.976e-01  9.976e-01  9.976e-01  9.976e-01  9.976e-01  9.976e-01  9.976e-01  9.976e-01  9.976e-01  9.976e-01  9.976e-01  9.976e-01  9.976e-01  9.976e-01  9.976e-01  9.976e-01  9.976e-01  9.976e-01  9.976e-01  9.976e-01  9.976e-01  9.976e-01  9.976e-01  9.976e-01  9.976e-01  9.976e-01 	
 9.974e-01  9.974e-01  9.974e-01  9.974e-01  9.974e-01  9.974e-01  9.974e-01  9.974e-01  9.974e-01  9.974e-01  9.974e-01  9.974e-01  9.974e-01  9.974e-01  9.974e-01  9.974e-01  9.974e-01  9.974e-01  9.974e-01  9.974e-01  9.974e-01  9.974e-01  9.974e-01  9.974e-01  9.974e-01  9.974e-01  9.974e-01  9.974e-01  9.974e-01  9.974e-01  9.974e-01  9.974e-01  9.974e-01  9.974e-01  9.974e-01  9.974e-01  9.974e-01  9.974e-01  9.974e-01  9.974e-01  9.974e-01  9.974e-01  9.974e-01  9.974e-01  9.974e-01  9.974e-01  9.974e-01  9.974e-01  9.974e-01  9.974e-01 	
 9.970e-01  9.970e-01  9.970e-01  9.970e-01  9.970e-01  9.970e-01  9.970e-01  9.970e-01  9.970e-01  9.970e-01  9.970e-01  9.970e-01  9.970e-01  9.970e-01  9.970e-01  9.970e-01  9.970e-01  9.970e-01  9.970e-01  9.970e-01  9.970e-01  9.970e-01  9.970e-01  9.970e-01  9.970e-01  9.970e-01  9.970e-01  9.970e-01  9.970e-01  9.970e-01  9.970e-01  9.970e-01  9.970e-01  9.970e-01  9.970e-01  9.970e-01  9.970e-01  9.970e-01  9.970e-01  9.970e-01  9.970e-01  9.970e-01  9.970e-01  9.970e-01  9.970e-01  9.970e-01  9.970e-01  9.970e-01  9.970e-01  9.970e-01 	
 9.965e-01  9.965e-01  9.965e-01  9.965e-01  9.965e-01  9.965e-01  9.965e-01  9.965e-01  9.965e-01  9.965e-01  9.965e-01  9.965e-01  9.965e-01  9.965e-01  9.965e-01  9.965e-01  9.965e-01  9.965e-01  9.965e-01  9.965e-01  9.965e-01  9.965e-01  9.965e-01  9.965e-01  9.965e-01  9.965e-01  9.965e-01  9.965e-01  9.965e-01  9.965e-01  9.965e-01  9.965e-01  9.965e-01  9.965e-01  9.965e-01  9.965e-01  9.965e-01  9.965e-01  9.965e-01  9.965e-01  9.965e-01  9.965e-01  9.965e-01  9.965e-01  9.965e-01  9.965e-01  9.965e-01  9.965e-01  9.965e-01  9.965e-01 	
 9.944e-01  9.944e-01  9.944e-01  9.944e-01  9.944e-01  9.944e-01  9.944e-01  9.944e-01  9.944e-01  9.944e-01  9.944e-01  9.944e-01  9.944e-01  9.944e-01  9.944e-01  9.944e-01  9.944e-01  9.944e-01  9.944e-01  9.944e-01  9.944e-01  9.944e-01  9.944e-01  9.944e-01  9.944e-01  9.944e-01  9.944e-01  9.944e-01  9.944e-01  9.944e-01  9.944e-01  9.944e-01  9.944e-01  9.944e-01  9.944e-01  9.944e-01  9.944e-01  9.944e-01  9.944e-01  9.944e-01  9.944e-01  9.944e-01  9.944e-01  9.944e-01  9.944e-01  9.944e-01  9.944e-01  9.944e-01  9.944e-01  9.944e-01 	
 9.950e-01  9.950e-01  9.950e-01  9.950e-01  9.950e-01  9.950e-01  9.950e-01  9.950e-01  9.950e-01  9.950e-01  9.950e-01  9.950e-01  9.950e-01  9.950e-01  9.950e-01  9.950e-01  9.950e-01  9.950e-01  9.950e-01  9.950e-01  9.950e-01  9.950e-01  9.950e-01  9.950e-01  9.950e-01  9.950e-01  9.950e-01  9.950e-01  9.950e-01  9.950e-01  9.950e-01  9.950e-01  9.950e-01  9.950e-01  9.950e-01  9.950e-01  9.950e-01  9.950e-01  9.950e-01  9.950e-01  9.950e-01  9.950e-01  9.950e-01  9.950e-01  9.950e-01  9.950e-01  9.950e-01  9.950e-01  9.950e-01  9.950e-01 	
 9.921e-01  9.921e-01  9.921e-01  9.921e-01  9.921e-01  9.921e-01  9.921e-01  9.921e-01  9.921e-01  9.921e-01  9.921e-01  9.921e-01  9.921e-01  9.921e-01  9.921e-01  9.921e-01  9.921e-01  9.921e-01  9.921e-01  9.921e-01  9.921e-01  9.921e-01  9.921e-01  9.921e-01  9.921e-01  9.921e-01  9.921e-01  9.921e-01  9.921e-01  9.921e-01  9.921e-01  9.921e-01  9.921e-01  9.921e-01  9.921e-01  9.921e-01  9.921e-01  9.921e-01  9.921e-01  9.921e-01  9.921e-01  9.921e-01  9.921e-01  9.921e-01  9.921e-01  9.921e-01  9.921e-01  9.921e-01  9.921e-01  9.921e-01 	
 9.942e-01  9.942e-01  9.942e-01  9.942e-01  9.942e-01  9.942e-01  9.942e-01  9.942e-01  9.942e-01  9.942e-01  9.942e-01  9.942e-01  9.942e-01  9.942e-01  9.942e-01  9.942e-01  9.942e-01  9.942e-01  9.942e-01  9.942e-01  9.942e-01  9.942e-01  9.942e-01  9.942e-01  9.942e-01  9.942e-01  9.942e-01  9.942e-01  9.942e-01  9.942e-01  9.942e-01  9.942e-01  9.942e-01  9.942e-01  9.942e-01  9.942e-01  9.942e-01  9.942e-01  9.942e-01  9.942e-01  9.942e-01  9.942e-01  9.942e-01  9.942e-01  9.942e-01  9.942e-01  9.942e-01  9.942e-01  9.942e-01  9.942e-01 	
 9.931e-01  9.931e-01  9.931e-01  9.931e-01  9.931e-01  9.931e-01  9.931e-01  9.931e-01  9.931e-01  9.931e-01  9.931e-01  9.931e-01  9.931e-01  9.931e-01  9.931e-01  9.931e-01  9.931e-01  9.931e-01  9.931e-01  9.931e-01  9.931e-01  9.931e-01  9.931e-01  9.931e-01  9.931e-01  9.931e-01  9.931e-01  9.931e-01  9.931e-01  9.931e-01  9.931e-01  9.931e-01  9.931e-01  9.931e-01  9.931e-01  9.931e-01  9.931e-01  9.931e-01  9.931e-01  9.931e-01  9.931e-01  9.931e-01  9.931e-01  9.931e-01  9.931e-01  9.931e-01  9.931e-01  9.931e-01  9.931e-01  9.931e-01 	
 9.922e-01  9.922e-01  9.922e-01  9.922e-01  9.922e-01  9.922e-01  9.922e-01  9.922e-01  9.922e-01  9.922e-01  9.922e-01  9.922e-01  9.922e-01  9.922e-01  9.922e-01  9.922e-01  9.922e-01  9.922e-01  9.922e-01  9.922e-01  9.922e-01  9.922e-01  9.922e-01  9.922e-01  9.922e-01  9.922e-01  9.922e-01  9.922e-01  9.922e-01  9.922e-01  9.922e-01  9.922e-01  9.922e-01  9.922e-01  9.922e-01  9.922e-01  9.922e-01  9.922e-01  9.922e-01  9.922e-01  9.922e-01  9.922e-01  9.922e-01  9.922e-01  9.922e-01  9.922e-01  9.922e-01  9.922e-01  9.922e-01  9.922e-01 	
 9.911e-01  9.911e-01  9.911e-01  9.911e-01  9.911e-01  9.911e-01  9.911e-01  9.911e-01  9.911e-01  9.911e-01  9.911e-01  9.911e-01  9.911e-01  9.911e-01  9.911e-01  9.911e-01  9.911e-01  9.911e-01  9.911e-01  9.911e-01  9.911e-01  9.911e-01  9.911e-01  9.911e-01  9.911e-01  9.911e-01  9.911e-01  9.911e-01  9.911e-01  9.911e-01  9.911e-01  9.911e-01  9.911e-01  9.911e-01  9.911e-01  9.911e-01  9.911e-01  9.911e-01  9.911e-01  9.911e-01  9.911e-01  9.911e-01  9.911e-01  9.911e-01  9.911e-01  9.911e-01  9.911e-01  9.911e-01  9.911e-01  9.911e-01 	
 9.894e-01  9.894e-01  9.894e-01  9.894e-01  9.894e-01  9.894e-01  9.894e-01  9.894e-01  9.894e-01  9.894e-01  9.894e-01  9.894e-01  9.894e-01  9.894e-01  9.894e-01  9.894e-01  9.894e-01  9.894e-01  9.894e-01  9.894e-01  9.894e-01  9.894e-01  9.894e-01  9.894e-01  9.894e-01  9.894e-01  9.894e-01  9.894e-01  9.894e-01  9.894e-01  9.894e-01  9.894e-01  9.894e-01  9.894e-01  9.894e-01  9.894e-01  9.894e-01  9.894e-01  9.894e-01  9.894e-01  9.894e-01  9.894e-01  9.894e-01  9.894e-01  9.894e-01  9.894e-01  9.894e-01  9.894e-01  9.894e-01  9.894e-01 	
