 9.998e-01  9.998e-01  9.998e-01  9.998e-01  9.998e-01  9.998e-01  9.998e-01  9.998e-01  9.998e-01  9.998e-01  9.998e-01  9.998e-01  9.998e-01  9.998e-01  9.998e-01  9.998e-01  9.998e-01  9.998e-01  9.998e-01  9.998e-01  9.998e-01  9.998e-01  9.998e-01  9.998e-01  9.998e-01  9.998e-01  9.998e-01  9.998e-01  9.998e-01  9.998e-01  9.998e-01  9.998e-01  9.998e-01  9.998e-01  9.998e-01  9.998e-01  9.998e-01  9.998e-01  9.998e-01  9.998e-01  9.998e-01  9.998e-01  9.998e-01  9.998e-01  9.998e-01  9.998e-01  9.998e-01  9.998e-01  9.998e-01  9.998e-01 	
 9.998e-01  9.998e-01  9.998e-01  9.998e-01  9.998e-01  9.998e-01  9.998e-01  9.998e-01  9.998e-01  9.998e-01  9.998e-01  9.998e-01  9.998e-01  9.998e-01  9.998e-01  9.998e-01  9.998e-01  9.998e-01  9.998e-01  9.998e-01  9.998e-01  9.998e-01  9.998e-01  9.998e-01  9.998e-01  9.998e-01  9.998e-01  9.998e-01  9.998e-01  9.998e-01  9.998e-01  9.998e-01  9.998e-01  9.998e-01  9.998e-01  9.998e-01  9.998e-01  9.998e-01  9.998e-01  9.998e-01  9.998e-01  9.998e-01  9.998e-01  9.998e-01  9.998e-01  9.998e-01  9.998e-01  9.998e-01  9.998e-01  9.998e-01 	
 9.997e-01  9.997e-01  9.997e-01  9.997e-01  9.997e-01  9.997e-01  9.997e-01  9.997e-01  9.997e-01  9.997e-01  9.997e-01  9.997e-01  9.997e-01  9.997e-01  9.997e-01  9.997e-01  9.997e-01  9.997e-01  9.997e-01  9.997e-01  9.997e-01  9.997e-01  9.997e-01  9.997e-01  9.997e-01  9.997e-01  9.997e-01  9.997e-01  9.997e-01  9.997e-01  9.997e-01  9.997e-01  9.997e-01  9.997e-01  9.997e-01  9.997e-01  9.997e-01  9.997e-01  9.997e-01  9.997e-01  9.997e-01  9.997e-01  9.997e-01  9.997e-01  9.997e-01  9.997e-01  9.997e-01  9.997e-01  9.997e-01  9.997e-01 	
 9.998e-01  9.998e-01  9.998e-01  9.998e-01  9.998e-01  9.998e-01  9.998e-01  9.998e-01  9.998e-01  9.998e-01  9.998e-01  9.998e-01  9.998e-01  9.998e-01  9.998e-01  9.998e-01  9.998e-01  9.998e-01  9.998e-01  9.998e-01  9.998e-01  9.998e-01  9.998e-01  9.998e-01  9.998e-01  9.998e-01  9.998e-01  9.998e-01  9.998e-01  9.998e-01  9.998e-01  9.998e-01  9.998e-01  9.998e-01  9.998e-01  9.998e-01  9.998e-01  9.998e-01  9.998e-01  9.998e-01  9.998e-01  9.998e-01  9.998e-01  9.998e-01  9.998e-01  9.998e-01  9.998e-01  9.998e-01  9.998e-01  9.998e-01 	
 9.999e-01  9.999e-01  9.999e-01  9.999e-01  9.999e-01  9.999e-01  9.999e-01  9.999e-01  9.999e-01  9.999e-01  9.999e-01  9.999e-01  9.999e-01  9.999e-01  9.999e-01  9.999e-01  9.999e-01  9.999e-01  9.999e-01  9.999e-01  9.999e-01  9.999e-01  9.999e-01  9.999e-01  9.999e-01  9.999e-01  9.999e-01  9.999e-01  9.999e-01  9.999e-01  9.999e-01  9.999e-01  9.999e-01  9.999e-01  9.999e-01  9.999e-01  9.999e-01  9.999e-01  9.999e-01  9.999e-01  9.999e-01  9.999e-01  9.999e-01  9.999e-01  9.999e-01  9.999e-01  9.999e-01  9.999e-01  9.999e-01  9.999e-01 	
 9.994e-01  9.994e-01  9.994e-01  9.994e-01  9.994e-01  9.994e-01  9.994e-01  9.994e-01  9.994e-01  9.994e-01  9.994e-01  9.994e-01  9.994e-01  9.994e-01  9.994e-01  9.994e-01  9.994e-01  9.994e-01  9.994e-01  9.994e-01  9.994e-01  9.994e-01  9.994e-01  9.994e-01  9.994e-01  9.994e-01  9.994e-01  9.994e-01  9.994e-01  9.994e-01  9.994e-01  9.994e-01  9.994e-01  9.994e-01  9.994e-01  9.994e-01  9.994e-01  9.994e-01  9.994e-01  9.994e-01  9.994e-01  9.994e-01  9.994e-01  9.994e-01  9.994e-01  9.994e-01  9.994e-01  9.994e-01  9.994e-01  9.994e-01 	
 9.997e-01  9.997e-01  9.997e-01  9.997e-01  9.997e-01  9.997e-01  9.997e-01  9.997e-01  9.997e-01  9.997e-01  9.997e-01  9.997e-01  9.997e-01  9.997e-01  9.997e-01  9.997e-01  9.997e-01  9.997e-01  9.997e-01  9.997e-01  9.997e-01  9.997e-01  9.997e-01  9.997e-01  9.997e-01  9.997e-01  9.997e-01  9.997e-01  9.997e-01  9.997e-01  9.997e-01  9.997e-01  9.997e-01  9.997e-01  9.997e-01  9.997e-01  9.997e-01  9.997e-01  9.997e-01  9.997e-01  9.997e-01  9.997e-01  9.997e-01  9.997e-01  9.997e-01  9.997e-01  9.997e-01  9.997e-01  9.997e-01  9.997e-01 	
 9.986e-01  9.986e-01  9.986e-01  9.986e-01  9.986e-01  9.986e-01  9.986e-01  9.986e-01  9.986e-01  9.986e-01  9.986e-01  9.986e-01  9.986e-01  9.986e-01  9.986e-01  9.986e-01  9.986e-01  9.986e-01  9.986e-01  9.986e-01  9.986e-01  9.986e-01  9.986e-01  9.986e-01  9.986e-01  9.986e-01  9.986e-01  9.986e-01  9.986e-01  9.986e-01  9.986e-01  9.986e-01  9.986e-01  9.986e-01  9.986e-01  9.986e-01  9.986e-01  9.986e-01  9.986e-01  9.986e-01  9.986e-01  9.986e-01  9.986e-01  9.986e-01  9.986e-01  9.986e-01  9.986e-01  9.986e-01  9.986e-01  9.986e-01 	
 9.990e-01  9.990e-01  9.990e-01  9.990e-01  9.990e-01  9.990e-01  9.990e-01  9.990e-01  9.990e-01  9.990e-01  9.990e-01  9.990e-01  9.990e-01  9.990e-01  9.990e-01  9.990e-01  9.990e-01  9.990e-01  9.990e-01  9.990e-01  9.990e-01  9.990e-01  9.990e-01  9.990e-01  9.990e-01  9.990e-01  9.990e-01  9.990e-01  9.990e-01  9.990e-01  9.990e-01  9.990e-01  9.990e-01  9.990e-01  9.990e-01  9.990e-01  9.990e-01  9.990e-01  9.990e-01  9.990e-01  9.990e-01  9.990e-01  9.990e-01  9.990e-01  9.990e-01  9.990e-01  9.990e-01  9.990e-01  9.990e-01  9.990e-01 	
 9.994e-01  9.994e-01  9.994e-01  9.994e-01  9.994e-01  9.994e-01  9.994e-01  9.994e-01  9.994e-01  9.994e-01  9.994e-01  9.994e-01  9.994e-01  9.994e-01  9.994e-01  9.994e-01  9.994e-01  9.994e-01  9.994e-01  9.994e-01  9.994e-01  9.994e-01  9.994e-01  9.994e-01  9.994e-01  9.994e-01  9.994e-01  9.994e-01  9.994e-01  9.994e-01  9.994e-01  9.994e-01  9.994e-01  9.994e-01  9.994e-01  9.994e-01  9.994e-01  9.994e-01  9.994e-01  9.994e-01  9.994e-01  9.994e-01  9.994e-01  9.994e-01  9.994e-01  9.994e-01  9.994e-01  9.994e-01  9.994e-01  9.994e-01 	
 9.994e-01  9.994e-01  9.994e-01  9.994e-01  9.994e-01  9.994e-01  9.994e-01  9.994e-01  9.994e-01  9.994e-01  9.994e-01  9.994e-01  9.994e-01  9.994e-01  9.994e-01  9.994e-01  9.994e-01  9.994e-01  9.994e-01  9.994e-01  9.994e-01  9.994e-01  9.994e-01  9.994e-01  9.994e-01  9.994e-01  9.994e-01  9.994e-01  9.994e-01  9.994e-01  9.994e-01  9.994e-01  9.994e-01  9.994e-01  9.994e-01  9.994e-01  9.994e-01  9.994e-01  9.994e-01  9.994e-01  9.994e-01  9.994e-01  9.994e-01  9.994e-01  9.994e-01  9.994e-01  9.994e-01  9.994e-01  9.994e-01  9.994e-01 	
 9.989e-01  9.989e-01  9.989e-01  9.989e-01  9.989e-01  9.989e-01  9.989e-01  9.989e-01  9.989e-01  9.989e-01  9.989e-01  9.989e-01  9.989e-01  9.989e-01  9.989e-01  9.989e-01  9.989e-01  9.989e-01  9.989e-01  9.989e-01  9.989e-01  9.989e-01  9.989e-01  9.989e-01  9.989e-01  9.989e-01  9.989e-01  9.989e-01  9.989e-01  9.989e-01  9.989e-01  9.989e-01  9.989e-01  9.989e-01  9.989e-01  9.989e-01  9.989e-01  9.989e-01  9.989e-01  9.989e-01  9.989e-01  9.989e-01  9.989e-01  9.989e-01  9.989e-01  9.989e-01  9.989e-01  9.989e-01  9.989e-01  9.989e-01 	
 9.988e-01  9.988e-01  9.988e-01  9.988e-01  9.988e-01  9.988e-01  9.988e-01  9.988e-01  9.988e-01  9.988e-01  9.988e-01  9.988e-01  9.988e-01  9.988e-01  9.988e-01  9.988e-01  9.988e-01  9.988e-01  9.988e-01  9.988e-01  9.988e-01  9.988e-01  9.988e-01  9.988e-01  9.988e-01  9.988e-01  9.988e-01  9.988e-01  9.988e-01  9.988e-01  9.988e-01  9.988e-01  9.988e-01  9.988e-01  9.988e-01  9.988e-01  9.988e-01  9.988e-01  9.988e-01  9.988e-01  9.988e-01  9.988e-01  9.988e-01  9.988e-01  9.988e-01  9.988e-01  9.988e-01  9.988e-01  9.988e-01  9.988e-01 	
 9.990e-01  9.990e-01  9.990e-01  9.990e-01  9.990e-01  9.990e-01  9.990e-01  9.990e-01  9.990e-01  9.990e-01  9.990e-01  9.990e-01  9.990e-01  9.990e-01  9.990e-01  9.990e-01  9.990e-01  9.990e-01  9.990e-01  9.990e-01  9.990e-01  9.990e-01  9.990e-01  9.990e-01  9.990e-01  9.990e-01  9.990e-01  9.990e-01  9.990e-01  9.990e-01  9.990e-01  9.990e-01  9.990e-01  9.990e-01  9.990e-01  9.990e-01  9.990e-01  9.990e-01  9.990e-01  9.990e-01  9.990e-01  9.990e-01  9.990e-01  9.990e-01  9.990e-01  9.990e-01  9.990e-01  9.990e-01  9.990e-01  9.990e-01 	
 9.986e-01  9.986e-01  9.986e-01  9.986e-01  9.986e-01  9.986e-01  9.986e-01  9.986e-01  9.986e-01  9.986e-01  9.986e-01  9.986e-01  9.986e-01  9.986e-01  9.986e-01  9.986e-01  9.986e-01  9.986e-01  9.986e-01  9.986e-01  9.986e-01  9.986e-01  9.986e-01  9.986e-01  9.986e-01  9.986e-01  9.986e-01  9.986e-01  9.986e-01  9.986e-01  9.986e-01  9.986e-01  9.986e-01  9.986e-01  9.986e-01  9.986e-01  9.986e-01  9.986e-01  9.986e-01  9.986e-01  9.986e-01  9.986e-01  9.986e-01  9.986e-01  9.986e-01  9.986e-01  9.986e-01  9.986e-01  9.986e-01  9.986e-01 	
 9.986e-01  9.986e-01  9.986e-01  9.986e-01  9.986e-01  9.986e-01  9.986e-01  9.986e-01  9.986e-01  9.986e-01  9.986e-01  9.986e-01  9.986e-01  9.986e-01  9.986e-01  9.986e-01  9.986e-01  9.986e-01  9.986e-01  9.986e-01  9.986e-01  9.986e-01  9.986e-01  9.986e-01  9.986e-01  9.986e-01  9.986e-01  9.986e-01  9.986e-01  9.986e-01  9.986e-01  9.986e-01  9.986e-01  9.986e-01  9.986e-01  9.986e-01  9.986e-01  9.986e-01  9.986e-01  9.986e-01  9.986e-01  9.986e-01  9.986e-01  9.986e-01  9.986e-01  9.986e-01  9.986e-01  9.986e-01  9.986e-01  9.986e-01 	
 9.985e-01  9.985e-01  9.985e-01  9.985e-01  9.985e-01  9.985e-01  9.985e-01  9.985e-01  9.985e-01  9.985e-01  9.985e-01  9.985e-01  9.985e-01  9.985e-01  9.985e-01  9.985e-01  9.985e-01  9.985e-01  9.985e-01  9.985e-01  9.985e-01  9.985e-01  9.985e-01  9.985e-01  9.985e-01  9.985e-01  9.985e-01  9.985e-01  9.985e-01  9.985e-01  9.985e-01  9.985e-01  9.985e-01  9.985e-01  9.985e-01  9.985e-01  9.985e-01  9.985e-01  9.985e-01  9.985e-01  9.985e-01  9.985e-01  9.985e-01  9.985e-01  9.985e-01  9.985e-01  9.985e-01  9.985e-01  9.985e-01  9.985e-01 	
 9.981e-01  9.981e-01  9.981e-01  9.981e-01  9.981e-01  9.981e-01  9.981e-01  9.981e-01  9.981e-01  9.981e-01  9.981e-01  9.981e-01  9.981e-01  9.981e-01  9.981e-01  9.981e-01  9.981e-01  9.981e-01  9.981e-01  9.981e-01  9.981e-01  9.981e-01  9.981e-01  9.981e-01  9.981e-01  9.981e-01  9.981e-01  9.981e-01  9.981e-01  9.981e-01  9.981e-01  9.981e-01  9.981e-01  9.981e-01  9.981e-01  9.981e-01  9.981e-01  9.981e-01  9.981e-01  9.981e-01  9.981e-01  9.981e-01  9.981e-01  9.981e-01  9.981e-01  9.981e-01  9.981e-01  9.981e-01  9.981e-01  9.981e-01 	
 9.984e-01  9.984e-01  9.984e-01  9.984e-01  9.984e-01  9.984e-01  9.984e-01  9.984e-01  9.984e-01  9.984e-01  9.984e-01  9.984e-01  9.984e-01  9.984e-01  9.984e-01  9.984e-01  9.984e-01  9.984e-01  9.984e-01  9.984e-01  9.984e-01  9.984e-01  9.984e-01  9.984e-01  9.984e-01  9.984e-01  9.984e-01  9.984e-01  9.984e-01  9.984e-01  9.984e-01  9.984e-01  9.984e-01  9.984e-01  9.984e-01  9.984e-01  9.984e-01  9.984e-01  9.984e-01  9.984e-01  9.984e-01  9.984e-01  9.984e-01  9.984e-01  9.984e-01  9.984e-01  9.984e-01  9.984e-01  9.984e-01  9.984e-01 	
 9.975e-01  9.975e-01  9.975e-01  9.975e-01  9.975e-01  9.975e-01  9.975e-01  9.975e-01  9.975e-01  9.975e-01  9.975e-01  9.975e-01  9.975e-01  9.975e-01  9.975e-01  9.975e-01  9.975e-01  9.975e-01  9.975e-01  9.975e-01  9.975e-01  9.975e-01  9.975e-01  9.975e-01  9.975e-01  9.975e-01  9.975e-01  9.975e-01  9.975e-01  9.975e-01  9.975e-01  9.975e-01  9.975e-01  9.975e-01  9.975e-01  9.975e-01  9.975e-01  9.975e-01  9.975e-01  9.975e-01  9.975e-01  9.975e-01  9.975e-01  9.975e-01  9.975e-01  9.975e-01  9.975e-01  9.975e-01  9.975e-01  9.975e-01 	
 9.970e-01  9.970e-01  9.970e-01  9.970e-01  9.970e-01  9.970e-01  9.970e-01  9.970e-01  9.970e-01  9.970e-01  9.970e-01  9.970e-01  9.970e-01  9.970e-01  9.970e-01  9.970e-01  9.970e-01  9.970e-01  9.970e-01  9.970e-01  9.970e-01  9.970e-01  9.970e-01  9.970e-01  9.970e-01  9.970e-01  9.970e-01  9.970e-01  9.970e-01  9.970e-01  9.970e-01  9.970e-01  9.970e-01  9.970e-01  9.970e-01  9.970e-01  9.970e-01  9.970e-01  9.970e-01  9.970e-01  9.970e-01  9.970e-01  9.970e-01  9.970e-01  9.970e-01  9.970e-01  9.970e-01  9.970e-01  9.970e-01  9.970e-01 	
 9.974e-01  9.974e-01  9.974e-01  9.974e-01  9.974e-01  9.974e-01  9.974e-01  9.974e-01  9.974e-01  9.974e-01  9.974e-01  9.974e-01  9.974e-01  9.974e-01  9.974e-01  9.974e-01  9.974e-01  9.974e-01  9.974e-01  9.974e-01  9.974e-01  9.974e-01  9.974e-01  9.974e-01  9.974e-01  9.974e-01  9.974e-01  9.974e-01  9.974e-01  9.974e-01  9.974e-01  9.974e-01  9.974e-01  9.974e-01  9.974e-01  9.974e-01  9.974e-01  9.974e-01  9.974e-01  9.974e-01  9.974e-01  9.974e-01  9.974e-01  9.974e-01  9.974e-01  9.974e-01  9.974e-01  9.974e-01  9.974e-01  9.974e-01 	
 9.962e-01  9.962e-01  9.962e-01  9.962e-01  9.962e-01  9.962e-01  9.962e-01  9.962e-01  9.962e-01  9.962e-01  9.962e-01  9.962e-01  9.962e-01  9.962e-01  9.962e-01  9.962e-01  9.962e-01  9.962e-01  9.962e-01  9.962e-01  9.962e-01  9.962e-01  9.962e-01  9.962e-01  9.962e-01  9.962e-01  9.962e-01  9.962e-01  9.962e-01  9.962e-01  9.962e-01  9.962e-01  9.962e-01  9.962e-01  9.962e-01  9.962e-01  9.962e-01  9.962e-01  9.962e-01  9.962e-01  9.962e-01  9.962e-01  9.962e-01  9.962e-01  9.962e-01  9.962e-01  9.962e-01  9.962e-01  9.962e-01  9.962e-01 	
 9.964e-01  9.964e-01  9.964e-01  9.964e-01  9.964e-01  9.964e-01  9.964e-01  9.964e-01  9.964e-01  9.964e-01  9.964e-01  9.964e-01  9.964e-01  9.964e-01  9.964e-01  9.964e-01  9.964e-01  9.964e-01  9.964e-01  9.964e-01  9.964e-01  9.964e-01  9.964e-01  9.964e-01  9.964e-01  9.964e-01  9.964e-01  9.964e-01  9.964e-01  9.964e-01  9.964e-01  9.964e-01  9.964e-01  9.964e-01  9.964e-01  9.964e-01  9.964e-01  9.964e-01  9.964e-01  9.964e-01  9.964e-01  9.964e-01  9.964e-01  9.964e-01  9.964e-01  9.964e-01  9.964e-01  9.964e-01  9.964e-01  9.964e-01 	
 9.961e-01  9.961e-01  9.961e-01  9.961e-01  9.961e-01  9.961e-01  9.961e-01  9.961e-01  9.961e-01  9.961e-01  9.961e-01  9.961e-01  9.961e-01  9.961e-01  9.961e-01  9.961e-01  9.961e-01  9.961e-01  9.961e-01  9.961e-01  9.961e-01  9.961e-01  9.961e-01  9.961e-01  9.961e-01  9.961e-01  9.961e-01  9.961e-01  9.961e-01  9.961e-01  9.961e-01  9.961e-01  9.961e-01  9.961e-01  9.961e-01  9.961e-01  9.961e-01  9.961e-01  9.961e-01  9.961e-01  9.961e-01  9.961e-01  9.961e-01  9.961e-01  9.961e-01  9.961e-01  9.961e-01  9.961e-01  9.961e-01  9.961e-01 	
 9.959e-01  9.959e-01  9.959e-01  9.959e-01  9.959e-01  9.959e-01  9.959e-01  9.959e-01  9.959e-01  9.959e-01  9.959e-01  9.959e-01  9.959e-01  9.959e-01  9.959e-01  9.959e-01  9.959e-01  9.959e-01  9.959e-01  9.959e-01  9.959e-01  9.959e-01  9.959e-01  9.959e-01  9.959e-01  9.959e-01  9.959e-01  9.959e-01  9.959e-01  9.959e-01  9.959e-01  9.959e-01  9.959e-01  9.959e-01  9.959e-01  9.959e-01  9.959e-01  9.959e-01  9.959e-01  9.959e-01  9.959e-01  9.959e-01  9.959e-01  9.959e-01  9.959e-01  9.959e-01  9.959e-01  9.959e-01  9.959e-01  9.959e-01 	
 9.949e-01  9.949e-01  9.949e-01  9.949e-01  9.949e-01  9.949e-01  9.949e-01  9.949e-01  9.949e-01  9.949e-01  9.949e-01  9.949e-01  9.949e-01  9.949e-01  9.949e-01  9.949e-01  9.949e-01  9.949e-01  9.949e-01  9.949e-01  9.949e-01  9.949e-01  9.949e-01  9.949e-01  9.949e-01  9.949e-01  9.949e-01  9.949e-01  9.949e-01  9.949e-01  9.949e-01  9.949e-01  9.949e-01  9.949e-01  9.949e-01  9.949e-01  9.949e-01  9.949e-01  9.949e-01  9.949e-01  9.949e-01  9.949e-01  9.949e-01  9.949e-01  9.949e-01  9.949e-01  9.949e-01  9.949e-01  9.949e-01  9.949e-01 	
 9.953e-01  9.953e-01  9.953e-01  9.953e-01  9.953e-01  9.953e-01  9.953e-01  9.953e-01  9.953e-01  9.953e-01  9.953e-01  9.953e-01  9.953e-01  9.953e-01  9.953e-01  9.953e-01  9.953e-01  9.953e-01  9.953e-01  9.953e-01  9.953e-01  9.953e-01  9.953e-01  9.953e-01  9.953e-01  9.953e-01  9.953e-01  9.953e-01  9.953e-01  9.953e-01  9.953e-01  9.953e-01  9.953e-01  9.953e-01  9.953e-01  9.953e-01  9.953e-01  9.953e-01  9.953e-01  9.953e-01  9.953e-01  9.953e-01  9.953e-01  9.953e-01  9.953e-01  9.953e-01  9.953e-01  9.953e-01  9.953e-01  9.953e-01 	
 9.935e-01  9.935e-01  9.935e-01  9.935e-01  9.935e-01  9.935e-01  9.935e-01  9.935e-01  9.935e-01  9.935e-01  9.935e-01  9.935e-01  9.935e-01  9.935e-01  9.935e-01  9.935e-01  9.935e-01  9.935e-01  9.935e-01  9.935e-01  9.935e-01  9.935e-01  9.935e-01  9.935e-01  9.935e-01  9.935e-01  9.935e-01  9.935e-01  9.935e-01  9.935e-01  9.935e-01  9.935e-01  9.935e-01  9.935e-01  9.935e-01  9.935e-01  9.935e-01  9.935e-01  9.935e-01  9.935e-01  9.935e-01  9.935e-01  9.935e-01  9.935e-01  9.935e-01  9.935e-01  9.935e-01  9.935e-01  9.935e-01  9.935e-01 	
 9.910e-01  9.910e-01  9.910e-01  9.910e-01  9.910e-01  9.910e-01  9.910e-01  9.910e-01  9.910e-01  9.910e-01  9.910e-01  9.910e-01  9.910e-01  9.910e-01  9.910e-01  9.910e-01  9.910e-01  9.910e-01  9.910e-01  9.910e-01  9.910e-01  9.910e-01  9.910e-01  9.910e-01  9.910e-01  9.910e-01  9.910e-01  9.910e-01  9.910e-01  9.910e-01  9.910e-01  9.910e-01  9.910e-01  9.910e-01  9.910e-01  9.910e-01  9.910e-01  9.910e-01  9.910e-01  9.910e-01  9.910e-01  9.910e-01  9.910e-01  9.910e-01  9.910e-01  9.910e-01  9.910e-01  9.910e-01  9.910e-01  9.910e-01 	
 9.911e-01  9.911e-01  9.911e-01  9.911e-01  9.911e-01  9.911e-01  9.911e-01  9.911e-01  9.911e-01  9.911e-01  9.911e-01  9.911e-01  9.911e-01  9.911e-01  9.911e-01  9.911e-01  9.911e-01  9.911e-01  9.911e-01  9.911e-01  9.911e-01  9.911e-01  9.911e-01  9.911e-01  9.911e-01  9.911e-01  9.911e-01  9.911e-01  9.911e-01  9.911e-01  9.911e-01  9.911e-01  9.911e-01  9.911e-01  9.911e-01  9.911e-01  9.911e-01  9.911e-01  9.911e-01  9.911e-01  9.911e-01  9.911e-01  9.911e-01  9.911e-01  9.911e-01  9.911e-01  9.911e-01  9.911e-01  9.911e-01  9.911e-01 	
 9.911e-01  9.911e-01  9.911e-01  9.911e-01  9.911e-01  9.911e-01  9.911e-01  9.911e-01  9.911e-01  9.911e-01  9.911e-01  9.911e-01  9.911e-01  9.911e-01  9.911e-01  9.911e-01  9.911e-01  9.911e-01  9.911e-01  9.911e-01  9.911e-01  9.911e-01  9.911e-01  9.911e-01  9.911e-01  9.911e-01  9.911e-01  9.911e-01  9.911e-01  9.911e-01  9.911e-01  9.911e-01  9.911e-01  9.911e-01  9.911e-01  9.911e-01  9.911e-01  9.911e-01  9.911e-01  9.911e-01  9.911e-01  9.911e-01  9.911e-01  9.911e-01  9.911e-01  9.911e-01  9.911e-01  9.911e-01  9.911e-01  9.911e-01 	
 9.880e-01  9.880e-01  9.880e-01  9.880e-01  9.880e-01  9.880e-01  9.880e-01  9.880e-01  9.880e-01  9.880e-01  9.880e-01  9.880e-01  9.880e-01  9.880e-01  9.880e-01  9.880e-01  9.880e-01  9.880e-01  9.880e-01  9.880e-01  9.880e-01  9.880e-01  9.880e-01  9.880e-01  9.880e-01  9.880e-01  9.880e-01  9.880e-01  9.880e-01  9.880e-01  9.880e-01  9.880e-01  9.880e-01  9.880e-01  9.880e-01  9.880e-01  9.880e-01  9.880e-01  9.880e-01  9.880e-01  9.880e-01  9.880e-01  9.880e-01  9.880e-01  9.880e-01  9.880e-01  9.880e-01  9.880e-01  9.880e-01  9.880e-01 	
 9.816e-01  9.816e-01  9.816e-01  9.816e-01  9.816e-01  9.816e-01  9.816e-01  9.816e-01  9.816e-01  9.816e-01  9.816e-01  9.816e-01  9.816e-01  9.816e-01  9.816e-01  9.816e-01  9.816e-01  9.816e-01  9.816e-01  9.816e-01  9.816e-01  9.816e-01  9.816e-01  9.816e-01  9.816e-01  9.816e-01  9.816e-01  9.816e-01  9.816e-01  9.816e-01  9.816e-01  9.816e-01  9.816e-01  9.816e-01  9.816e-01  9.816e-01  9.816e-01  9.816e-01  9.816e-01  9.816e-01  9.816e-01  9.816e-01  9.816e-01  9.816e-01  9.816e-01  9.816e-01  9.816e-01  9.816e-01  9.816e-01  9.816e-01 	
 9.864e-01  9.864e-01  9.864e-01  9.864e-01  9.864e-01  9.864e-01  9.864e-01  9.864e-01  9.864e-01  9.864e-01  9.864e-01  9.864e-01  9.864e-01  9.864e-01  9.864e-01  9.864e-01  9.864e-01  9.864e-01  9.864e-01  9.864e-01  9.864e-01  9.864e-01  9.864e-01  9.864e-01  9.864e-01  9.864e-01  9.864e-01  9.864e-01  9.864e-01  9.864e-01  9.864e-01  9.864e-01  9.864e-01  9.864e-01  9.864e-01  9.864e-01  9.864e-01  9.864e-01  9.864e-01  9.864e-01  9.864e-01  9.864e-01  9.864e-01  9.864e-01  9.864e-01  9.864e-01  9.864e-01  9.864e-01  9.864e-01  9.864e-01 	
 9.833e-01  9.833e-01  9.833e-01  9.833e-01  9.833e-01  9.833e-01  9.833e-01  9.833e-01  9.833e-01  9.833e-01  9.833e-01  9.833e-01  9.833e-01  9.833e-01  9.833e-01  9.833e-01  9.833e-01  9.833e-01  9.833e-01  9.833e-01  9.833e-01  9.833e-01  9.833e-01  9.833e-01  9.833e-01  9.833e-01  9.833e-01  9.833e-01  9.833e-01  9.833e-01  9.833e-01  9.833e-01  9.833e-01  9.833e-01  9.833e-01  9.833e-01  9.833e-01  9.833e-01  9.833e-01  9.833e-01  9.833e-01  9.833e-01  9.833e-01  9.833e-01  9.833e-01  9.833e-01  9.833e-01  9.833e-01  9.833e-01  9.833e-01 	
 9.818e-01  9.818e-01  9.818e-01  9.818e-01  9.818e-01  9.818e-01  9.818e-01  9.818e-01  9.818e-01  9.818e-01  9.818e-01  9.818e-01  9.818e-01  9.818e-01  9.818e-01  9.818e-01  9.818e-01  9.818e-01  9.818e-01  9.818e-01  9.818e-01  9.818e-01  9.818e-01  9.818e-01  9.818e-01  9.818e-01  9.818e-01  9.818e-01  9.818e-01  9.818e-01  9.818e-01  9.818e-01  9.818e-01  9.818e-01  9.818e-01  9.818e-01  9.818e-01  9.818e-01  9.818e-01  9.818e-01  9.818e-01  9.818e-01  9.818e-01  9.818e-01  9.818e-01  9.818e-01  9.818e-01  9.818e-01  9.818e-01  9.818e-01 	
 9.797e-01  9.797e-01  9.797e-01  9.797e-01  9.797e-01  9.797e-01  9.797e-01  9.797e-01  9.797e-01  9.797e-01  9.797e-01  9.797e-01  9.797e-01  9.797e-01  9.797e-01  9.797e-01  9.797e-01  9.797e-01  9.797e-01  9.797e-01  9.797e-01  9.797e-01  9.797e-01  9.797e-01  9.797e-01  9.797e-01  9.797e-01  9.797e-01  9.797e-01  9.797e-01  9.797e-01  9.797e-01  9.797e-01  9.797e-01  9.797e-01  9.797e-01  9.797e-01  9.797e-01  9.797e-01  9.797e-01  9.797e-01  9.797e-01  9.797e-01  9.797e-01  9.797e-01  9.797e-01  9.797e-01  9.797e-01  9.797e-01  9.797e-01 	
 9.774e-01  9.774e-01  9.774e-01  9.774e-01  9.774e-01  9.774e-01  9.774e-01  9.774e-01  9.774e-01  9.774e-01  9.774e-01  9.774e-01  9.774e-01  9.774e-01  9.774e-01  9.774e-01  9.774e-01  9.774e-01  9.774e-01  9.774e-01  9.774e-01  9.774e-01  9.774e-01  9.774e-01  9.774e-01  9.774e-01  9.774e-01  9.774e-01  9.774e-01  9.774e-01  9.774e-01  9.774e-01  9.774e-01  9.774e-01  9.774e-01  9.774e-01  9.774e-01  9.774e-01  9.774e-01  9.774e-01  9.774e-01  9.774e-01  9.774e-01  9.774e-01  9.774e-01  9.774e-01  9.774e-01  9.774e-01  9.774e-01  9.774e-01 	
 9.710e-01  9.710e-01  9.710e-01  9.710e-01  9.710e-01  9.710e-01  9.710e-01  9.710e-01  9.710e-01  9.710e-01  9.710e-01  9.710e-01  9.710e-01  9.710e-01  9.710e-01  9.710e-01  9.710e-01  9.710e-01  9.710e-01  9.710e-01  9.710e-01  9.710e-01  9.710e-01  9.710e-01  9.710e-01  9.710e-01  9.710e-01  9.710e-01  9.710e-01  9.710e-01  9.710e-01  9.710e-01  9.710e-01  9.710e-01  9.710e-01  9.710e-01  9.710e-01  9.710e-01  9.710e-01  9.710e-01  9.710e-01  9.710e-01  9.710e-01  9.710e-01  9.710e-01  9.710e-01  9.710e-01  9.710e-01  9.710e-01  9.710e-01 	
 9.698e-01  9.698e-01  9.698e-01  9.698e-01  9.698e-01  9.698e-01  9.698e-01  9.698e-01  9.698e-01  9.698e-01  9.698e-01  9.698e-01  9.698e-01  9.698e-01  9.698e-01  9.698e-01  9.698e-01  9.698e-01  9.698e-01  9.698e-01  9.698e-01  9.698e-01  9.698e-01  9.698e-01  9.698e-01  9.698e-01  9.698e-01  9.698e-01  9.698e-01  9.698e-01  9.698e-01  9.698e-01  9.698e-01  9.698e-01  9.698e-01  9.698e-01  9.698e-01  9.698e-01  9.698e-01  9.698e-01  9.698e-01  9.698e-01  9.698e-01  9.698e-01  9.698e-01  9.698e-01  9.698e-01  9.698e-01  9.698e-01  9.698e-01 	
 9.666e-01  9.666e-01  9.666e-01  9.666e-01  9.666e-01  9.666e-01  9.666e-01  9.666e-01  9.666e-01  9.666e-01  9.666e-01  9.666e-01  9.666e-01  9.666e-01  9.666e-01  9.666e-01  9.666e-01  9.666e-01  9.666e-01  9.666e-01  9.666e-01  9.666e-01  9.666e-01  9.666e-01  9.666e-01  9.666e-01  9.666e-01  9.666e-01  9.666e-01  9.666e-01  9.666e-01  9.666e-01  9.666e-01  9.666e-01  9.666e-01  9.666e-01  9.666e-01  9.666e-01  9.666e-01  9.666e-01  9.666e-01  9.666e-01  9.666e-01  9.666e-01  9.666e-01  9.666e-01  9.666e-01  9.666e-01  9.666e-01  9.666e-01 	
 9.624e-01  9.624e-01  9.624e-01  9.624e-01  9.624e-01  9.624e-01  9.624e-01  9.624e-01  9.624e-01  9.624e-01  9.624e-01  9.624e-01  9.624e-01  9.624e-01  9.624e-01  9.624e-01  9.624e-01  9.624e-01  9.624e-01  9.624e-01  9.624e-01  9.624e-01  9.624e-01  9.624e-01  9.624e-01  9.624e-01  9.624e-01  9.624e-01  9.624e-01  9.624e-01  9.624e-01  9.624e-01  9.624e-01  9.624e-01  9.624e-01  9.624e-01  9.624e-01  9.624e-01  9.624e-01  9.624e-01  9.624e-01  9.624e-01  9.624e-01  9.624e-01  9.624e-01  9.624e-01  9.624e-01  9.624e-01  9.624e-01  9.624e-01 	
 9.554e-01  9.554e-01  9.554e-01  9.554e-01  9.554e-01  9.554e-01  9.554e-01  9.554e-01  9.554e-01  9.554e-01  9.554e-01  9.554e-01  9.554e-01  9.554e-01  9.554e-01  9.554e-01  9.554e-01  9.554e-01  9.554e-01  9.554e-01  9.554e-01  9.554e-01  9.554e-01  9.554e-01  9.554e-01  9.554e-01  9.554e-01  9.554e-01  9.554e-01  9.554e-01  9.554e-01  9.554e-01  9.554e-01  9.554e-01  9.554e-01  9.554e-01  9.554e-01  9.554e-01  9.554e-01  9.554e-01  9.554e-01  9.554e-01  9.554e-01  9.554e-01  9.554e-01  9.554e-01  9.554e-01  9.554e-01  9.554e-01  9.554e-01 	
 9.486e-01  9.486e-01  9.486e-01  9.486e-01  9.486e-01  9.486e-01  9.486e-01  9.486e-01  9.486e-01  9.486e-01  9.486e-01  9.486e-01  9.486e-01  9.486e-01  9.486e-01  9.486e-01  9.486e-01  9.486e-01  9.486e-01  9.486e-01  9.486e-01  9.486e-01  9.486e-01  9.486e-01  9.486e-01  9.486e-01  9.486e-01  9.486e-01  9.486e-01  9.486e-01  9.486e-01  9.486e-01  9.486e-01  9.486e-01  9.486e-01  9.486e-01  9.486e-01  9.486e-01  9.486e-01  9.486e-01  9.486e-01  9.486e-01  9.486e-01  9.486e-01  9.486e-01  9.486e-01  9.486e-01  9.486e-01  9.486e-01  9.486e-01 	
 9.446e-01  9.446e-01  9.446e-01  9.446e-01  9.446e-01  9.446e-01  9.446e-01  9.446e-01  9.446e-01  9.446e-01  9.446e-01  9.446e-01  9.446e-01  9.446e-01  9.446e-01  9.446e-01  9.446e-01  9.446e-01  9.446e-01  9.446e-01  9.446e-01  9.446e-01  9.446e-01  9.446e-01  9.446e-01  9.446e-01  9.446e-01  9.446e-01  9.446e-01  9.446e-01  9.446e-01  9.446e-01  9.446e-01  9.446e-01  9.446e-01  9.446e-01  9.446e-01  9.446e-01  9.446e-01  9.446e-01  9.446e-01  9.446e-01  9.446e-01  9.446e-01  9.446e-01  9.446e-01  9.446e-01  9.446e-01  9.446e-01  9.446e-01 	
 9.340e-01  9.340e-01  9.340e-01  9.340e-01  9.340e-01  9.340e-01  9.340e-01  9.340e-01  9.340e-01  9.340e-01  9.340e-01  9.340e-01  9.340e-01  9.340e-01  9.340e-01  9.340e-01  9.340e-01  9.340e-01  9.340e-01  9.340e-01  9.340e-01  9.340e-01  9.340e-01  9.340e-01  9.340e-01  9.340e-01  9.340e-01  9.340e-01  9.340e-01  9.340e-01  9.340e-01  9.340e-01  9.340e-01  9.340e-01  9.340e-01  9.340e-01  9.340e-01  9.340e-01  9.340e-01  9.340e-01  9.340e-01  9.340e-01  9.340e-01  9.340e-01  9.340e-01  9.340e-01  9.340e-01  9.340e-01  9.340e-01  9.340e-01 	
 9.246e-01  9.246e-01  9.246e-01  9.246e-01  9.246e-01  9.246e-01  9.246e-01  9.246e-01  9.246e-01  9.246e-01  9.246e-01  9.246e-01  9.246e-01  9.246e-01  9.246e-01  9.246e-01  9.246e-01  9.246e-01  9.246e-01  9.246e-01  9.246e-01  9.246e-01  9.246e-01  9.246e-01  9.246e-01  9.246e-01  9.246e-01  9.246e-01  9.246e-01  9.246e-01  9.246e-01  9.246e-01  9.246e-01  9.246e-01  9.246e-01  9.246e-01  9.246e-01  9.246e-01  9.246e-01  9.246e-01  9.246e-01  9.246e-01  9.246e-01  9.246e-01  9.246e-01  9.246e-01  9.246e-01  9.246e-01  9.246e-01  9.246e-01 	
 9.172e-01  9.172e-01  9.172e-01  9.172e-01  9.172e-01  9.172e-01  9.172e-01  9.172e-01  9.172e-01  9.172e-01  9.172e-01  9.172e-01  9.172e-01  9.172e-01  9.172e-01  9.172e-01  9.172e-01  9.172e-01  9.172e-01  9.172e-01  9.172e-01  9.172e-01  9.172e-01  9.172e-01  9.172e-01  9.172e-01  9.172e-01  9.172e-01  9.172e-01  9.172e-01  9.172e-01  9.172e-01  9.172e-01  9.172e-01  9.172e-01  9.172e-01  9.172e-01  9.172e-01  9.172e-01  9.172e-01  9.172e-01  9.172e-01  9.172e-01  9.172e-01  9.172e-01  9.172e-01  9.172e-01  9.172e-01  9.172e-01  9.172e-01 	
 9.087e-01  9.087e-01  9.087e-01  9.087e-01  9.087e-01  9.087e-01  9.087e-01  9.087e-01  9.087e-01  9.087e-01  9.087e-01  9.087e-01  9.087e-01  9.087e-01  9.087e-01  9.087e-01  9.087e-01  9.087e-01  9.087e-01  9.087e-01  9.087e-01  9.087e-01  9.087e-01  9.087e-01  9.087e-01  9.087e-01  9.087e-01  9.087e-01  9.087e-01  9.087e-01  9.087e-01  9.087e-01  9.087e-01  9.087e-01  9.087e-01  9.087e-01  9.087e-01  9.087e-01  9.087e-01  9.087e-01  9.087e-01  9.087e-01  9.087e-01  9.087e-01  9.087e-01  9.087e-01  9.087e-01  9.087e-01  9.087e-01  9.087e-01 	
