 9.996e-01  9.996e-01  9.996e-01  9.996e-01  9.996e-01  9.996e-01  9.996e-01  9.996e-01  9.996e-01  9.996e-01  9.996e-01  9.996e-01  9.996e-01  9.996e-01  9.996e-01  9.996e-01  9.996e-01  9.996e-01  9.996e-01  9.996e-01  9.996e-01  9.996e-01  9.996e-01  9.996e-01  9.996e-01  9.996e-01  9.996e-01  9.996e-01  9.996e-01  9.996e-01  9.996e-01  9.996e-01  9.996e-01  9.996e-01  9.996e-01  9.996e-01  9.996e-01  9.996e-01  9.996e-01  9.996e-01  9.996e-01  9.996e-01  9.996e-01  9.996e-01  9.996e-01  9.996e-01  9.996e-01  9.996e-01  9.996e-01  9.996e-01 	
 9.998e-01  9.998e-01  9.998e-01  9.998e-01  9.998e-01  9.998e-01  9.998e-01  9.998e-01  9.998e-01  9.998e-01  9.998e-01  9.998e-01  9.998e-01  9.998e-01  9.998e-01  9.998e-01  9.998e-01  9.998e-01  9.998e-01  9.998e-01  9.998e-01  9.998e-01  9.998e-01  9.998e-01  9.998e-01  9.998e-01  9.998e-01  9.998e-01  9.998e-01  9.998e-01  9.998e-01  9.998e-01  9.998e-01  9.998e-01  9.998e-01  9.998e-01  9.998e-01  9.998e-01  9.998e-01  9.998e-01  9.998e-01  9.998e-01  9.998e-01  9.998e-01  9.998e-01  9.998e-01  9.998e-01  9.998e-01  9.998e-01  9.998e-01 	
 9.998e-01  9.998e-01  9.998e-01  9.998e-01  9.998e-01  9.998e-01  9.998e-01  9.998e-01  9.998e-01  9.998e-01  9.998e-01  9.998e-01  9.998e-01  9.998e-01  9.998e-01  9.998e-01  9.998e-01  9.998e-01  9.998e-01  9.998e-01  9.998e-01  9.998e-01  9.998e-01  9.998e-01  9.998e-01  9.998e-01  9.998e-01  9.998e-01  9.998e-01  9.998e-01  9.998e-01  9.998e-01  9.998e-01  9.998e-01  9.998e-01  9.998e-01  9.998e-01  9.998e-01  9.998e-01  9.998e-01  9.998e-01  9.998e-01  9.998e-01  9.998e-01  9.998e-01  9.998e-01  9.998e-01  9.998e-01  9.998e-01  9.998e-01 	
 9.999e-01  9.999e-01  9.999e-01  9.999e-01  9.999e-01  9.999e-01  9.999e-01  9.999e-01  9.999e-01  9.999e-01  9.999e-01  9.999e-01  9.999e-01  9.999e-01  9.999e-01  9.999e-01  9.999e-01  9.999e-01  9.999e-01  9.999e-01  9.999e-01  9.999e-01  9.999e-01  9.999e-01  9.999e-01  9.999e-01  9.999e-01  9.999e-01  9.999e-01  9.999e-01  9.999e-01  9.999e-01  9.999e-01  9.999e-01  9.999e-01  9.999e-01  9.999e-01  9.999e-01  9.999e-01  9.999e-01  9.999e-01  9.999e-01  9.999e-01  9.999e-01  9.999e-01  9.999e-01  9.999e-01  9.999e-01  9.999e-01  9.999e-01 	
 9.900e-01  9.900e-01  9.900e-01  9.900e-01  9.900e-01  9.900e-01  9.900e-01  9.900e-01  9.900e-01  9.900e-01  9.900e-01  9.900e-01  9.900e-01  9.900e-01  9.900e-01  9.900e-01  9.900e-01  9.900e-01  9.900e-01  9.900e-01  9.900e-01  9.900e-01  9.900e-01  9.900e-01  9.900e-01  9.900e-01  9.900e-01  9.900e-01  9.900e-01  9.900e-01  9.900e-01  9.900e-01  9.900e-01  9.900e-01  9.900e-01  9.900e-01  9.900e-01  9.900e-01  9.900e-01  9.900e-01  9.900e-01  9.900e-01  9.900e-01  9.900e-01  9.900e-01  9.900e-01  9.900e-01  9.900e-01  9.900e-01  9.900e-01 	
 9.900e-01  9.900e-01  9.900e-01  9.900e-01  9.900e-01  9.900e-01  9.900e-01  9.900e-01  9.900e-01  9.900e-01  9.900e-01  9.900e-01  9.900e-01  9.900e-01  9.900e-01  9.900e-01  9.900e-01  9.900e-01  9.900e-01  9.900e-01  9.900e-01  9.900e-01  9.900e-01  9.900e-01  9.900e-01  9.900e-01  9.900e-01  9.900e-01  9.900e-01  9.900e-01  9.900e-01  9.900e-01  9.900e-01  9.900e-01  9.900e-01  9.900e-01  9.900e-01  9.900e-01  9.900e-01  9.900e-01  9.900e-01  9.900e-01  9.900e-01  9.900e-01  9.900e-01  9.900e-01  9.900e-01  9.900e-01  9.900e-01  9.900e-01 	
 9.900e-01  9.900e-01  9.900e-01  9.900e-01  9.900e-01  9.900e-01  9.900e-01  9.900e-01  9.900e-01  9.900e-01  9.900e-01  9.900e-01  9.900e-01  9.900e-01  9.900e-01  9.900e-01  9.900e-01  9.900e-01  9.900e-01  9.900e-01  9.900e-01  9.900e-01  9.900e-01  9.900e-01  9.900e-01  9.900e-01  9.900e-01  9.900e-01  9.900e-01  9.900e-01  9.900e-01  9.900e-01  9.900e-01  9.900e-01  9.900e-01  9.900e-01  9.900e-01  9.900e-01  9.900e-01  9.900e-01  9.900e-01  9.900e-01  9.900e-01  9.900e-01  9.900e-01  9.900e-01  9.900e-01  9.900e-01  9.900e-01  9.900e-01 	
 9.900e-01  9.900e-01  9.900e-01  9.900e-01  9.900e-01  9.900e-01  9.900e-01  9.900e-01  9.900e-01  9.900e-01  9.900e-01  9.900e-01  9.900e-01  9.900e-01  9.900e-01  9.900e-01  9.900e-01  9.900e-01  9.900e-01  9.900e-01  9.900e-01  9.900e-01  9.900e-01  9.900e-01  9.900e-01  9.900e-01  9.900e-01  9.900e-01  9.900e-01  9.900e-01  9.900e-01  9.900e-01  9.900e-01  9.900e-01  9.900e-01  9.900e-01  9.900e-01  9.900e-01  9.900e-01  9.900e-01  9.900e-01  9.900e-01  9.900e-01  9.900e-01  9.900e-01  9.900e-01  9.900e-01  9.900e-01  9.900e-01  9.900e-01 	
 9.900e-01  9.900e-01  9.900e-01  9.900e-01  9.900e-01  9.900e-01  9.900e-01  9.900e-01  9.900e-01  9.900e-01  9.900e-01  9.900e-01  9.900e-01  9.900e-01  9.900e-01  9.900e-01  9.900e-01  9.900e-01  9.900e-01  9.900e-01  9.900e-01  9.900e-01  9.900e-01  9.900e-01  9.900e-01  9.900e-01  9.900e-01  9.900e-01  9.900e-01  9.900e-01  9.900e-01  9.900e-01  9.900e-01  9.900e-01  9.900e-01  9.900e-01  9.900e-01  9.900e-01  9.900e-01  9.900e-01  9.900e-01  9.900e-01  9.900e-01  9.900e-01  9.900e-01  9.900e-01  9.900e-01  9.900e-01  9.900e-01  9.900e-01 	
 9.900e-01  9.900e-01  9.900e-01  9.900e-01  9.900e-01  9.900e-01  9.900e-01  9.900e-01  9.900e-01  9.900e-01  9.900e-01  9.900e-01  9.900e-01  9.900e-01  9.900e-01  9.900e-01  9.900e-01  9.900e-01  9.900e-01  9.900e-01  9.900e-01  9.900e-01  9.900e-01  9.900e-01  9.900e-01  9.900e-01  9.900e-01  9.900e-01  9.900e-01  9.900e-01  9.900e-01  9.900e-01  9.900e-01  9.900e-01  9.900e-01  9.900e-01  9.900e-01  9.900e-01  9.900e-01  9.900e-01  9.900e-01  9.900e-01  9.900e-01  9.900e-01  9.900e-01  9.900e-01  9.900e-01  9.900e-01  9.900e-01  9.900e-01 	
 9.900e-01  9.900e-01  9.900e-01  9.900e-01  9.900e-01  9.900e-01  9.900e-01  9.900e-01  9.900e-01  9.900e-01  9.900e-01  9.900e-01  9.900e-01  9.900e-01  9.900e-01  9.900e-01  9.900e-01  9.900e-01  9.900e-01  9.900e-01  9.900e-01  9.900e-01  9.900e-01  9.900e-01  9.900e-01  9.900e-01  9.900e-01  9.900e-01  9.900e-01  9.900e-01  9.900e-01  9.900e-01  9.900e-01  9.900e-01  9.900e-01  9.900e-01  9.900e-01  9.900e-01  9.900e-01  9.900e-01  9.900e-01  9.900e-01  9.900e-01  9.900e-01  9.900e-01  9.900e-01  9.900e-01  9.900e-01  9.900e-01  9.900e-01 	
 9.900e-01  9.900e-01  9.900e-01  9.900e-01  9.900e-01  9.900e-01  9.900e-01  9.900e-01  9.900e-01  9.900e-01  9.900e-01  9.900e-01  9.900e-01  9.900e-01  9.900e-01  9.900e-01  9.900e-01  9.900e-01  9.900e-01  9.900e-01  9.900e-01  9.900e-01  9.900e-01  9.900e-01  9.900e-01  9.900e-01  9.900e-01  9.900e-01  9.900e-01  9.900e-01  9.900e-01  9.900e-01  9.900e-01  9.900e-01  9.900e-01  9.900e-01  9.900e-01  9.900e-01  9.900e-01  9.900e-01  9.900e-01  9.900e-01  9.900e-01  9.900e-01  9.900e-01  9.900e-01  9.900e-01  9.900e-01  9.900e-01  9.900e-01 	
 9.900e-01  9.900e-01  9.900e-01  9.900e-01  9.900e-01  9.900e-01  9.900e-01  9.900e-01  9.900e-01  9.900e-01  9.900e-01  9.900e-01  9.900e-01  9.900e-01  9.900e-01  9.900e-01  9.900e-01  9.900e-01  9.900e-01  9.900e-01  9.900e-01  9.900e-01  9.900e-01  9.900e-01  9.900e-01  9.900e-01  9.900e-01  9.900e-01  9.900e-01  9.900e-01  9.900e-01  9.900e-01  9.900e-01  9.900e-01  9.900e-01  9.900e-01  9.900e-01  9.900e-01  9.900e-01  9.900e-01  9.900e-01  9.900e-01  9.900e-01  9.900e-01  9.900e-01  9.900e-01  9.900e-01  9.900e-01  9.900e-01  9.900e-01 	
 9.900e-01  9.900e-01  9.900e-01  9.900e-01  9.900e-01  9.900e-01  9.900e-01  9.900e-01  9.900e-01  9.900e-01  9.900e-01  9.900e-01  9.900e-01  9.900e-01  9.900e-01  9.900e-01  9.900e-01  9.900e-01  9.900e-01  9.900e-01  9.900e-01  9.900e-01  9.900e-01  9.900e-01  9.900e-01  9.900e-01  9.900e-01  9.900e-01  9.900e-01  9.900e-01  9.900e-01  9.900e-01  9.900e-01  9.900e-01  9.900e-01  9.900e-01  9.900e-01  9.900e-01  9.900e-01  9.900e-01  9.900e-01  9.900e-01  9.900e-01  9.900e-01  9.900e-01  9.900e-01  9.900e-01  9.900e-01  9.900e-01  9.900e-01 	
 9.900e-01  9.900e-01  9.900e-01  9.900e-01  9.900e-01  9.900e-01  9.900e-01  9.900e-01  9.900e-01  9.900e-01  9.900e-01  9.900e-01  9.900e-01  9.900e-01  9.900e-01  9.900e-01  9.900e-01  9.900e-01  9.900e-01  9.900e-01  9.900e-01  9.900e-01  9.900e-01  9.900e-01  9.900e-01  9.900e-01  9.900e-01  9.900e-01  9.900e-01  9.900e-01  9.900e-01  9.900e-01  9.900e-01  9.900e-01  9.900e-01  9.900e-01  9.900e-01  9.900e-01  9.900e-01  9.900e-01  9.900e-01  9.900e-01  9.900e-01  9.900e-01  9.900e-01  9.900e-01  9.900e-01  9.900e-01  9.900e-01  9.900e-01 	
 9.998e-01  9.998e-01  9.998e-01  9.998e-01  9.998e-01  9.998e-01  9.998e-01  9.998e-01  9.998e-01  9.998e-01  9.998e-01  9.998e-01  9.998e-01  9.998e-01  9.998e-01  9.998e-01  9.998e-01  9.998e-01  9.998e-01  9.998e-01  9.998e-01  9.998e-01  9.998e-01  9.998e-01  9.998e-01  9.998e-01  9.998e-01  9.998e-01  9.998e-01  9.998e-01  9.998e-01  9.998e-01  9.998e-01  9.998e-01  9.998e-01  9.998e-01  9.998e-01  9.998e-01  9.998e-01  9.998e-01  9.998e-01  9.998e-01  9.998e-01  9.998e-01  9.998e-01  9.998e-01  9.998e-01  9.998e-01  9.998e-01  9.998e-01 	
 9.997e-01  9.997e-01  9.997e-01  9.997e-01  9.997e-01  9.997e-01  9.997e-01  9.997e-01  9.997e-01  9.997e-01  9.997e-01  9.997e-01  9.997e-01  9.997e-01  9.997e-01  9.997e-01  9.997e-01  9.997e-01  9.997e-01  9.997e-01  9.997e-01  9.997e-01  9.997e-01  9.997e-01  9.997e-01  9.997e-01  9.997e-01  9.997e-01  9.997e-01  9.997e-01  9.997e-01  9.997e-01  9.997e-01  9.997e-01  9.997e-01  9.997e-01  9.997e-01  9.997e-01  9.997e-01  9.997e-01  9.997e-01  9.997e-01  9.997e-01  9.997e-01  9.997e-01  9.997e-01  9.997e-01  9.997e-01  9.997e-01  9.997e-01 	
 9.900e-01  9.900e-01  9.900e-01  9.900e-01  9.900e-01  9.900e-01  9.900e-01  9.900e-01  9.900e-01  9.900e-01  9.900e-01  9.900e-01  9.900e-01  9.900e-01  9.900e-01  9.900e-01  9.900e-01  9.900e-01  9.900e-01  9.900e-01  9.900e-01  9.900e-01  9.900e-01  9.900e-01  9.900e-01  9.900e-01  9.900e-01  9.900e-01  9.900e-01  9.900e-01  9.900e-01  9.900e-01  9.900e-01  9.900e-01  9.900e-01  9.900e-01  9.900e-01  9.900e-01  9.900e-01  9.900e-01  9.900e-01  9.900e-01  9.900e-01  9.900e-01  9.900e-01  9.900e-01  9.900e-01  9.900e-01  9.900e-01  9.900e-01 	
 9.900e-01  9.900e-01  9.900e-01  9.900e-01  9.900e-01  9.900e-01  9.900e-01  9.900e-01  9.900e-01  9.900e-01  9.900e-01  9.900e-01  9.900e-01  9.900e-01  9.900e-01  9.900e-01  9.900e-01  9.900e-01  9.900e-01  9.900e-01  9.900e-01  9.900e-01  9.900e-01  9.900e-01  9.900e-01  9.900e-01  9.900e-01  9.900e-01  9.900e-01  9.900e-01  9.900e-01  9.900e-01  9.900e-01  9.900e-01  9.900e-01  9.900e-01  9.900e-01  9.900e-01  9.900e-01  9.900e-01  9.900e-01  9.900e-01  9.900e-01  9.900e-01  9.900e-01  9.900e-01  9.900e-01  9.900e-01  9.900e-01  9.900e-01 	
 9.999e-01  9.999e-01  9.999e-01  9.999e-01  9.999e-01  9.999e-01  9.999e-01  9.999e-01  9.999e-01  9.999e-01  9.999e-01  9.999e-01  9.999e-01  9.999e-01  9.999e-01  9.999e-01  9.999e-01  9.999e-01  9.999e-01  9.999e-01  9.999e-01  9.999e-01  9.999e-01  9.999e-01  9.999e-01  9.999e-01  9.999e-01  9.999e-01  9.999e-01  9.999e-01  9.999e-01  9.999e-01  9.999e-01  9.999e-01  9.999e-01  9.999e-01  9.999e-01  9.999e-01  9.999e-01  9.999e-01  9.999e-01  9.999e-01  9.999e-01  9.999e-01  9.999e-01  9.999e-01  9.999e-01  9.999e-01  9.999e-01  9.999e-01 	
 9.998e-01  9.998e-01  9.998e-01  9.998e-01  9.998e-01  9.998e-01  9.998e-01  9.998e-01  9.998e-01  9.998e-01  9.998e-01  9.998e-01  9.998e-01  9.998e-01  9.998e-01  9.998e-01  9.998e-01  9.998e-01  9.998e-01  9.998e-01  9.998e-01  9.998e-01  9.998e-01  9.998e-01  9.998e-01  9.998e-01  9.998e-01  9.998e-01  9.998e-01  9.998e-01  9.998e-01  9.998e-01  9.998e-01  9.998e-01  9.998e-01  9.998e-01  9.998e-01  9.998e-01  9.998e-01  9.998e-01  9.998e-01  9.998e-01  9.998e-01  9.998e-01  9.998e-01  9.998e-01  9.998e-01  9.998e-01  9.998e-01  9.998e-01 	
 9.999e-01  9.999e-01  9.999e-01  9.999e-01  9.999e-01  9.999e-01  9.999e-01  9.999e-01  9.999e-01  9.999e-01  9.999e-01  9.999e-01  9.999e-01  9.999e-01  9.999e-01  9.999e-01  9.999e-01  9.999e-01  9.999e-01  9.999e-01  9.999e-01  9.999e-01  9.999e-01  9.999e-01  9.999e-01  9.999e-01  9.999e-01  9.999e-01  9.999e-01  9.999e-01  9.999e-01  9.999e-01  9.999e-01  9.999e-01  9.999e-01  9.999e-01  9.999e-01  9.999e-01  9.999e-01  9.999e-01  9.999e-01  9.999e-01  9.999e-01  9.999e-01  9.999e-01  9.999e-01  9.999e-01  9.999e-01  9.999e-01  9.999e-01 	
 9.998e-01  9.998e-01  9.998e-01  9.998e-01  9.998e-01  9.998e-01  9.998e-01  9.998e-01  9.998e-01  9.998e-01  9.998e-01  9.998e-01  9.998e-01  9.998e-01  9.998e-01  9.998e-01  9.998e-01  9.998e-01  9.998e-01  9.998e-01  9.998e-01  9.998e-01  9.998e-01  9.998e-01  9.998e-01  9.998e-01  9.998e-01  9.998e-01  9.998e-01  9.998e-01  9.998e-01  9.998e-01  9.998e-01  9.998e-01  9.998e-01  9.998e-01  9.998e-01  9.998e-01  9.998e-01  9.998e-01  9.998e-01  9.998e-01  9.998e-01  9.998e-01  9.998e-01  9.998e-01  9.998e-01  9.998e-01  9.998e-01  9.998e-01 	
 9.999e-01  9.999e-01  9.999e-01  9.999e-01  9.999e-01  9.999e-01  9.999e-01  9.999e-01  9.999e-01  9.999e-01  9.999e-01  9.999e-01  9.999e-01  9.999e-01  9.999e-01  9.999e-01  9.999e-01  9.999e-01  9.999e-01  9.999e-01  9.999e-01  9.999e-01  9.999e-01  9.999e-01  9.999e-01  9.999e-01  9.999e-01  9.999e-01  9.999e-01  9.999e-01  9.999e-01  9.999e-01  9.999e-01  9.999e-01  9.999e-01  9.999e-01  9.999e-01  9.999e-01  9.999e-01  9.999e-01  9.999e-01  9.999e-01  9.999e-01  9.999e-01  9.999e-01  9.999e-01  9.999e-01  9.999e-01  9.999e-01  9.999e-01 	
 9.995e-01  9.995e-01  9.995e-01  9.995e-01  9.995e-01  9.995e-01  9.995e-01  9.995e-01  9.995e-01  9.995e-01  9.995e-01  9.995e-01  9.995e-01  9.995e-01  9.995e-01  9.995e-01  9.995e-01  9.995e-01  9.995e-01  9.995e-01  9.995e-01  9.995e-01  9.995e-01  9.995e-01  9.995e-01  9.995e-01  9.995e-01  9.995e-01  9.995e-01  9.995e-01  9.995e-01  9.995e-01  9.995e-01  9.995e-01  9.995e-01  9.995e-01  9.995e-01  9.995e-01  9.995e-01  9.995e-01  9.995e-01  9.995e-01  9.995e-01  9.995e-01  9.995e-01  9.995e-01  9.995e-01  9.995e-01  9.995e-01  9.995e-01 	
 9.998e-01  9.998e-01  9.998e-01  9.998e-01  9.998e-01  9.998e-01  9.998e-01  9.998e-01  9.998e-01  9.998e-01  9.998e-01  9.998e-01  9.998e-01  9.998e-01  9.998e-01  9.998e-01  9.998e-01  9.998e-01  9.998e-01  9.998e-01  9.998e-01  9.998e-01  9.998e-01  9.998e-01  9.998e-01  9.998e-01  9.998e-01  9.998e-01  9.998e-01  9.998e-01  9.998e-01  9.998e-01  9.998e-01  9.998e-01  9.998e-01  9.998e-01  9.998e-01  9.998e-01  9.998e-01  9.998e-01  9.998e-01  9.998e-01  9.998e-01  9.998e-01  9.998e-01  9.998e-01  9.998e-01  9.998e-01  9.998e-01  9.998e-01 	
 9.997e-01  9.997e-01  9.997e-01  9.997e-01  9.997e-01  9.997e-01  9.997e-01  9.997e-01  9.997e-01  9.997e-01  9.997e-01  9.997e-01  9.997e-01  9.997e-01  9.997e-01  9.997e-01  9.997e-01  9.997e-01  9.997e-01  9.997e-01  9.997e-01  9.997e-01  9.997e-01  9.997e-01  9.997e-01  9.997e-01  9.997e-01  9.997e-01  9.997e-01  9.997e-01  9.997e-01  9.997e-01  9.997e-01  9.997e-01  9.997e-01  9.997e-01  9.997e-01  9.997e-01  9.997e-01  9.997e-01  9.997e-01  9.997e-01  9.997e-01  9.997e-01  9.997e-01  9.997e-01  9.997e-01  9.997e-01  9.997e-01  9.997e-01 	
 9.997e-01  9.997e-01  9.997e-01  9.997e-01  9.997e-01  9.997e-01  9.997e-01  9.997e-01  9.997e-01  9.997e-01  9.997e-01  9.997e-01  9.997e-01  9.997e-01  9.997e-01  9.997e-01  9.997e-01  9.997e-01  9.997e-01  9.997e-01  9.997e-01  9.997e-01  9.997e-01  9.997e-01  9.997e-01  9.997e-01  9.997e-01  9.997e-01  9.997e-01  9.997e-01  9.997e-01  9.997e-01  9.997e-01  9.997e-01  9.997e-01  9.997e-01  9.997e-01  9.997e-01  9.997e-01  9.997e-01  9.997e-01  9.997e-01  9.997e-01  9.997e-01  9.997e-01  9.997e-01  9.997e-01  9.997e-01  9.997e-01  9.997e-01 	
 9.996e-01  9.996e-01  9.996e-01  9.996e-01  9.996e-01  9.996e-01  9.996e-01  9.996e-01  9.996e-01  9.996e-01  9.996e-01  9.996e-01  9.996e-01  9.996e-01  9.996e-01  9.996e-01  9.996e-01  9.996e-01  9.996e-01  9.996e-01  9.996e-01  9.996e-01  9.996e-01  9.996e-01  9.996e-01  9.996e-01  9.996e-01  9.996e-01  9.996e-01  9.996e-01  9.996e-01  9.996e-01  9.996e-01  9.996e-01  9.996e-01  9.996e-01  9.996e-01  9.996e-01  9.996e-01  9.996e-01  9.996e-01  9.996e-01  9.996e-01  9.996e-01  9.996e-01  9.996e-01  9.996e-01  9.996e-01  9.996e-01  9.996e-01 	
 9.993e-01  9.993e-01  9.993e-01  9.993e-01  9.993e-01  9.993e-01  9.993e-01  9.993e-01  9.993e-01  9.993e-01  9.993e-01  9.993e-01  9.993e-01  9.993e-01  9.993e-01  9.993e-01  9.993e-01  9.993e-01  9.993e-01  9.993e-01  9.993e-01  9.993e-01  9.993e-01  9.993e-01  9.993e-01  9.993e-01  9.993e-01  9.993e-01  9.993e-01  9.993e-01  9.993e-01  9.993e-01  9.993e-01  9.993e-01  9.993e-01  9.993e-01  9.993e-01  9.993e-01  9.993e-01  9.993e-01  9.993e-01  9.993e-01  9.993e-01  9.993e-01  9.993e-01  9.993e-01  9.993e-01  9.993e-01  9.993e-01  9.993e-01 	
 9.996e-01  9.996e-01  9.996e-01  9.996e-01  9.996e-01  9.996e-01  9.996e-01  9.996e-01  9.996e-01  9.996e-01  9.996e-01  9.996e-01  9.996e-01  9.996e-01  9.996e-01  9.996e-01  9.996e-01  9.996e-01  9.996e-01  9.996e-01  9.996e-01  9.996e-01  9.996e-01  9.996e-01  9.996e-01  9.996e-01  9.996e-01  9.996e-01  9.996e-01  9.996e-01  9.996e-01  9.996e-01  9.996e-01  9.996e-01  9.996e-01  9.996e-01  9.996e-01  9.996e-01  9.996e-01  9.996e-01  9.996e-01  9.996e-01  9.996e-01  9.996e-01  9.996e-01  9.996e-01  9.996e-01  9.996e-01  9.996e-01  9.996e-01 	
 9.994e-01  9.994e-01  9.994e-01  9.994e-01  9.994e-01  9.994e-01  9.994e-01  9.994e-01  9.994e-01  9.994e-01  9.994e-01  9.994e-01  9.994e-01  9.994e-01  9.994e-01  9.994e-01  9.994e-01  9.994e-01  9.994e-01  9.994e-01  9.994e-01  9.994e-01  9.994e-01  9.994e-01  9.994e-01  9.994e-01  9.994e-01  9.994e-01  9.994e-01  9.994e-01  9.994e-01  9.994e-01  9.994e-01  9.994e-01  9.994e-01  9.994e-01  9.994e-01  9.994e-01  9.994e-01  9.994e-01  9.994e-01  9.994e-01  9.994e-01  9.994e-01  9.994e-01  9.994e-01  9.994e-01  9.994e-01  9.994e-01  9.994e-01 	
 9.992e-01  9.992e-01  9.992e-01  9.992e-01  9.992e-01  9.992e-01  9.992e-01  9.992e-01  9.992e-01  9.992e-01  9.992e-01  9.992e-01  9.992e-01  9.992e-01  9.992e-01  9.992e-01  9.992e-01  9.992e-01  9.992e-01  9.992e-01  9.992e-01  9.992e-01  9.992e-01  9.992e-01  9.992e-01  9.992e-01  9.992e-01  9.992e-01  9.992e-01  9.992e-01  9.992e-01  9.992e-01  9.992e-01  9.992e-01  9.992e-01  9.992e-01  9.992e-01  9.992e-01  9.992e-01  9.992e-01  9.992e-01  9.992e-01  9.992e-01  9.992e-01  9.992e-01  9.992e-01  9.992e-01  9.992e-01  9.992e-01  9.992e-01 	
 9.993e-01  9.993e-01  9.993e-01  9.993e-01  9.993e-01  9.993e-01  9.993e-01  9.993e-01  9.993e-01  9.993e-01  9.993e-01  9.993e-01  9.993e-01  9.993e-01  9.993e-01  9.993e-01  9.993e-01  9.993e-01  9.993e-01  9.993e-01  9.993e-01  9.993e-01  9.993e-01  9.993e-01  9.993e-01  9.993e-01  9.993e-01  9.993e-01  9.993e-01  9.993e-01  9.993e-01  9.993e-01  9.993e-01  9.993e-01  9.993e-01  9.993e-01  9.993e-01  9.993e-01  9.993e-01  9.993e-01  9.993e-01  9.993e-01  9.993e-01  9.993e-01  9.993e-01  9.993e-01  9.993e-01  9.993e-01  9.993e-01  9.993e-01 	
 9.993e-01  9.993e-01  9.993e-01  9.993e-01  9.993e-01  9.993e-01  9.993e-01  9.993e-01  9.993e-01  9.993e-01  9.993e-01  9.993e-01  9.993e-01  9.993e-01  9.993e-01  9.993e-01  9.993e-01  9.993e-01  9.993e-01  9.993e-01  9.993e-01  9.993e-01  9.993e-01  9.993e-01  9.993e-01  9.993e-01  9.993e-01  9.993e-01  9.993e-01  9.993e-01  9.993e-01  9.993e-01  9.993e-01  9.993e-01  9.993e-01  9.993e-01  9.993e-01  9.993e-01  9.993e-01  9.993e-01  9.993e-01  9.993e-01  9.993e-01  9.993e-01  9.993e-01  9.993e-01  9.993e-01  9.993e-01  9.993e-01  9.993e-01 	
 9.992e-01  9.992e-01  9.992e-01  9.992e-01  9.992e-01  9.992e-01  9.992e-01  9.992e-01  9.992e-01  9.992e-01  9.992e-01  9.992e-01  9.992e-01  9.992e-01  9.992e-01  9.992e-01  9.992e-01  9.992e-01  9.992e-01  9.992e-01  9.992e-01  9.992e-01  9.992e-01  9.992e-01  9.992e-01  9.992e-01  9.992e-01  9.992e-01  9.992e-01  9.992e-01  9.992e-01  9.992e-01  9.992e-01  9.992e-01  9.992e-01  9.992e-01  9.992e-01  9.992e-01  9.992e-01  9.992e-01  9.992e-01  9.992e-01  9.992e-01  9.992e-01  9.992e-01  9.992e-01  9.992e-01  9.992e-01  9.992e-01  9.992e-01 	
 9.991e-01  9.991e-01  9.991e-01  9.991e-01  9.991e-01  9.991e-01  9.991e-01  9.991e-01  9.991e-01  9.991e-01  9.991e-01  9.991e-01  9.991e-01  9.991e-01  9.991e-01  9.991e-01  9.991e-01  9.991e-01  9.991e-01  9.991e-01  9.991e-01  9.991e-01  9.991e-01  9.991e-01  9.991e-01  9.991e-01  9.991e-01  9.991e-01  9.991e-01  9.991e-01  9.991e-01  9.991e-01  9.991e-01  9.991e-01  9.991e-01  9.991e-01  9.991e-01  9.991e-01  9.991e-01  9.991e-01  9.991e-01  9.991e-01  9.991e-01  9.991e-01  9.991e-01  9.991e-01  9.991e-01  9.991e-01  9.991e-01  9.991e-01 	
 9.990e-01  9.990e-01  9.990e-01  9.990e-01  9.990e-01  9.990e-01  9.990e-01  9.990e-01  9.990e-01  9.990e-01  9.990e-01  9.990e-01  9.990e-01  9.990e-01  9.990e-01  9.990e-01  9.990e-01  9.990e-01  9.990e-01  9.990e-01  9.990e-01  9.990e-01  9.990e-01  9.990e-01  9.990e-01  9.990e-01  9.990e-01  9.990e-01  9.990e-01  9.990e-01  9.990e-01  9.990e-01  9.990e-01  9.990e-01  9.990e-01  9.990e-01  9.990e-01  9.990e-01  9.990e-01  9.990e-01  9.990e-01  9.990e-01  9.990e-01  9.990e-01  9.990e-01  9.990e-01  9.990e-01  9.990e-01  9.990e-01  9.990e-01 	
 9.989e-01  9.989e-01  9.989e-01  9.989e-01  9.989e-01  9.989e-01  9.989e-01  9.989e-01  9.989e-01  9.989e-01  9.989e-01  9.989e-01  9.989e-01  9.989e-01  9.989e-01  9.989e-01  9.989e-01  9.989e-01  9.989e-01  9.989e-01  9.989e-01  9.989e-01  9.989e-01  9.989e-01  9.989e-01  9.989e-01  9.989e-01  9.989e-01  9.989e-01  9.989e-01  9.989e-01  9.989e-01  9.989e-01  9.989e-01  9.989e-01  9.989e-01  9.989e-01  9.989e-01  9.989e-01  9.989e-01  9.989e-01  9.989e-01  9.989e-01  9.989e-01  9.989e-01  9.989e-01  9.989e-01  9.989e-01  9.989e-01  9.989e-01 	
 9.987e-01  9.987e-01  9.987e-01  9.987e-01  9.987e-01  9.987e-01  9.987e-01  9.987e-01  9.987e-01  9.987e-01  9.987e-01  9.987e-01  9.987e-01  9.987e-01  9.987e-01  9.987e-01  9.987e-01  9.987e-01  9.987e-01  9.987e-01  9.987e-01  9.987e-01  9.987e-01  9.987e-01  9.987e-01  9.987e-01  9.987e-01  9.987e-01  9.987e-01  9.987e-01  9.987e-01  9.987e-01  9.987e-01  9.987e-01  9.987e-01  9.987e-01  9.987e-01  9.987e-01  9.987e-01  9.987e-01  9.987e-01  9.987e-01  9.987e-01  9.987e-01  9.987e-01  9.987e-01  9.987e-01  9.987e-01  9.987e-01  9.987e-01 	
 9.984e-01  9.984e-01  9.984e-01  9.984e-01  9.984e-01  9.984e-01  9.984e-01  9.984e-01  9.984e-01  9.984e-01  9.984e-01  9.984e-01  9.984e-01  9.984e-01  9.984e-01  9.984e-01  9.984e-01  9.984e-01  9.984e-01  9.984e-01  9.984e-01  9.984e-01  9.984e-01  9.984e-01  9.984e-01  9.984e-01  9.984e-01  9.984e-01  9.984e-01  9.984e-01  9.984e-01  9.984e-01  9.984e-01  9.984e-01  9.984e-01  9.984e-01  9.984e-01  9.984e-01  9.984e-01  9.984e-01  9.984e-01  9.984e-01  9.984e-01  9.984e-01  9.984e-01  9.984e-01  9.984e-01  9.984e-01  9.984e-01  9.984e-01 	
 9.981e-01  9.981e-01  9.981e-01  9.981e-01  9.981e-01  9.981e-01  9.981e-01  9.981e-01  9.981e-01  9.981e-01  9.981e-01  9.981e-01  9.981e-01  9.981e-01  9.981e-01  9.981e-01  9.981e-01  9.981e-01  9.981e-01  9.981e-01  9.981e-01  9.981e-01  9.981e-01  9.981e-01  9.981e-01  9.981e-01  9.981e-01  9.981e-01  9.981e-01  9.981e-01  9.981e-01  9.981e-01  9.981e-01  9.981e-01  9.981e-01  9.981e-01  9.981e-01  9.981e-01  9.981e-01  9.981e-01  9.981e-01  9.981e-01  9.981e-01  9.981e-01  9.981e-01  9.981e-01  9.981e-01  9.981e-01  9.981e-01  9.981e-01 	
 9.980e-01  9.980e-01  9.980e-01  9.980e-01  9.980e-01  9.980e-01  9.980e-01  9.980e-01  9.980e-01  9.980e-01  9.980e-01  9.980e-01  9.980e-01  9.980e-01  9.980e-01  9.980e-01  9.980e-01  9.980e-01  9.980e-01  9.980e-01  9.980e-01  9.980e-01  9.980e-01  9.980e-01  9.980e-01  9.980e-01  9.980e-01  9.980e-01  9.980e-01  9.980e-01  9.980e-01  9.980e-01  9.980e-01  9.980e-01  9.980e-01  9.980e-01  9.980e-01  9.980e-01  9.980e-01  9.980e-01  9.980e-01  9.980e-01  9.980e-01  9.980e-01  9.980e-01  9.980e-01  9.980e-01  9.980e-01  9.980e-01  9.980e-01 	
 9.973e-01  9.973e-01  9.973e-01  9.973e-01  9.973e-01  9.973e-01  9.973e-01  9.973e-01  9.973e-01  9.973e-01  9.973e-01  9.973e-01  9.973e-01  9.973e-01  9.973e-01  9.973e-01  9.973e-01  9.973e-01  9.973e-01  9.973e-01  9.973e-01  9.973e-01  9.973e-01  9.973e-01  9.973e-01  9.973e-01  9.973e-01  9.973e-01  9.973e-01  9.973e-01  9.973e-01  9.973e-01  9.973e-01  9.973e-01  9.973e-01  9.973e-01  9.973e-01  9.973e-01  9.973e-01  9.973e-01  9.973e-01  9.973e-01  9.973e-01  9.973e-01  9.973e-01  9.973e-01  9.973e-01  9.973e-01  9.973e-01  9.973e-01 	
 9.973e-01  9.973e-01  9.973e-01  9.973e-01  9.973e-01  9.973e-01  9.973e-01  9.973e-01  9.973e-01  9.973e-01  9.973e-01  9.973e-01  9.973e-01  9.973e-01  9.973e-01  9.973e-01  9.973e-01  9.973e-01  9.973e-01  9.973e-01  9.973e-01  9.973e-01  9.973e-01  9.973e-01  9.973e-01  9.973e-01  9.973e-01  9.973e-01  9.973e-01  9.973e-01  9.973e-01  9.973e-01  9.973e-01  9.973e-01  9.973e-01  9.973e-01  9.973e-01  9.973e-01  9.973e-01  9.973e-01  9.973e-01  9.973e-01  9.973e-01  9.973e-01  9.973e-01  9.973e-01  9.973e-01  9.973e-01  9.973e-01  9.973e-01 	
 9.965e-01  9.965e-01  9.965e-01  9.965e-01  9.965e-01  9.965e-01  9.965e-01  9.965e-01  9.965e-01  9.965e-01  9.965e-01  9.965e-01  9.965e-01  9.965e-01  9.965e-01  9.965e-01  9.965e-01  9.965e-01  9.965e-01  9.965e-01  9.965e-01  9.965e-01  9.965e-01  9.965e-01  9.965e-01  9.965e-01  9.965e-01  9.965e-01  9.965e-01  9.965e-01  9.965e-01  9.965e-01  9.965e-01  9.965e-01  9.965e-01  9.965e-01  9.965e-01  9.965e-01  9.965e-01  9.965e-01  9.965e-01  9.965e-01  9.965e-01  9.965e-01  9.965e-01  9.965e-01  9.965e-01  9.965e-01  9.965e-01  9.965e-01 	
 9.967e-01  9.967e-01  9.967e-01  9.967e-01  9.967e-01  9.967e-01  9.967e-01  9.967e-01  9.967e-01  9.967e-01  9.967e-01  9.967e-01  9.967e-01  9.967e-01  9.967e-01  9.967e-01  9.967e-01  9.967e-01  9.967e-01  9.967e-01  9.967e-01  9.967e-01  9.967e-01  9.967e-01  9.967e-01  9.967e-01  9.967e-01  9.967e-01  9.967e-01  9.967e-01  9.967e-01  9.967e-01  9.967e-01  9.967e-01  9.967e-01  9.967e-01  9.967e-01  9.967e-01  9.967e-01  9.967e-01  9.967e-01  9.967e-01  9.967e-01  9.967e-01  9.967e-01  9.967e-01  9.967e-01  9.967e-01  9.967e-01  9.967e-01 	
 9.956e-01  9.956e-01  9.956e-01  9.956e-01  9.956e-01  9.956e-01  9.956e-01  9.956e-01  9.956e-01  9.956e-01  9.956e-01  9.956e-01  9.956e-01  9.956e-01  9.956e-01  9.956e-01  9.956e-01  9.956e-01  9.956e-01  9.956e-01  9.956e-01  9.956e-01  9.956e-01  9.956e-01  9.956e-01  9.956e-01  9.956e-01  9.956e-01  9.956e-01  9.956e-01  9.956e-01  9.956e-01  9.956e-01  9.956e-01  9.956e-01  9.956e-01  9.956e-01  9.956e-01  9.956e-01  9.956e-01  9.956e-01  9.956e-01  9.956e-01  9.956e-01  9.956e-01  9.956e-01  9.956e-01  9.956e-01  9.956e-01  9.956e-01 	
 9.955e-01  9.955e-01  9.955e-01  9.955e-01  9.955e-01  9.955e-01  9.955e-01  9.955e-01  9.955e-01  9.955e-01  9.955e-01  9.955e-01  9.955e-01  9.955e-01  9.955e-01  9.955e-01  9.955e-01  9.955e-01  9.955e-01  9.955e-01  9.955e-01  9.955e-01  9.955e-01  9.955e-01  9.955e-01  9.955e-01  9.955e-01  9.955e-01  9.955e-01  9.955e-01  9.955e-01  9.955e-01  9.955e-01  9.955e-01  9.955e-01  9.955e-01  9.955e-01  9.955e-01  9.955e-01  9.955e-01  9.955e-01  9.955e-01  9.955e-01  9.955e-01  9.955e-01  9.955e-01  9.955e-01  9.955e-01  9.955e-01  9.955e-01 	
 9.948e-01  9.948e-01  9.948e-01  9.948e-01  9.948e-01  9.948e-01  9.948e-01  9.948e-01  9.948e-01  9.948e-01  9.948e-01  9.948e-01  9.948e-01  9.948e-01  9.948e-01  9.948e-01  9.948e-01  9.948e-01  9.948e-01  9.948e-01  9.948e-01  9.948e-01  9.948e-01  9.948e-01  9.948e-01  9.948e-01  9.948e-01  9.948e-01  9.948e-01  9.948e-01  9.948e-01  9.948e-01  9.948e-01  9.948e-01  9.948e-01  9.948e-01  9.948e-01  9.948e-01  9.948e-01  9.948e-01  9.948e-01  9.948e-01  9.948e-01  9.948e-01  9.948e-01  9.948e-01  9.948e-01  9.948e-01  9.948e-01  9.948e-01 	
