 1.228e-02  1.330e-02  1.420e-02  1.499e-02  1.570e-02  1.633e-02  1.689e-02  1.740e-02  1.786e-02  1.828e-02  1.866e-02  1.901e-02  1.933e-02  1.962e-02  1.990e-02  2.015e-02  2.038e-02  2.060e-02  2.081e-02  2.100e-02  2.118e-02  2.135e-02  2.151e-02  2.165e-02  2.180e-02  2.193e-02  2.205e-02  2.217e-02  2.229e-02  2.240e-02  2.250e-02  2.259e-02  2.269e-02  2.278e-02  2.286e-02  2.294e-02  2.302e-02  2.309e-02  2.316e-02  2.323e-02  2.330e-02  2.336e-02  2.342e-02  2.348e-02  2.353e-02  2.359e-02  2.364e-02  2.369e-02  2.374e-02  2.378e-02 	
 1.312e-02  1.417e-02  1.510e-02  1.591e-02  1.663e-02  1.727e-02  1.785e-02  1.836e-02  1.883e-02  1.926e-02  1.964e-02  2.000e-02  2.032e-02  2.062e-02  2.089e-02  2.115e-02  2.139e-02  2.161e-02  2.181e-02  2.200e-02  2.218e-02  2.235e-02  2.251e-02  2.266e-02  2.280e-02  2.294e-02  2.306e-02  2.318e-02  2.329e-02  2.340e-02  2.350e-02  2.360e-02  2.369e-02  2.378e-02  2.387e-02  2.395e-02  2.402e-02  2.410e-02  2.417e-02  2.423e-02  2.430e-02  2.436e-02  2.442e-02  2.448e-02  2.453e-02  2.459e-02  2.464e-02  2.469e-02  2.473e-02  2.478e-02 	
 1.389e-02  1.498e-02  1.592e-02  1.675e-02  1.749e-02  1.814e-02  1.872e-02  1.925e-02  1.972e-02  2.015e-02  2.054e-02  2.089e-02  2.122e-02  2.152e-02  2.180e-02  2.205e-02  2.229e-02  2.251e-02  2.272e-02  2.291e-02  2.309e-02  2.326e-02  2.342e-02  2.357e-02  2.371e-02  2.384e-02  2.396e-02  2.408e-02  2.420e-02  2.430e-02  2.440e-02  2.450e-02  2.459e-02  2.468e-02  2.476e-02  2.484e-02  2.492e-02  2.499e-02  2.506e-02  2.513e-02  2.519e-02  2.525e-02  2.531e-02  2.537e-02  2.542e-02  2.547e-02  2.552e-02  2.557e-02  2.562e-02  2.567e-02 	
 1.462e-02  1.572e-02  1.669e-02  1.753e-02  1.827e-02  1.893e-02  1.952e-02  2.005e-02  2.053e-02  2.096e-02  2.135e-02  2.171e-02  2.204e-02  2.234e-02  2.262e-02  2.287e-02  2.311e-02  2.333e-02  2.354e-02  2.373e-02  2.391e-02  2.408e-02  2.423e-02  2.438e-02  2.452e-02  2.465e-02  2.478e-02  2.490e-02  2.501e-02  2.511e-02  2.521e-02  2.531e-02  2.540e-02  2.548e-02  2.557e-02  2.565e-02  2.572e-02  2.579e-02  2.586e-02  2.593e-02  2.599e-02  2.605e-02  2.611e-02  2.616e-02  2.622e-02  2.627e-02  2.632e-02  2.637e-02  2.642e-02  2.646e-02 	
 1.530e-02  1.642e-02  1.740e-02  1.826e-02  1.901e-02  1.968e-02  2.027e-02  2.080e-02  2.128e-02  2.171e-02  2.211e-02  2.247e-02  2.279e-02  2.309e-02  2.337e-02  2.363e-02  2.386e-02  2.408e-02  2.429e-02  2.448e-02  2.466e-02  2.482e-02  2.498e-02  2.513e-02  2.526e-02  2.539e-02  2.552e-02  2.563e-02  2.574e-02  2.585e-02  2.595e-02  2.604e-02  2.613e-02  2.621e-02  2.630e-02  2.637e-02  2.645e-02  2.652e-02  2.659e-02  2.665e-02  2.671e-02  2.678e-02  2.683e-02  2.689e-02  2.694e-02  2.700e-02  2.705e-02  2.710e-02  2.715e-02  2.719e-02 	
 1.595e-02  1.709e-02  1.808e-02  1.894e-02  1.970e-02  2.037e-02  2.097e-02  2.150e-02  2.198e-02  2.242e-02  2.281e-02  2.317e-02  2.350e-02  2.380e-02  2.407e-02  2.433e-02  2.456e-02  2.478e-02  2.498e-02  2.517e-02  2.535e-02  2.551e-02  2.566e-02  2.581e-02  2.595e-02  2.607e-02  2.619e-02  2.631e-02  2.642e-02  2.652e-02  2.662e-02  2.671e-02  2.680e-02  2.688e-02  2.697e-02  2.704e-02  2.712e-02  2.719e-02  2.726e-02  2.733e-02  2.739e-02  2.745e-02  2.751e-02  2.757e-02  2.763e-02  2.769e-02  2.774e-02  2.780e-02  2.785e-02  2.790e-02 	
 1.658e-02  1.773e-02  1.873e-02  1.960e-02  2.037e-02  2.104e-02  2.164e-02  2.217e-02  2.265e-02  2.308e-02  2.348e-02  2.383e-02  2.416e-02  2.445e-02  2.473e-02  2.498e-02  2.521e-02  2.543e-02  2.563e-02  2.581e-02  2.599e-02  2.615e-02  2.630e-02  2.644e-02  2.658e-02  2.671e-02  2.683e-02  2.694e-02  2.705e-02  2.715e-02  2.725e-02  2.734e-02  2.743e-02  2.752e-02  2.760e-02  2.768e-02  2.776e-02  2.784e-02  2.791e-02  2.798e-02  2.805e-02  2.812e-02  2.819e-02  2.826e-02  2.833e-02  2.839e-02  2.846e-02  2.852e-02  2.858e-02  2.865e-02 	
 1.720e-02  1.836e-02  1.937e-02  2.024e-02  2.101e-02  2.168e-02  2.228e-02  2.281e-02  2.329e-02  2.372e-02  2.411e-02  2.446e-02  2.479e-02  2.508e-02  2.535e-02  2.560e-02  2.583e-02  2.604e-02  2.624e-02  2.642e-02  2.659e-02  2.675e-02  2.690e-02  2.705e-02  2.718e-02  2.731e-02  2.743e-02  2.755e-02  2.766e-02  2.776e-02  2.787e-02  2.797e-02  2.806e-02  2.816e-02  2.825e-02  2.834e-02  2.843e-02  2.851e-02  2.860e-02  2.869e-02  2.877e-02  2.885e-02  2.894e-02  2.902e-02  2.911e-02  2.919e-02  2.928e-02  2.936e-02  2.945e-02  2.954e-02 	
 1.781e-02  1.899e-02  2.000e-02  2.087e-02  2.164e-02  2.231e-02  2.291e-02  2.344e-02  2.391e-02  2.434e-02  2.472e-02  2.507e-02  2.539e-02  2.568e-02  2.595e-02  2.619e-02  2.642e-02  2.663e-02  2.682e-02  2.701e-02  2.718e-02  2.734e-02  2.749e-02  2.764e-02  2.778e-02  2.791e-02  2.804e-02  2.817e-02  2.829e-02  2.841e-02  2.852e-02  2.864e-02  2.875e-02  2.886e-02  2.897e-02  2.908e-02  2.920e-02  2.931e-02  2.942e-02  2.953e-02  2.965e-02  2.976e-02  2.988e-02  3.000e-02  3.012e-02  3.024e-02  3.036e-02  3.049e-02  3.062e-02  3.075e-02 	
 1.843e-02  1.961e-02  2.063e-02  2.150e-02  2.226e-02  2.293e-02  2.352e-02  2.405e-02  2.452e-02  2.494e-02  2.532e-02  2.566e-02  2.598e-02  2.626e-02  2.653e-02  2.677e-02  2.700e-02  2.721e-02  2.741e-02  2.760e-02  2.778e-02  2.795e-02  2.811e-02  2.827e-02  2.843e-02  2.858e-02  2.873e-02  2.888e-02  2.902e-02  2.917e-02  2.932e-02  2.946e-02  2.961e-02  2.976e-02  2.991e-02  3.006e-02  3.022e-02  3.038e-02  3.054e-02  3.071e-02  3.087e-02  3.105e-02  3.122e-02  3.140e-02  3.159e-02  3.178e-02  3.197e-02  3.217e-02  3.237e-02  3.258e-02 	
 1.907e-02  2.025e-02  2.126e-02  2.213e-02  2.289e-02  2.355e-02  2.414e-02  2.466e-02  2.512e-02  2.554e-02  2.591e-02  2.625e-02  2.657e-02  2.685e-02  2.712e-02  2.737e-02  2.761e-02  2.783e-02  2.805e-02  2.826e-02  2.846e-02  2.865e-02  2.885e-02  2.904e-02  2.923e-02  2.942e-02  2.962e-02  2.981e-02  3.001e-02  3.021e-02  3.042e-02  3.063e-02  3.084e-02  3.106e-02  3.129e-02  3.152e-02  3.176e-02  3.200e-02  3.225e-02  3.251e-02  3.278e-02  3.305e-02  3.334e-02  3.363e-02  3.393e-02  3.423e-02  3.455e-02  3.488e-02  3.521e-02  3.556e-02 	
 1.973e-02  2.091e-02  2.192e-02  2.278e-02  2.353e-02  2.419e-02  2.476e-02  2.528e-02  2.574e-02  2.615e-02  2.653e-02  2.688e-02  2.720e-02  2.750e-02  2.779e-02  2.806e-02  2.832e-02  2.858e-02  2.884e-02  2.909e-02  2.934e-02  2.959e-02  2.985e-02  3.011e-02  3.038e-02  3.065e-02  3.093e-02  3.121e-02  3.151e-02  3.181e-02  3.212e-02  3.245e-02  3.278e-02  3.313e-02  3.349e-02  3.386e-02  3.424e-02  3.464e-02  3.505e-02  3.547e-02  3.591e-02  3.636e-02  3.682e-02  3.731e-02  3.780e-02  3.832e-02  3.885e-02  3.939e-02  3.995e-02  4.053e-02 	
 2.044e-02  2.161e-02  2.261e-02  2.346e-02  2.420e-02  2.485e-02  2.543e-02  2.594e-02  2.641e-02  2.683e-02  2.723e-02  2.760e-02  2.795e-02  2.830e-02  2.863e-02  2.896e-02  2.929e-02  2.962e-02  2.996e-02  3.031e-02  3.066e-02  3.102e-02  3.140e-02  3.178e-02  3.219e-02  3.260e-02  3.303e-02  3.348e-02  3.395e-02  3.444e-02  3.494e-02  3.547e-02  3.601e-02  3.658e-02  3.717e-02  3.778e-02  3.842e-02  3.907e-02  3.976e-02  4.047e-02  4.120e-02  4.196e-02  4.275e-02  4.356e-02  4.440e-02  4.527e-02  4.617e-02  4.709e-02  4.805e-02  4.903e-02 	
 2.122e-02  2.238e-02  2.336e-02  2.421e-02  2.495e-02  2.560e-02  2.619e-02  2.672e-02  2.721e-02  2.768e-02  2.813e-02  2.857e-02  2.900e-02  2.943e-02  2.987e-02  3.032e-02  3.079e-02  3.127e-02  3.176e-02  3.228e-02  3.282e-02  3.338e-02  3.397e-02  3.458e-02  3.523e-02  3.590e-02  3.660e-02  3.734e-02  3.811e-02  3.891e-02  3.975e-02  4.063e-02  4.154e-02  4.249e-02  4.348e-02  4.451e-02  4.558e-02  4.669e-02  4.785e-02  4.905e-02  5.029e-02  5.158e-02  5.291e-02  5.430e-02  5.572e-02  5.720e-02  5.872e-02  6.030e-02  6.192e-02  6.359e-02 	
 2.211e-02  2.326e-02  2.424e-02  2.509e-02  2.585e-02  2.653e-02  2.715e-02  2.775e-02  2.833e-02  2.889e-02  2.946e-02  3.004e-02  3.064e-02  3.125e-02  3.190e-02  3.257e-02  3.328e-02  3.402e-02  3.480e-02  3.563e-02  3.649e-02  3.741e-02  3.837e-02  3.938e-02  4.045e-02  4.156e-02  4.274e-02  4.397e-02  4.526e-02  4.661e-02  4.802e-02  4.950e-02  5.104e-02  5.265e-02  5.432e-02  5.606e-02  5.788e-02  5.976e-02  6.172e-02  6.375e-02  6.586e-02  6.804e-02  7.029e-02  7.262e-02  7.503e-02  7.751e-02  8.007e-02  8.271e-02  8.542e-02  8.821e-02 	
 2.320e-02  2.435e-02  2.535e-02  2.624e-02  2.705e-02  2.782e-02  2.856e-02  2.931e-02  3.006e-02  3.084e-02  3.165e-02  3.250e-02  3.339e-02  3.434e-02  3.535e-02  3.642e-02  3.756e-02  3.877e-02  4.005e-02  4.140e-02  4.284e-02  4.436e-02  4.597e-02  4.766e-02  4.944e-02  5.132e-02  5.330e-02  5.537e-02  5.755e-02  5.982e-02  6.220e-02  6.469e-02  6.729e-02  7.000e-02  7.281e-02  7.574e-02  7.879e-02  8.194e-02  8.522e-02  8.860e-02  9.210e-02  9.572e-02  9.945e-02  1.033e-01  1.072e-01  1.113e-01  1.155e-01  1.198e-01  1.242e-01  1.287e-01 	
 2.464e-02  2.583e-02  2.690e-02  2.790e-02  2.886e-02  2.983e-02  3.083e-02  3.187e-02  3.296e-02  3.413e-02  3.538e-02  3.672e-02  3.815e-02  3.968e-02  4.133e-02  4.309e-02  4.496e-02  4.697e-02  4.910e-02  5.137e-02  5.377e-02  5.632e-02  5.902e-02  6.186e-02  6.486e-02  6.802e-02  7.133e-02  7.481e-02  7.845e-02  8.226e-02  8.624e-02  9.038e-02  9.469e-02  9.917e-02  1.038e-01  1.086e-01  1.136e-01  1.188e-01  1.241e-01  1.296e-01  1.352e-01  1.410e-01  1.469e-01  1.530e-01  1.592e-01  1.656e-01  1.721e-01  1.787e-01  1.854e-01  1.923e-01 	
 2.668e-02  2.799e-02  2.925e-02  3.051e-02  3.181e-02  3.318e-02  3.465e-02  3.623e-02  3.795e-02  3.980e-02  4.182e-02  4.399e-02  4.635e-02  4.888e-02  5.161e-02  5.454e-02  5.768e-02  6.102e-02  6.459e-02  6.839e-02  7.241e-02  7.667e-02  8.117e-02  8.591e-02  9.089e-02  9.612e-02  1.016e-01  1.073e-01  1.133e-01  1.195e-01  1.259e-01  1.326e-01  1.395e-01  1.467e-01  1.540e-01  1.616e-01  1.694e-01  1.774e-01  1.855e-01  1.939e-01  2.024e-01  2.111e-01  2.199e-01  2.289e-01  2.380e-01  2.471e-01  2.564e-01  2.658e-01  2.752e-01  2.847e-01 	
 2.978e-02  3.140e-02  3.307e-02  3.484e-02  3.676e-02  3.887e-02  4.118e-02  4.372e-02  4.650e-02  4.954e-02  5.286e-02  5.647e-02  6.038e-02  6.460e-02  6.915e-02  7.403e-02  7.925e-02  8.481e-02  9.072e-02  9.699e-02  1.036e-01  1.106e-01  1.179e-01  1.256e-01  1.336e-01  1.420e-01  1.507e-01  1.597e-01  1.690e-01  1.786e-01  1.885e-01  1.987e-01  2.091e-01  2.198e-01  2.307e-01  2.417e-01  2.530e-01  2.643e-01  2.759e-01  2.875e-01  2.992e-01  3.110e-01  3.228e-01  3.347e-01  3.465e-01  3.584e-01  3.701e-01  3.819e-01  3.935e-01  4.050e-01 	
 3.470e-02  3.693e-02  3.939e-02  4.211e-02  4.515e-02  4.854e-02  5.230e-02  5.647e-02  6.107e-02  6.611e-02  7.161e-02  7.760e-02  8.408e-02  9.106e-02  9.855e-02  1.066e-01  1.151e-01  1.241e-01  1.336e-01  1.436e-01  1.541e-01  1.651e-01  1.765e-01  1.883e-01  2.005e-01  2.131e-01  2.260e-01  2.393e-01  2.528e-01  2.665e-01  2.805e-01  2.946e-01  3.089e-01  3.232e-01  3.376e-01  3.521e-01  3.666e-01  3.810e-01  3.953e-01  4.096e-01  4.237e-01  4.376e-01  4.514e-01  4.650e-01  4.783e-01  4.913e-01  5.041e-01  5.166e-01  5.288e-01  5.407e-01 	
 4.262e-02  4.602e-02  4.988e-02  5.426e-02  5.921e-02  6.477e-02  7.098e-02  7.786e-02  8.545e-02  9.376e-02  1.028e-01  1.126e-01  1.231e-01  1.343e-01  1.463e-01  1.589e-01  1.722e-01  1.862e-01  2.007e-01  2.158e-01  2.313e-01  2.473e-01  2.637e-01  2.804e-01  2.974e-01  3.146e-01  3.319e-01  3.493e-01  3.668e-01  3.842e-01  4.016e-01  4.188e-01  4.359e-01  4.528e-01  4.694e-01  4.857e-01  5.017e-01  5.173e-01  5.326e-01  5.475e-01  5.619e-01  5.759e-01  5.894e-01  6.025e-01  6.151e-01  6.272e-01  6.389e-01  6.500e-01  6.607e-01  6.708e-01 	
 5.535e-02  6.077e-02  6.702e-02  7.417e-02  8.229e-02  9.141e-02  1.016e-01  1.128e-01  1.251e-01  1.384e-01  1.527e-01  1.681e-01  1.844e-01  2.015e-01  2.195e-01  2.382e-01  2.575e-01  2.773e-01  2.976e-01  3.182e-01  3.390e-01  3.599e-01  3.809e-01  4.018e-01  4.225e-01  4.431e-01  4.633e-01  4.832e-01  5.027e-01  5.217e-01  5.402e-01  5.581e-01  5.755e-01  5.924e-01  6.086e-01  6.241e-01  6.391e-01  6.534e-01  6.671e-01  6.802e-01  6.926e-01  7.044e-01  7.156e-01  7.262e-01  7.362e-01  7.456e-01  7.545e-01  7.628e-01  7.706e-01  7.778e-01 	
 7.549e-02  8.428e-02  9.446e-02  1.061e-01  1.193e-01  1.339e-01  1.501e-01  1.678e-01  1.868e-01  2.071e-01  2.286e-01  2.511e-01  2.744e-01  2.985e-01  3.230e-01  3.479e-01  3.730e-01  3.980e-01  4.229e-01  4.475e-01  4.717e-01  4.954e-01  5.185e-01  5.409e-01  5.626e-01  5.834e-01  6.035e-01  6.227e-01  6.411e-01  6.586e-01  6.752e-01  6.910e-01  7.060e-01  7.201e-01  7.335e-01  7.461e-01  7.579e-01  7.691e-01  7.795e-01  7.892e-01  7.983e-01  8.067e-01  8.146e-01  8.219e-01  8.286e-01  8.348e-01  8.405e-01  8.457e-01  8.504e-01  8.547e-01 	
 1.067e-01  1.209e-01  1.373e-01  1.558e-01  1.764e-01  1.990e-01  2.235e-01  2.496e-01  2.770e-01  3.054e-01  3.346e-01  3.643e-01  3.941e-01  4.239e-01  4.532e-01  4.820e-01  5.101e-01  5.372e-01  5.634e-01  5.884e-01  6.122e-01  6.349e-01  6.564e-01  6.767e-01  6.958e-01  7.137e-01  7.305e-01  7.463e-01  7.610e-01  7.747e-01  7.875e-01  7.994e-01  8.105e-01  8.207e-01  8.302e-01  8.390e-01  8.471e-01  8.546e-01  8.614e-01  8.677e-01  8.734e-01  8.786e-01  8.834e-01  8.876e-01  8.914e-01  8.949e-01  8.979e-01  9.005e-01  9.028e-01  9.047e-01 	
 1.539e-01  1.762e-01  2.015e-01  2.296e-01  2.600e-01  2.924e-01  3.263e-01  3.611e-01  3.964e-01  4.316e-01  4.664e-01  5.003e-01  5.331e-01  5.645e-01  5.944e-01  6.226e-01  6.492e-01  6.740e-01  6.971e-01  7.186e-01  7.386e-01  7.570e-01  7.740e-01  7.897e-01  8.041e-01  8.174e-01  8.296e-01  8.408e-01  8.510e-01  8.605e-01  8.691e-01  8.770e-01  8.842e-01  8.907e-01  8.967e-01  9.021e-01  9.070e-01  9.114e-01  9.154e-01  9.189e-01  9.220e-01  9.247e-01  9.271e-01  9.291e-01  9.308e-01  9.322e-01  9.333e-01  9.341e-01  9.347e-01  9.350e-01 	
 2.223e-01  2.558e-01  2.925e-01  3.316e-01  3.724e-01  4.139e-01  4.553e-01  4.958e-01  5.350e-01  5.723e-01  6.075e-01  6.403e-01  6.707e-01  6.987e-01  7.243e-01  7.477e-01  7.690e-01  7.884e-01  8.059e-01  8.218e-01  8.362e-01  8.492e-01  8.610e-01  8.716e-01  8.813e-01  8.900e-01  8.979e-01  9.050e-01  9.114e-01  9.172e-01  9.224e-01  9.271e-01  9.314e-01  9.351e-01  9.385e-01  9.414e-01  9.440e-01  9.463e-01  9.482e-01  9.498e-01  9.512e-01  9.522e-01  9.530e-01  9.535e-01  9.539e-01  9.539e-01  9.538e-01  9.534e-01  9.529e-01  9.522e-01 	
 3.165e-01  3.625e-01  4.104e-01  4.589e-01  5.065e-01  5.523e-01  5.955e-01  6.355e-01  6.722e-01  7.055e-01  7.355e-01  7.623e-01  7.863e-01  8.076e-01  8.265e-01  8.433e-01  8.582e-01  8.714e-01  8.832e-01  8.936e-01  9.029e-01  9.112e-01  9.185e-01  9.251e-01  9.310e-01  9.362e-01  9.409e-01  9.450e-01  9.487e-01  9.520e-01  9.549e-01  9.574e-01  9.597e-01  9.616e-01  9.632e-01  9.646e-01  9.657e-01  9.666e-01  9.672e-01  9.676e-01  9.678e-01  9.679e-01  9.677e-01  9.673e-01  9.667e-01  9.660e-01  9.651e-01  9.640e-01  9.628e-01  9.614e-01 	
 4.356e-01  4.916e-01  5.461e-01  5.974e-01  6.447e-01  6.874e-01  7.253e-01  7.586e-01  7.878e-01  8.131e-01  8.350e-01  8.541e-01  8.705e-01  8.848e-01  8.972e-01  9.080e-01  9.173e-01  9.255e-01  9.327e-01  9.390e-01  9.445e-01  9.494e-01  9.537e-01  9.574e-01  9.608e-01  9.637e-01  9.663e-01  9.685e-01  9.705e-01  9.721e-01  9.736e-01  9.748e-01  9.758e-01  9.766e-01  9.771e-01  9.775e-01  9.777e-01  9.778e-01  9.776e-01  9.773e-01  9.768e-01  9.762e-01  9.754e-01  9.745e-01  9.734e-01  9.722e-01  9.708e-01  9.693e-01  9.677e-01  9.659e-01 	
 5.693e-01  6.276e-01  6.800e-01  7.260e-01  7.656e-01  7.992e-01  8.277e-01  8.516e-01  8.717e-01  8.887e-01  9.030e-01  9.150e-01  9.253e-01  9.340e-01  9.415e-01  9.479e-01  9.534e-01  9.581e-01  9.622e-01  9.658e-01  9.689e-01  9.716e-01  9.740e-01  9.760e-01  9.778e-01  9.793e-01  9.806e-01  9.817e-01  9.827e-01  9.834e-01  9.840e-01  9.844e-01  9.847e-01  9.848e-01  9.847e-01  9.845e-01  9.842e-01  9.837e-01  9.831e-01  9.824e-01  9.815e-01  9.805e-01  9.793e-01  9.780e-01  9.766e-01  9.751e-01  9.734e-01  9.716e-01  9.697e-01  9.677e-01 	
 6.983e-01  7.496e-01  7.923e-01  8.274e-01  8.560e-01  8.792e-01  8.980e-01  9.134e-01  9.260e-01  9.364e-01  9.449e-01  9.521e-01  9.581e-01  9.631e-01  9.673e-01  9.709e-01  9.740e-01  9.767e-01  9.789e-01  9.809e-01  9.825e-01  9.840e-01  9.852e-01  9.863e-01  9.871e-01  9.879e-01  9.884e-01  9.889e-01  9.892e-01  9.894e-01  9.895e-01  9.894e-01  9.892e-01  9.889e-01  9.885e-01  9.880e-01  9.873e-01  9.866e-01  9.857e-01  9.846e-01  9.835e-01  9.822e-01  9.808e-01  9.793e-01  9.777e-01  9.759e-01  9.741e-01  9.721e-01  9.700e-01  9.678e-01 	
 8.047e-01  8.434e-01  8.737e-01  8.974e-01  9.158e-01  9.304e-01  9.419e-01  9.510e-01  9.584e-01  9.644e-01  9.693e-01  9.733e-01  9.767e-01  9.795e-01  9.818e-01  9.838e-01  9.855e-01  9.869e-01  9.881e-01  9.891e-01  9.900e-01  9.907e-01  9.913e-01  9.918e-01  9.921e-01  9.924e-01  9.926e-01  9.926e-01  9.926e-01  9.925e-01  9.922e-01  9.919e-01  9.915e-01  9.910e-01  9.903e-01  9.896e-01  9.887e-01  9.877e-01  9.866e-01  9.854e-01  9.841e-01  9.826e-01  9.811e-01  9.794e-01  9.776e-01  9.757e-01  9.737e-01  9.716e-01  9.693e-01  9.670e-01 	
 8.803e-01  9.064e-01  9.260e-01  9.406e-01  9.518e-01  9.604e-01  9.671e-01  9.724e-01  9.766e-01  9.800e-01  9.828e-01  9.850e-01  9.869e-01  9.884e-01  9.897e-01  9.907e-01  9.916e-01  9.924e-01  9.930e-01  9.935e-01  9.939e-01  9.942e-01  9.945e-01  9.946e-01  9.947e-01  9.947e-01  9.946e-01  9.945e-01  9.943e-01  9.939e-01  9.935e-01  9.930e-01  9.924e-01  9.917e-01  9.909e-01  9.900e-01  9.890e-01  9.879e-01  9.867e-01  9.853e-01  9.839e-01  9.823e-01  9.806e-01  9.788e-01  9.768e-01  9.748e-01  9.727e-01  9.704e-01  9.681e-01  9.657e-01 	
 9.277e-01  9.443e-01  9.564e-01  9.653e-01  9.720e-01  9.771e-01  9.810e-01  9.840e-01  9.864e-01  9.884e-01  9.899e-01  9.912e-01  9.922e-01  9.931e-01  9.938e-01  9.944e-01  9.948e-01  9.952e-01  9.955e-01  9.957e-01  9.959e-01  9.960e-01  9.960e-01  9.960e-01  9.959e-01  9.958e-01  9.956e-01  9.953e-01  9.949e-01  9.945e-01  9.939e-01  9.933e-01  9.926e-01  9.918e-01  9.909e-01  9.898e-01  9.887e-01  9.875e-01  9.861e-01  9.847e-01  9.831e-01  9.814e-01  9.796e-01  9.776e-01  9.756e-01  9.734e-01  9.712e-01  9.688e-01  9.664e-01  9.638e-01 	
 9.547e-01  9.654e-01  9.731e-01  9.786e-01  9.827e-01  9.858e-01  9.882e-01  9.900e-01  9.915e-01  9.927e-01  9.936e-01  9.943e-01  9.949e-01  9.954e-01  9.958e-01  9.962e-01  9.964e-01  9.966e-01  9.967e-01  9.968e-01  9.968e-01  9.968e-01  9.968e-01  9.966e-01  9.965e-01  9.962e-01  9.959e-01  9.955e-01  9.951e-01  9.945e-01  9.939e-01  9.932e-01  9.924e-01  9.915e-01  9.905e-01  9.893e-01  9.881e-01  9.868e-01  9.853e-01  9.837e-01  9.820e-01  9.802e-01  9.783e-01  9.763e-01  9.741e-01  9.719e-01  9.695e-01  9.670e-01  9.645e-01  9.618e-01 	
 9.694e-01  9.766e-01  9.818e-01  9.855e-01  9.883e-01  9.903e-01  9.919e-01  9.931e-01  9.941e-01  9.948e-01  9.954e-01  9.959e-01  9.963e-01  9.966e-01  9.969e-01  9.970e-01  9.972e-01  9.973e-01  9.973e-01  9.973e-01  9.973e-01  9.972e-01  9.970e-01  9.968e-01  9.966e-01  9.963e-01  9.959e-01  9.954e-01  9.949e-01  9.943e-01  9.936e-01  9.928e-01  9.919e-01  9.909e-01  9.898e-01  9.886e-01  9.872e-01  9.858e-01  9.842e-01  9.825e-01  9.807e-01  9.788e-01  9.768e-01  9.746e-01  9.723e-01  9.700e-01  9.675e-01  9.649e-01  9.622e-01  9.595e-01 	
 9.771e-01  9.825e-01  9.863e-01  9.891e-01  9.911e-01  9.926e-01  9.938e-01  9.947e-01  9.954e-01  9.959e-01  9.963e-01  9.967e-01  9.969e-01  9.971e-01  9.973e-01  9.974e-01  9.975e-01  9.975e-01  9.975e-01  9.974e-01  9.973e-01  9.972e-01  9.970e-01  9.967e-01  9.964e-01  9.961e-01  9.956e-01  9.951e-01  9.945e-01  9.938e-01  9.930e-01  9.922e-01  9.912e-01  9.901e-01  9.889e-01  9.876e-01  9.861e-01  9.846e-01  9.829e-01  9.811e-01  9.792e-01  9.771e-01  9.750e-01  9.727e-01  9.703e-01  9.679e-01  9.653e-01  9.626e-01  9.598e-01  9.569e-01 	
 9.809e-01  9.854e-01  9.886e-01  9.908e-01  9.925e-01  9.937e-01  9.947e-01  9.954e-01  9.960e-01  9.964e-01  9.967e-01  9.970e-01  9.972e-01  9.974e-01  9.975e-01  9.975e-01  9.975e-01  9.975e-01  9.975e-01  9.974e-01  9.972e-01  9.971e-01  9.968e-01  9.965e-01  9.962e-01  9.958e-01  9.953e-01  9.947e-01  9.940e-01  9.933e-01  9.924e-01  9.914e-01  9.904e-01  9.892e-01  9.879e-01  9.865e-01  9.849e-01  9.833e-01  9.815e-01  9.796e-01  9.775e-01  9.754e-01  9.731e-01  9.707e-01  9.682e-01  9.656e-01  9.629e-01  9.601e-01  9.572e-01  9.542e-01 	
 9.829e-01  9.869e-01  9.897e-01  9.917e-01  9.932e-01  9.943e-01  9.951e-01  9.957e-01  9.962e-01  9.966e-01  9.969e-01  9.971e-01  9.973e-01  9.974e-01  9.975e-01  9.975e-01  9.975e-01  9.974e-01  9.974e-01  9.972e-01  9.971e-01  9.968e-01  9.966e-01  9.962e-01  9.958e-01  9.953e-01  9.948e-01  9.941e-01  9.934e-01  9.926e-01  9.916e-01  9.906e-01  9.894e-01  9.881e-01  9.867e-01  9.852e-01  9.836e-01  9.818e-01  9.799e-01  9.778e-01  9.757e-01  9.734e-01  9.710e-01  9.685e-01  9.658e-01  9.631e-01  9.603e-01  9.573e-01  9.543e-01  9.512e-01 	
 9.838e-01  9.876e-01  9.902e-01  9.920e-01  9.934e-01  9.944e-01  9.952e-01  9.958e-01  9.963e-01  9.966e-01  9.969e-01  9.971e-01  9.972e-01  9.973e-01  9.974e-01  9.974e-01  9.973e-01  9.973e-01  9.972e-01  9.970e-01  9.968e-01  9.965e-01  9.962e-01  9.958e-01  9.954e-01  9.948e-01  9.942e-01  9.935e-01  9.927e-01  9.918e-01  9.908e-01  9.896e-01  9.884e-01  9.870e-01  9.855e-01  9.838e-01  9.820e-01  9.801e-01  9.781e-01  9.759e-01  9.737e-01  9.712e-01  9.687e-01  9.661e-01  9.633e-01  9.604e-01  9.575e-01  9.544e-01  9.513e-01  9.481e-01 	
 9.842e-01  9.878e-01  9.903e-01  9.921e-01  9.935e-01  9.945e-01  9.952e-01  9.958e-01  9.962e-01  9.965e-01  9.968e-01  9.970e-01  9.971e-01  9.972e-01  9.972e-01  9.972e-01  9.971e-01  9.970e-01  9.969e-01  9.967e-01  9.965e-01  9.962e-01  9.958e-01  9.954e-01  9.949e-01  9.943e-01  9.936e-01  9.928e-01  9.919e-01  9.909e-01  9.898e-01  9.885e-01  9.872e-01  9.857e-01  9.840e-01  9.823e-01  9.804e-01  9.784e-01  9.762e-01  9.739e-01  9.715e-01  9.689e-01  9.663e-01  9.635e-01  9.606e-01  9.576e-01  9.545e-01  9.513e-01  9.481e-01  9.447e-01 	
 9.842e-01  9.878e-01  9.903e-01  9.921e-01  9.934e-01  9.944e-01  9.951e-01  9.957e-01  9.961e-01  9.964e-01  9.966e-01  9.968e-01  9.969e-01  9.970e-01  9.970e-01  9.970e-01  9.969e-01  9.968e-01  9.966e-01  9.964e-01  9.961e-01  9.958e-01  9.954e-01  9.949e-01  9.943e-01  9.936e-01  9.929e-01  9.920e-01  9.910e-01  9.899e-01  9.887e-01  9.874e-01  9.859e-01  9.843e-01  9.825e-01  9.806e-01  9.786e-01  9.764e-01  9.741e-01  9.717e-01  9.691e-01  9.664e-01  9.636e-01  9.607e-01  9.577e-01  9.546e-01  9.513e-01  9.480e-01  9.446e-01  9.412e-01 	
 9.840e-01  9.876e-01  9.901e-01  9.919e-01  9.932e-01  9.942e-01  9.949e-01  9.954e-01  9.959e-01  9.962e-01  9.964e-01  9.966e-01  9.967e-01  9.967e-01  9.967e-01  9.967e-01  9.966e-01  9.964e-01  9.962e-01  9.960e-01  9.956e-01  9.953e-01  9.948e-01  9.942e-01  9.936e-01  9.929e-01  9.920e-01  9.911e-01  9.900e-01  9.888e-01  9.875e-01  9.860e-01  9.844e-01  9.827e-01  9.808e-01  9.788e-01  9.766e-01  9.743e-01  9.719e-01  9.693e-01  9.666e-01  9.637e-01  9.608e-01  9.577e-01  9.546e-01  9.513e-01  9.480e-01  9.445e-01  9.410e-01  9.374e-01 	
 9.841e-01  9.876e-01  9.901e-01  9.919e-01  9.931e-01  9.941e-01  9.948e-01  9.953e-01  9.957e-01  9.960e-01  9.962e-01  9.963e-01  9.964e-01  9.964e-01  9.964e-01  9.963e-01  9.962e-01  9.960e-01  9.958e-01  9.955e-01  9.951e-01  9.947e-01  9.942e-01  9.936e-01  9.929e-01  9.920e-01  9.911e-01  9.901e-01  9.889e-01  9.876e-01  9.861e-01  9.845e-01  9.828e-01  9.809e-01  9.789e-01  9.767e-01  9.744e-01  9.720e-01  9.694e-01  9.667e-01  9.638e-01  9.608e-01  9.577e-01  9.545e-01  9.512e-01  9.478e-01  9.443e-01  9.408e-01  9.371e-01  9.334e-01 	
 9.844e-01  9.878e-01  9.902e-01  9.919e-01  9.931e-01  9.940e-01  9.947e-01  9.952e-01  9.956e-01  9.958e-01  9.960e-01  9.961e-01  9.962e-01  9.962e-01  9.961e-01  9.960e-01  9.959e-01  9.957e-01  9.954e-01  9.950e-01  9.946e-01  9.941e-01  9.935e-01  9.928e-01  9.920e-01  9.911e-01  9.901e-01  9.889e-01  9.877e-01  9.862e-01  9.847e-01  9.829e-01  9.811e-01  9.791e-01  9.769e-01  9.746e-01  9.721e-01  9.695e-01  9.668e-01  9.639e-01  9.609e-01  9.578e-01  9.545e-01  9.512e-01  9.477e-01  9.442e-01  9.406e-01  9.369e-01  9.331e-01  9.293e-01 	
 9.844e-01  9.878e-01  9.901e-01  9.918e-01  9.930e-01  9.939e-01  9.945e-01  9.950e-01  9.953e-01  9.956e-01  9.957e-01  9.958e-01  9.959e-01  9.958e-01  9.958e-01  9.956e-01  9.954e-01  9.952e-01  9.949e-01  9.945e-01  9.940e-01  9.934e-01  9.927e-01  9.920e-01  9.911e-01  9.901e-01  9.890e-01  9.877e-01  9.863e-01  9.847e-01  9.830e-01  9.812e-01  9.792e-01  9.770e-01  9.747e-01  9.722e-01  9.696e-01  9.669e-01  9.640e-01  9.610e-01  9.578e-01  9.545e-01  9.511e-01  9.476e-01  9.441e-01  9.404e-01  9.366e-01  9.328e-01  9.290e-01  9.250e-01 	
 9.843e-01  9.876e-01  9.899e-01  9.916e-01  9.928e-01  9.936e-01  9.943e-01  9.947e-01  9.951e-01  9.953e-01  9.954e-01  9.955e-01  9.955e-01  9.955e-01  9.953e-01  9.952e-01  9.949e-01  9.946e-01  9.943e-01  9.938e-01  9.933e-01  9.926e-01  9.919e-01  9.910e-01  9.900e-01  9.889e-01  9.877e-01  9.863e-01  9.847e-01  9.831e-01  9.812e-01  9.792e-01  9.770e-01  9.747e-01  9.722e-01  9.696e-01  9.668e-01  9.639e-01  9.608e-01  9.576e-01  9.543e-01  9.509e-01  9.474e-01  9.437e-01  9.400e-01  9.362e-01  9.323e-01  9.284e-01  9.244e-01  9.203e-01 	
 9.843e-01  9.876e-01  9.898e-01  9.914e-01  9.926e-01  9.934e-01  9.940e-01  9.945e-01  9.948e-01  9.950e-01  9.951e-01  9.951e-01  9.951e-01  9.950e-01  9.949e-01  9.947e-01  9.944e-01  9.940e-01  9.936e-01  9.931e-01  9.924e-01  9.917e-01  9.909e-01  9.899e-01  9.888e-01  9.876e-01  9.863e-01  9.847e-01  9.831e-01  9.812e-01  9.792e-01  9.771e-01  9.748e-01  9.723e-01  9.696e-01  9.668e-01  9.639e-01  9.608e-01  9.576e-01  9.542e-01  9.507e-01  9.471e-01  9.434e-01  9.397e-01  9.358e-01  9.318e-01  9.278e-01  9.238e-01  9.197e-01  9.155e-01 	
 9.842e-01  9.875e-01  9.897e-01  9.912e-01  9.924e-01  9.932e-01  9.937e-01  9.941e-01  9.944e-01  9.946e-01  9.947e-01  9.947e-01  9.946e-01  9.945e-01  9.943e-01  9.941e-01  9.937e-01  9.933e-01  9.928e-01  9.922e-01  9.915e-01  9.907e-01  9.898e-01  9.887e-01  9.875e-01  9.862e-01  9.847e-01  9.830e-01  9.812e-01  9.792e-01  9.770e-01  9.747e-01  9.722e-01  9.696e-01  9.668e-01  9.638e-01  9.607e-01  9.574e-01  9.540e-01  9.505e-01  9.468e-01  9.431e-01  9.392e-01  9.353e-01  9.313e-01  9.272e-01  9.231e-01  9.189e-01  9.147e-01  9.105e-01 	
 9.841e-01  9.873e-01  9.894e-01  9.910e-01  9.921e-01  9.928e-01  9.934e-01  9.938e-01  9.940e-01  9.942e-01  9.942e-01  9.942e-01  9.941e-01  9.939e-01  9.937e-01  9.934e-01  9.930e-01  9.925e-01  9.919e-01  9.913e-01  9.905e-01  9.896e-01  9.885e-01  9.873e-01  9.860e-01  9.845e-01  9.829e-01  9.811e-01  9.791e-01  9.769e-01  9.746e-01  9.721e-01  9.694e-01  9.666e-01  9.636e-01  9.605e-01  9.572e-01  9.537e-01  9.502e-01  9.465e-01  9.427e-01  9.388e-01  9.348e-01  9.307e-01  9.266e-01  9.224e-01  9.181e-01  9.138e-01  9.095e-01  9.052e-01 	
 9.839e-01  9.870e-01  9.892e-01  9.907e-01  9.917e-01  9.925e-01  9.930e-01  9.933e-01  9.935e-01  9.936e-01  9.936e-01  9.936e-01  9.934e-01  9.932e-01  9.929e-01  9.926e-01  9.921e-01  9.916e-01  9.909e-01  9.901e-01  9.892e-01  9.882e-01  9.871e-01  9.858e-01  9.843e-01  9.827e-01  9.809e-01  9.789e-01  9.768e-01  9.744e-01  9.719e-01  9.693e-01  9.664e-01  9.634e-01  9.602e-01  9.569e-01  9.534e-01  9.498e-01  9.461e-01  9.423e-01  9.383e-01  9.342e-01  9.301e-01  9.259e-01  9.216e-01  9.173e-01  9.130e-01  9.086e-01  9.042e-01  8.998e-01 	
