 9.990e-01  9.990e-01  9.990e-01  9.990e-01  9.990e-01  9.990e-01  9.990e-01  9.990e-01  9.990e-01  9.990e-01  9.990e-01  9.990e-01  9.990e-01  9.990e-01  9.990e-01  9.990e-01  9.990e-01  9.990e-01  9.990e-01  9.990e-01  9.990e-01  9.990e-01  9.990e-01  9.990e-01  9.990e-01  9.990e-01  9.990e-01  9.990e-01  9.990e-01  9.990e-01  9.990e-01  9.990e-01  9.990e-01  9.990e-01  9.990e-01  9.990e-01  9.990e-01  9.990e-01  9.990e-01  9.990e-01  9.990e-01  9.990e-01  9.990e-01  9.990e-01  9.990e-01  9.990e-01  9.990e-01  9.990e-01  9.990e-01  9.990e-01 	
 9.992e-01  9.992e-01  9.992e-01  9.992e-01  9.992e-01  9.992e-01  9.992e-01  9.992e-01  9.992e-01  9.992e-01  9.992e-01  9.992e-01  9.992e-01  9.992e-01  9.992e-01  9.992e-01  9.992e-01  9.992e-01  9.992e-01  9.992e-01  9.992e-01  9.992e-01  9.992e-01  9.992e-01  9.992e-01  9.992e-01  9.992e-01  9.992e-01  9.992e-01  9.992e-01  9.992e-01  9.992e-01  9.992e-01  9.992e-01  9.992e-01  9.992e-01  9.992e-01  9.992e-01  9.992e-01  9.992e-01  9.992e-01  9.992e-01  9.992e-01  9.992e-01  9.992e-01  9.992e-01  9.992e-01  9.992e-01  9.992e-01  9.992e-01 	
 9.995e-01  9.995e-01  9.995e-01  9.995e-01  9.995e-01  9.995e-01  9.995e-01  9.995e-01  9.995e-01  9.995e-01  9.995e-01  9.995e-01  9.995e-01  9.995e-01  9.995e-01  9.995e-01  9.995e-01  9.995e-01  9.995e-01  9.995e-01  9.995e-01  9.995e-01  9.995e-01  9.995e-01  9.995e-01  9.995e-01  9.995e-01  9.995e-01  9.995e-01  9.995e-01  9.995e-01  9.995e-01  9.995e-01  9.995e-01  9.995e-01  9.995e-01  9.995e-01  9.995e-01  9.995e-01  9.995e-01  9.995e-01  9.995e-01  9.995e-01  9.995e-01  9.995e-01  9.995e-01  9.995e-01  9.995e-01  9.995e-01  9.995e-01 	
 9.986e-01  9.986e-01  9.986e-01  9.986e-01  9.986e-01  9.986e-01  9.986e-01  9.986e-01  9.986e-01  9.986e-01  9.986e-01  9.986e-01  9.986e-01  9.986e-01  9.986e-01  9.986e-01  9.986e-01  9.986e-01  9.986e-01  9.986e-01  9.986e-01  9.986e-01  9.986e-01  9.986e-01  9.986e-01  9.986e-01  9.986e-01  9.986e-01  9.986e-01  9.986e-01  9.986e-01  9.986e-01  9.986e-01  9.986e-01  9.986e-01  9.986e-01  9.986e-01  9.986e-01  9.986e-01  9.986e-01  9.986e-01  9.986e-01  9.986e-01  9.986e-01  9.986e-01  9.986e-01  9.986e-01  9.986e-01  9.986e-01  9.986e-01 	
 9.984e-01  9.984e-01  9.984e-01  9.984e-01  9.984e-01  9.984e-01  9.984e-01  9.984e-01  9.984e-01  9.984e-01  9.984e-01  9.984e-01  9.984e-01  9.984e-01  9.984e-01  9.984e-01  9.984e-01  9.984e-01  9.984e-01  9.984e-01  9.984e-01  9.984e-01  9.984e-01  9.984e-01  9.984e-01  9.984e-01  9.984e-01  9.984e-01  9.984e-01  9.984e-01  9.984e-01  9.984e-01  9.984e-01  9.984e-01  9.984e-01  9.984e-01  9.984e-01  9.984e-01  9.984e-01  9.984e-01  9.984e-01  9.984e-01  9.984e-01  9.984e-01  9.984e-01  9.984e-01  9.984e-01  9.984e-01  9.984e-01  9.984e-01 	
 9.965e-01  9.965e-01  9.965e-01  9.965e-01  9.965e-01  9.965e-01  9.965e-01  9.965e-01  9.965e-01  9.965e-01  9.965e-01  9.965e-01  9.965e-01  9.965e-01  9.965e-01  9.965e-01  9.965e-01  9.965e-01  9.965e-01  9.965e-01  9.965e-01  9.965e-01  9.965e-01  9.965e-01  9.965e-01  9.965e-01  9.965e-01  9.965e-01  9.965e-01  9.965e-01  9.965e-01  9.965e-01  9.965e-01  9.965e-01  9.965e-01  9.965e-01  9.965e-01  9.965e-01  9.965e-01  9.965e-01  9.965e-01  9.965e-01  9.965e-01  9.965e-01  9.965e-01  9.965e-01  9.965e-01  9.965e-01  9.965e-01  9.965e-01 	
 9.965e-01  9.965e-01  9.965e-01  9.965e-01  9.965e-01  9.965e-01  9.965e-01  9.965e-01  9.965e-01  9.965e-01  9.965e-01  9.965e-01  9.965e-01  9.965e-01  9.965e-01  9.965e-01  9.965e-01  9.965e-01  9.965e-01  9.965e-01  9.965e-01  9.965e-01  9.965e-01  9.965e-01  9.965e-01  9.965e-01  9.965e-01  9.965e-01  9.965e-01  9.965e-01  9.965e-01  9.965e-01  9.965e-01  9.965e-01  9.965e-01  9.965e-01  9.965e-01  9.965e-01  9.965e-01  9.965e-01  9.965e-01  9.965e-01  9.965e-01  9.965e-01  9.965e-01  9.965e-01  9.965e-01  9.965e-01  9.965e-01  9.965e-01 	
 9.977e-01  9.977e-01  9.977e-01  9.977e-01  9.977e-01  9.977e-01  9.977e-01  9.977e-01  9.977e-01  9.977e-01  9.977e-01  9.977e-01  9.977e-01  9.977e-01  9.977e-01  9.977e-01  9.977e-01  9.977e-01  9.977e-01  9.977e-01  9.977e-01  9.977e-01  9.977e-01  9.977e-01  9.977e-01  9.977e-01  9.977e-01  9.977e-01  9.977e-01  9.977e-01  9.977e-01  9.977e-01  9.977e-01  9.977e-01  9.977e-01  9.977e-01  9.977e-01  9.977e-01  9.977e-01  9.977e-01  9.977e-01  9.977e-01  9.977e-01  9.977e-01  9.977e-01  9.977e-01  9.977e-01  9.977e-01  9.977e-01  9.977e-01 	
 9.987e-01  9.987e-01  9.987e-01  9.987e-01  9.987e-01  9.987e-01  9.987e-01  9.987e-01  9.987e-01  9.987e-01  9.987e-01  9.987e-01  9.987e-01  9.987e-01  9.987e-01  9.987e-01  9.987e-01  9.987e-01  9.987e-01  9.987e-01  9.987e-01  9.987e-01  9.987e-01  9.987e-01  9.987e-01  9.987e-01  9.987e-01  9.987e-01  9.987e-01  9.987e-01  9.987e-01  9.987e-01  9.987e-01  9.987e-01  9.987e-01  9.987e-01  9.987e-01  9.987e-01  9.987e-01  9.987e-01  9.987e-01  9.987e-01  9.987e-01  9.987e-01  9.987e-01  9.987e-01  9.987e-01  9.987e-01  9.987e-01  9.987e-01 	
 9.980e-01  9.980e-01  9.980e-01  9.980e-01  9.980e-01  9.980e-01  9.980e-01  9.980e-01  9.980e-01  9.980e-01  9.980e-01  9.980e-01  9.980e-01  9.980e-01  9.980e-01  9.980e-01  9.980e-01  9.980e-01  9.980e-01  9.980e-01  9.980e-01  9.980e-01  9.980e-01  9.980e-01  9.980e-01  9.980e-01  9.980e-01  9.980e-01  9.980e-01  9.980e-01  9.980e-01  9.980e-01  9.980e-01  9.980e-01  9.980e-01  9.980e-01  9.980e-01  9.980e-01  9.980e-01  9.980e-01  9.980e-01  9.980e-01  9.980e-01  9.980e-01  9.980e-01  9.980e-01  9.980e-01  9.980e-01  9.980e-01  9.980e-01 	
 9.967e-01  9.967e-01  9.967e-01  9.967e-01  9.967e-01  9.967e-01  9.967e-01  9.967e-01  9.967e-01  9.967e-01  9.967e-01  9.967e-01  9.967e-01  9.967e-01  9.967e-01  9.967e-01  9.967e-01  9.967e-01  9.967e-01  9.967e-01  9.967e-01  9.967e-01  9.967e-01  9.967e-01  9.967e-01  9.967e-01  9.967e-01  9.967e-01  9.967e-01  9.967e-01  9.967e-01  9.967e-01  9.967e-01  9.967e-01  9.967e-01  9.967e-01  9.967e-01  9.967e-01  9.967e-01  9.967e-01  9.967e-01  9.967e-01  9.967e-01  9.967e-01  9.967e-01  9.967e-01  9.967e-01  9.967e-01  9.967e-01  9.967e-01 	
 9.948e-01  9.948e-01  9.948e-01  9.948e-01  9.948e-01  9.948e-01  9.948e-01  9.948e-01  9.948e-01  9.948e-01  9.948e-01  9.948e-01  9.948e-01  9.948e-01  9.948e-01  9.948e-01  9.948e-01  9.948e-01  9.948e-01  9.948e-01  9.948e-01  9.948e-01  9.948e-01  9.948e-01  9.948e-01  9.948e-01  9.948e-01  9.948e-01  9.948e-01  9.948e-01  9.948e-01  9.948e-01  9.948e-01  9.948e-01  9.948e-01  9.948e-01  9.948e-01  9.948e-01  9.948e-01  9.948e-01  9.948e-01  9.948e-01  9.948e-01  9.948e-01  9.948e-01  9.948e-01  9.948e-01  9.948e-01  9.948e-01  9.948e-01 	
 9.966e-01  9.966e-01  9.966e-01  9.966e-01  9.966e-01  9.966e-01  9.966e-01  9.966e-01  9.966e-01  9.966e-01  9.966e-01  9.966e-01  9.966e-01  9.966e-01  9.966e-01  9.966e-01  9.966e-01  9.966e-01  9.966e-01  9.966e-01  9.966e-01  9.966e-01  9.966e-01  9.966e-01  9.966e-01  9.966e-01  9.966e-01  9.966e-01  9.966e-01  9.966e-01  9.966e-01  9.966e-01  9.966e-01  9.966e-01  9.966e-01  9.966e-01  9.966e-01  9.966e-01  9.966e-01  9.966e-01  9.966e-01  9.966e-01  9.966e-01  9.966e-01  9.966e-01  9.966e-01  9.966e-01  9.966e-01  9.966e-01  9.966e-01 	
 9.951e-01  9.951e-01  9.951e-01  9.951e-01  9.951e-01  9.951e-01  9.951e-01  9.951e-01  9.951e-01  9.951e-01  9.951e-01  9.951e-01  9.951e-01  9.951e-01  9.951e-01  9.951e-01  9.951e-01  9.951e-01  9.951e-01  9.951e-01  9.951e-01  9.951e-01  9.951e-01  9.951e-01  9.951e-01  9.951e-01  9.951e-01  9.951e-01  9.951e-01  9.951e-01  9.951e-01  9.951e-01  9.951e-01  9.951e-01  9.951e-01  9.951e-01  9.951e-01  9.951e-01  9.951e-01  9.951e-01  9.951e-01  9.951e-01  9.951e-01  9.951e-01  9.951e-01  9.951e-01  9.951e-01  9.951e-01  9.951e-01  9.951e-01 	
 9.948e-01  9.948e-01  9.948e-01  9.948e-01  9.948e-01  9.948e-01  9.948e-01  9.948e-01  9.948e-01  9.948e-01  9.948e-01  9.948e-01  9.948e-01  9.948e-01  9.948e-01  9.948e-01  9.948e-01  9.948e-01  9.948e-01  9.948e-01  9.948e-01  9.948e-01  9.948e-01  9.948e-01  9.948e-01  9.948e-01  9.948e-01  9.948e-01  9.948e-01  9.948e-01  9.948e-01  9.948e-01  9.948e-01  9.948e-01  9.948e-01  9.948e-01  9.948e-01  9.948e-01  9.948e-01  9.948e-01  9.948e-01  9.948e-01  9.948e-01  9.948e-01  9.948e-01  9.948e-01  9.948e-01  9.948e-01  9.948e-01  9.948e-01 	
 9.931e-01  9.931e-01  9.931e-01  9.931e-01  9.931e-01  9.931e-01  9.931e-01  9.931e-01  9.931e-01  9.931e-01  9.931e-01  9.931e-01  9.931e-01  9.931e-01  9.931e-01  9.931e-01  9.931e-01  9.931e-01  9.931e-01  9.931e-01  9.931e-01  9.931e-01  9.931e-01  9.931e-01  9.931e-01  9.931e-01  9.931e-01  9.931e-01  9.931e-01  9.931e-01  9.931e-01  9.931e-01  9.931e-01  9.931e-01  9.931e-01  9.931e-01  9.931e-01  9.931e-01  9.931e-01  9.931e-01  9.931e-01  9.931e-01  9.931e-01  9.931e-01  9.931e-01  9.931e-01  9.931e-01  9.931e-01  9.931e-01  9.931e-01 	
 9.945e-01  9.945e-01  9.945e-01  9.945e-01  9.945e-01  9.945e-01  9.945e-01  9.945e-01  9.945e-01  9.945e-01  9.945e-01  9.945e-01  9.945e-01  9.945e-01  9.945e-01  9.945e-01  9.945e-01  9.945e-01  9.945e-01  9.945e-01  9.945e-01  9.945e-01  9.945e-01  9.945e-01  9.945e-01  9.945e-01  9.945e-01  9.945e-01  9.945e-01  9.945e-01  9.945e-01  9.945e-01  9.945e-01  9.945e-01  9.945e-01  9.945e-01  9.945e-01  9.945e-01  9.945e-01  9.945e-01  9.945e-01  9.945e-01  9.945e-01  9.945e-01  9.945e-01  9.945e-01  9.945e-01  9.945e-01  9.945e-01  9.945e-01 	
 9.926e-01  9.926e-01  9.926e-01  9.926e-01  9.926e-01  9.926e-01  9.926e-01  9.926e-01  9.926e-01  9.926e-01  9.926e-01  9.926e-01  9.926e-01  9.926e-01  9.926e-01  9.926e-01  9.926e-01  9.926e-01  9.926e-01  9.926e-01  9.926e-01  9.926e-01  9.926e-01  9.926e-01  9.926e-01  9.926e-01  9.926e-01  9.926e-01  9.926e-01  9.926e-01  9.926e-01  9.926e-01  9.926e-01  9.926e-01  9.926e-01  9.926e-01  9.926e-01  9.926e-01  9.926e-01  9.926e-01  9.926e-01  9.926e-01  9.926e-01  9.926e-01  9.926e-01  9.926e-01  9.926e-01  9.926e-01  9.926e-01  9.926e-01 	
 9.899e-01  9.899e-01  9.899e-01  9.899e-01  9.899e-01  9.899e-01  9.899e-01  9.899e-01  9.899e-01  9.899e-01  9.899e-01  9.899e-01  9.899e-01  9.899e-01  9.899e-01  9.899e-01  9.899e-01  9.899e-01  9.899e-01  9.899e-01  9.899e-01  9.899e-01  9.899e-01  9.899e-01  9.899e-01  9.899e-01  9.899e-01  9.899e-01  9.899e-01  9.899e-01  9.899e-01  9.899e-01  9.899e-01  9.899e-01  9.899e-01  9.899e-01  9.899e-01  9.899e-01  9.899e-01  9.899e-01  9.899e-01  9.899e-01  9.899e-01  9.899e-01  9.899e-01  9.899e-01  9.899e-01  9.899e-01  9.899e-01  9.899e-01 	
 9.505e-01  9.505e-01  9.505e-01  9.505e-01  9.505e-01  9.505e-01  9.505e-01  9.505e-01  9.505e-01  9.505e-01  9.505e-01  9.505e-01  9.505e-01  9.505e-01  9.505e-01  9.505e-01  9.505e-01  9.505e-01  9.505e-01  9.505e-01  9.505e-01  9.505e-01  9.505e-01  9.505e-01  9.505e-01  9.505e-01  9.505e-01  9.505e-01  9.505e-01  9.505e-01  9.505e-01  9.505e-01  9.505e-01  9.505e-01  9.505e-01  9.505e-01  9.505e-01  9.505e-01  9.505e-01  9.505e-01  9.505e-01  9.505e-01  9.505e-01  9.505e-01  9.505e-01  9.505e-01  9.505e-01  9.505e-01  9.505e-01  9.505e-01 	
 9.794e-01  9.794e-01  9.794e-01  9.794e-01  9.794e-01  9.794e-01  9.794e-01  9.794e-01  9.794e-01  9.794e-01  9.794e-01  9.794e-01  9.794e-01  9.794e-01  9.794e-01  9.794e-01  9.794e-01  9.794e-01  9.794e-01  9.794e-01  9.794e-01  9.794e-01  9.794e-01  9.794e-01  9.794e-01  9.794e-01  9.794e-01  9.794e-01  9.794e-01  9.794e-01  9.794e-01  9.794e-01  9.794e-01  9.794e-01  9.794e-01  9.794e-01  9.794e-01  9.794e-01  9.794e-01  9.794e-01  9.794e-01  9.794e-01  9.794e-01  9.794e-01  9.794e-01  9.794e-01  9.794e-01  9.794e-01  9.794e-01  9.794e-01 	
 9.904e-01  9.904e-01  9.904e-01  9.904e-01  9.904e-01  9.904e-01  9.904e-01  9.904e-01  9.904e-01  9.904e-01  9.904e-01  9.904e-01  9.904e-01  9.904e-01  9.904e-01  9.904e-01  9.904e-01  9.904e-01  9.904e-01  9.904e-01  9.904e-01  9.904e-01  9.904e-01  9.904e-01  9.904e-01  9.904e-01  9.904e-01  9.904e-01  9.904e-01  9.904e-01  9.904e-01  9.904e-01  9.904e-01  9.904e-01  9.904e-01  9.904e-01  9.904e-01  9.904e-01  9.904e-01  9.904e-01  9.904e-01  9.904e-01  9.904e-01  9.904e-01  9.904e-01  9.904e-01  9.904e-01  9.904e-01  9.904e-01  9.904e-01 	
 9.867e-01  9.867e-01  9.867e-01  9.867e-01  9.867e-01  9.867e-01  9.867e-01  9.867e-01  9.867e-01  9.867e-01  9.867e-01  9.867e-01  9.867e-01  9.867e-01  9.867e-01  9.867e-01  9.867e-01  9.867e-01  9.867e-01  9.867e-01  9.867e-01  9.867e-01  9.867e-01  9.867e-01  9.867e-01  9.867e-01  9.867e-01  9.867e-01  9.867e-01  9.867e-01  9.867e-01  9.867e-01  9.867e-01  9.867e-01  9.867e-01  9.867e-01  9.867e-01  9.867e-01  9.867e-01  9.867e-01  9.867e-01  9.867e-01  9.867e-01  9.867e-01  9.867e-01  9.867e-01  9.867e-01  9.867e-01  9.867e-01  9.867e-01 	
 9.735e-01  9.735e-01  9.735e-01  9.735e-01  9.735e-01  9.735e-01  9.735e-01  9.735e-01  9.735e-01  9.735e-01  9.735e-01  9.735e-01  9.735e-01  9.735e-01  9.735e-01  9.735e-01  9.735e-01  9.735e-01  9.735e-01  9.735e-01  9.735e-01  9.735e-01  9.735e-01  9.735e-01  9.735e-01  9.735e-01  9.735e-01  9.735e-01  9.735e-01  9.735e-01  9.735e-01  9.735e-01  9.735e-01  9.735e-01  9.735e-01  9.735e-01  9.735e-01  9.735e-01  9.735e-01  9.735e-01  9.735e-01  9.735e-01  9.735e-01  9.735e-01  9.735e-01  9.735e-01  9.735e-01  9.735e-01  9.735e-01  9.735e-01 	
 9.850e-01  9.850e-01  9.850e-01  9.850e-01  9.850e-01  9.850e-01  9.850e-01  9.850e-01  9.850e-01  9.850e-01  9.850e-01  9.850e-01  9.850e-01  9.850e-01  9.850e-01  9.850e-01  9.850e-01  9.850e-01  9.850e-01  9.850e-01  9.850e-01  9.850e-01  9.850e-01  9.850e-01  9.850e-01  9.850e-01  9.850e-01  9.850e-01  9.850e-01  9.850e-01  9.850e-01  9.850e-01  9.850e-01  9.850e-01  9.850e-01  9.850e-01  9.850e-01  9.850e-01  9.850e-01  9.850e-01  9.850e-01  9.850e-01  9.850e-01  9.850e-01  9.850e-01  9.850e-01  9.850e-01  9.850e-01  9.850e-01  9.850e-01 	
 9.801e-01  9.801e-01  9.801e-01  9.801e-01  9.801e-01  9.801e-01  9.801e-01  9.801e-01  9.801e-01  9.801e-01  9.801e-01  9.801e-01  9.801e-01  9.801e-01  9.801e-01  9.801e-01  9.801e-01  9.801e-01  9.801e-01  9.801e-01  9.801e-01  9.801e-01  9.801e-01  9.801e-01  9.801e-01  9.801e-01  9.801e-01  9.801e-01  9.801e-01  9.801e-01  9.801e-01  9.801e-01  9.801e-01  9.801e-01  9.801e-01  9.801e-01  9.801e-01  9.801e-01  9.801e-01  9.801e-01  9.801e-01  9.801e-01  9.801e-01  9.801e-01  9.801e-01  9.801e-01  9.801e-01  9.801e-01  9.801e-01  9.801e-01 	
 9.674e-01  9.674e-01  9.674e-01  9.674e-01  9.674e-01  9.674e-01  9.674e-01  9.674e-01  9.674e-01  9.674e-01  9.674e-01  9.674e-01  9.674e-01  9.674e-01  9.674e-01  9.674e-01  9.674e-01  9.674e-01  9.674e-01  9.674e-01  9.674e-01  9.674e-01  9.674e-01  9.674e-01  9.674e-01  9.674e-01  9.674e-01  9.674e-01  9.674e-01  9.674e-01  9.674e-01  9.674e-01  9.674e-01  9.674e-01  9.674e-01  9.674e-01  9.674e-01  9.674e-01  9.674e-01  9.674e-01  9.674e-01  9.674e-01  9.674e-01  9.674e-01  9.674e-01  9.674e-01  9.674e-01  9.674e-01  9.674e-01  9.674e-01 	
 9.777e-01  9.777e-01  9.777e-01  9.777e-01  9.777e-01  9.777e-01  9.777e-01  9.777e-01  9.777e-01  9.777e-01  9.777e-01  9.777e-01  9.777e-01  9.777e-01  9.777e-01  9.777e-01  9.777e-01  9.777e-01  9.777e-01  9.777e-01  9.777e-01  9.777e-01  9.777e-01  9.777e-01  9.777e-01  9.777e-01  9.777e-01  9.777e-01  9.777e-01  9.777e-01  9.777e-01  9.777e-01  9.777e-01  9.777e-01  9.777e-01  9.777e-01  9.777e-01  9.777e-01  9.777e-01  9.777e-01  9.777e-01  9.777e-01  9.777e-01  9.777e-01  9.777e-01  9.777e-01  9.777e-01  9.777e-01  9.777e-01  9.777e-01 	
 9.689e-01  9.689e-01  9.689e-01  9.689e-01  9.689e-01  9.689e-01  9.689e-01  9.689e-01  9.689e-01  9.689e-01  9.689e-01  9.689e-01  9.689e-01  9.689e-01  9.689e-01  9.689e-01  9.689e-01  9.689e-01  9.689e-01  9.689e-01  9.689e-01  9.689e-01  9.689e-01  9.689e-01  9.689e-01  9.689e-01  9.689e-01  9.689e-01  9.689e-01  9.689e-01  9.689e-01  9.689e-01  9.689e-01  9.689e-01  9.689e-01  9.689e-01  9.689e-01  9.689e-01  9.689e-01  9.689e-01  9.689e-01  9.689e-01  9.689e-01  9.689e-01  9.689e-01  9.689e-01  9.689e-01  9.689e-01  9.689e-01  9.689e-01 	
 9.661e-01  9.661e-01  9.661e-01  9.661e-01  9.661e-01  9.661e-01  9.661e-01  9.661e-01  9.661e-01  9.661e-01  9.661e-01  9.661e-01  9.661e-01  9.661e-01  9.661e-01  9.661e-01  9.661e-01  9.661e-01  9.661e-01  9.661e-01  9.661e-01  9.661e-01  9.661e-01  9.661e-01  9.661e-01  9.661e-01  9.661e-01  9.661e-01  9.661e-01  9.661e-01  9.661e-01  9.661e-01  9.661e-01  9.661e-01  9.661e-01  9.661e-01  9.661e-01  9.661e-01  9.661e-01  9.661e-01  9.661e-01  9.661e-01  9.661e-01  9.661e-01  9.661e-01  9.661e-01  9.661e-01  9.661e-01  9.661e-01  9.661e-01 	
 9.622e-01  9.622e-01  9.622e-01  9.622e-01  9.622e-01  9.622e-01  9.622e-01  9.622e-01  9.622e-01  9.622e-01  9.622e-01  9.622e-01  9.622e-01  9.622e-01  9.622e-01  9.622e-01  9.622e-01  9.622e-01  9.622e-01  9.622e-01  9.622e-01  9.622e-01  9.622e-01  9.622e-01  9.622e-01  9.622e-01  9.622e-01  9.622e-01  9.622e-01  9.622e-01  9.622e-01  9.622e-01  9.622e-01  9.622e-01  9.622e-01  9.622e-01  9.622e-01  9.622e-01  9.622e-01  9.622e-01  9.622e-01  9.622e-01  9.622e-01  9.622e-01  9.622e-01  9.622e-01  9.622e-01  9.622e-01  9.622e-01  9.622e-01 	
 9.594e-01  9.594e-01  9.594e-01  9.594e-01  9.594e-01  9.594e-01  9.594e-01  9.594e-01  9.594e-01  9.594e-01  9.594e-01  9.594e-01  9.594e-01  9.594e-01  9.594e-01  9.594e-01  9.594e-01  9.594e-01  9.594e-01  9.594e-01  9.594e-01  9.594e-01  9.594e-01  9.594e-01  9.594e-01  9.594e-01  9.594e-01  9.594e-01  9.594e-01  9.594e-01  9.594e-01  9.594e-01  9.594e-01  9.594e-01  9.594e-01  9.594e-01  9.594e-01  9.594e-01  9.594e-01  9.594e-01  9.594e-01  9.594e-01  9.594e-01  9.594e-01  9.594e-01  9.594e-01  9.594e-01  9.594e-01  9.594e-01  9.594e-01 	
 9.559e-01  9.559e-01  9.559e-01  9.559e-01  9.559e-01  9.559e-01  9.559e-01  9.559e-01  9.559e-01  9.559e-01  9.559e-01  9.559e-01  9.559e-01  9.559e-01  9.559e-01  9.559e-01  9.559e-01  9.559e-01  9.559e-01  9.559e-01  9.559e-01  9.559e-01  9.559e-01  9.559e-01  9.559e-01  9.559e-01  9.559e-01  9.559e-01  9.559e-01  9.559e-01  9.559e-01  9.559e-01  9.559e-01  9.559e-01  9.559e-01  9.559e-01  9.559e-01  9.559e-01  9.559e-01  9.559e-01  9.559e-01  9.559e-01  9.559e-01  9.559e-01  9.559e-01  9.559e-01  9.559e-01  9.559e-01  9.559e-01  9.559e-01 	
 9.437e-01  9.437e-01  9.437e-01  9.437e-01  9.437e-01  9.437e-01  9.437e-01  9.437e-01  9.437e-01  9.437e-01  9.437e-01  9.437e-01  9.437e-01  9.437e-01  9.437e-01  9.437e-01  9.437e-01  9.437e-01  9.437e-01  9.437e-01  9.437e-01  9.437e-01  9.437e-01  9.437e-01  9.437e-01  9.437e-01  9.437e-01  9.437e-01  9.437e-01  9.437e-01  9.437e-01  9.437e-01  9.437e-01  9.437e-01  9.437e-01  9.437e-01  9.437e-01  9.437e-01  9.437e-01  9.437e-01  9.437e-01  9.437e-01  9.437e-01  9.437e-01  9.437e-01  9.437e-01  9.437e-01  9.437e-01  9.437e-01  9.437e-01 	
 9.453e-01  9.453e-01  9.453e-01  9.453e-01  9.453e-01  9.453e-01  9.453e-01  9.453e-01  9.453e-01  9.453e-01  9.453e-01  9.453e-01  9.453e-01  9.453e-01  9.453e-01  9.453e-01  9.453e-01  9.453e-01  9.453e-01  9.453e-01  9.453e-01  9.453e-01  9.453e-01  9.453e-01  9.453e-01  9.453e-01  9.453e-01  9.453e-01  9.453e-01  9.453e-01  9.453e-01  9.453e-01  9.453e-01  9.453e-01  9.453e-01  9.453e-01  9.453e-01  9.453e-01  9.453e-01  9.453e-01  9.453e-01  9.453e-01  9.453e-01  9.453e-01  9.453e-01  9.453e-01  9.453e-01  9.453e-01  9.453e-01  9.453e-01 	
 9.294e-01  9.294e-01  9.294e-01  9.294e-01  9.294e-01  9.294e-01  9.294e-01  9.294e-01  9.294e-01  9.294e-01  9.294e-01  9.294e-01  9.294e-01  9.294e-01  9.294e-01  9.294e-01  9.294e-01  9.294e-01  9.294e-01  9.294e-01  9.294e-01  9.294e-01  9.294e-01  9.294e-01  9.294e-01  9.294e-01  9.294e-01  9.294e-01  9.294e-01  9.294e-01  9.294e-01  9.294e-01  9.294e-01  9.294e-01  9.294e-01  9.294e-01  9.294e-01  9.294e-01  9.294e-01  9.294e-01  9.294e-01  9.294e-01  9.294e-01  9.294e-01  9.294e-01  9.294e-01  9.294e-01  9.294e-01  9.294e-01  9.294e-01 	
 9.308e-01  9.308e-01  9.308e-01  9.308e-01  9.308e-01  9.308e-01  9.308e-01  9.308e-01  9.308e-01  9.308e-01  9.308e-01  9.308e-01  9.308e-01  9.308e-01  9.308e-01  9.308e-01  9.308e-01  9.308e-01  9.308e-01  9.308e-01  9.308e-01  9.308e-01  9.308e-01  9.308e-01  9.308e-01  9.308e-01  9.308e-01  9.308e-01  9.308e-01  9.308e-01  9.308e-01  9.308e-01  9.308e-01  9.308e-01  9.308e-01  9.308e-01  9.308e-01  9.308e-01  9.308e-01  9.308e-01  9.308e-01  9.308e-01  9.308e-01  9.308e-01  9.308e-01  9.308e-01  9.308e-01  9.308e-01  9.308e-01  9.308e-01 	
 9.174e-01  9.174e-01  9.174e-01  9.174e-01  9.174e-01  9.174e-01  9.174e-01  9.174e-01  9.174e-01  9.174e-01  9.174e-01  9.174e-01  9.174e-01  9.174e-01  9.174e-01  9.174e-01  9.174e-01  9.174e-01  9.174e-01  9.174e-01  9.174e-01  9.174e-01  9.174e-01  9.174e-01  9.174e-01  9.174e-01  9.174e-01  9.174e-01  9.174e-01  9.174e-01  9.174e-01  9.174e-01  9.174e-01  9.174e-01  9.174e-01  9.174e-01  9.174e-01  9.174e-01  9.174e-01  9.174e-01  9.174e-01  9.174e-01  9.174e-01  9.174e-01  9.174e-01  9.174e-01  9.174e-01  9.174e-01  9.174e-01  9.174e-01 	
 9.080e-01  9.080e-01  9.080e-01  9.080e-01  9.080e-01  9.080e-01  9.080e-01  9.080e-01  9.080e-01  9.080e-01  9.080e-01  9.080e-01  9.080e-01  9.080e-01  9.080e-01  9.080e-01  9.080e-01  9.080e-01  9.080e-01  9.080e-01  9.080e-01  9.080e-01  9.080e-01  9.080e-01  9.080e-01  9.080e-01  9.080e-01  9.080e-01  9.080e-01  9.080e-01  9.080e-01  9.080e-01  9.080e-01  9.080e-01  9.080e-01  9.080e-01  9.080e-01  9.080e-01  9.080e-01  9.080e-01  9.080e-01  9.080e-01  9.080e-01  9.080e-01  9.080e-01  9.080e-01  9.080e-01  9.080e-01  9.080e-01  9.080e-01 	
 8.935e-01  8.935e-01  8.935e-01  8.935e-01  8.935e-01  8.935e-01  8.935e-01  8.935e-01  8.935e-01  8.935e-01  8.935e-01  8.935e-01  8.935e-01  8.935e-01  8.935e-01  8.935e-01  8.935e-01  8.935e-01  8.935e-01  8.935e-01  8.935e-01  8.935e-01  8.935e-01  8.935e-01  8.935e-01  8.935e-01  8.935e-01  8.935e-01  8.935e-01  8.935e-01  8.935e-01  8.935e-01  8.935e-01  8.935e-01  8.935e-01  8.935e-01  8.935e-01  8.935e-01  8.935e-01  8.935e-01  8.935e-01  8.935e-01  8.935e-01  8.935e-01  8.935e-01  8.935e-01  8.935e-01  8.935e-01  8.935e-01  8.935e-01 	
 8.878e-01  8.878e-01  8.878e-01  8.878e-01  8.878e-01  8.878e-01  8.878e-01  8.878e-01  8.878e-01  8.878e-01  8.878e-01  8.878e-01  8.878e-01  8.878e-01  8.878e-01  8.878e-01  8.878e-01  8.878e-01  8.878e-01  8.878e-01  8.878e-01  8.878e-01  8.878e-01  8.878e-01  8.878e-01  8.878e-01  8.878e-01  8.878e-01  8.878e-01  8.878e-01  8.878e-01  8.878e-01  8.878e-01  8.878e-01  8.878e-01  8.878e-01  8.878e-01  8.878e-01  8.878e-01  8.878e-01  8.878e-01  8.878e-01  8.878e-01  8.878e-01  8.878e-01  8.878e-01  8.878e-01  8.878e-01  8.878e-01  8.878e-01 	
 8.721e-01  8.721e-01  8.721e-01  8.721e-01  8.721e-01  8.721e-01  8.721e-01  8.721e-01  8.721e-01  8.721e-01  8.721e-01  8.721e-01  8.721e-01  8.721e-01  8.721e-01  8.721e-01  8.721e-01  8.721e-01  8.721e-01  8.721e-01  8.721e-01  8.721e-01  8.721e-01  8.721e-01  8.721e-01  8.721e-01  8.721e-01  8.721e-01  8.721e-01  8.721e-01  8.721e-01  8.721e-01  8.721e-01  8.721e-01  8.721e-01  8.721e-01  8.721e-01  8.721e-01  8.721e-01  8.721e-01  8.721e-01  8.721e-01  8.721e-01  8.721e-01  8.721e-01  8.721e-01  8.721e-01  8.721e-01  8.721e-01  8.721e-01 	
 8.618e-01  8.618e-01  8.618e-01  8.618e-01  8.618e-01  8.618e-01  8.618e-01  8.618e-01  8.618e-01  8.618e-01  8.618e-01  8.618e-01  8.618e-01  8.618e-01  8.618e-01  8.618e-01  8.618e-01  8.618e-01  8.618e-01  8.618e-01  8.618e-01  8.618e-01  8.618e-01  8.618e-01  8.618e-01  8.618e-01  8.618e-01  8.618e-01  8.618e-01  8.618e-01  8.618e-01  8.618e-01  8.618e-01  8.618e-01  8.618e-01  8.618e-01  8.618e-01  8.618e-01  8.618e-01  8.618e-01  8.618e-01  8.618e-01  8.618e-01  8.618e-01  8.618e-01  8.618e-01  8.618e-01  8.618e-01  8.618e-01  8.618e-01 	
 8.390e-01  8.390e-01  8.390e-01  8.390e-01  8.390e-01  8.390e-01  8.390e-01  8.390e-01  8.390e-01  8.390e-01  8.390e-01  8.390e-01  8.390e-01  8.390e-01  8.390e-01  8.390e-01  8.390e-01  8.390e-01  8.390e-01  8.390e-01  8.390e-01  8.390e-01  8.390e-01  8.390e-01  8.390e-01  8.390e-01  8.390e-01  8.390e-01  8.390e-01  8.390e-01  8.390e-01  8.390e-01  8.390e-01  8.390e-01  8.390e-01  8.390e-01  8.390e-01  8.390e-01  8.390e-01  8.390e-01  8.390e-01  8.390e-01  8.390e-01  8.390e-01  8.390e-01  8.390e-01  8.390e-01  8.390e-01  8.390e-01  8.390e-01 	
 8.241e-01  8.241e-01  8.241e-01  8.241e-01  8.241e-01  8.241e-01  8.241e-01  8.241e-01  8.241e-01  8.241e-01  8.241e-01  8.241e-01  8.241e-01  8.241e-01  8.241e-01  8.241e-01  8.241e-01  8.241e-01  8.241e-01  8.241e-01  8.241e-01  8.241e-01  8.241e-01  8.241e-01  8.241e-01  8.241e-01  8.241e-01  8.241e-01  8.241e-01  8.241e-01  8.241e-01  8.241e-01  8.241e-01  8.241e-01  8.241e-01  8.241e-01  8.241e-01  8.241e-01  8.241e-01  8.241e-01  8.241e-01  8.241e-01  8.241e-01  8.241e-01  8.241e-01  8.241e-01  8.241e-01  8.241e-01  8.241e-01  8.241e-01 	
 8.077e-01  8.077e-01  8.077e-01  8.077e-01  8.077e-01  8.077e-01  8.077e-01  8.077e-01  8.077e-01  8.077e-01  8.077e-01  8.077e-01  8.077e-01  8.077e-01  8.077e-01  8.077e-01  8.077e-01  8.077e-01  8.077e-01  8.077e-01  8.077e-01  8.077e-01  8.077e-01  8.077e-01  8.077e-01  8.077e-01  8.077e-01  8.077e-01  8.077e-01  8.077e-01  8.077e-01  8.077e-01  8.077e-01  8.077e-01  8.077e-01  8.077e-01  8.077e-01  8.077e-01  8.077e-01  8.077e-01  8.077e-01  8.077e-01  8.077e-01  8.077e-01  8.077e-01  8.077e-01  8.077e-01  8.077e-01  8.077e-01  8.077e-01 	
 7.936e-01  7.936e-01  7.936e-01  7.936e-01  7.936e-01  7.936e-01  7.936e-01  7.936e-01  7.936e-01  7.936e-01  7.936e-01  7.936e-01  7.936e-01  7.936e-01  7.936e-01  7.936e-01  7.936e-01  7.936e-01  7.936e-01  7.936e-01  7.936e-01  7.936e-01  7.936e-01  7.936e-01  7.936e-01  7.936e-01  7.936e-01  7.936e-01  7.936e-01  7.936e-01  7.936e-01  7.936e-01  7.936e-01  7.936e-01  7.936e-01  7.936e-01  7.936e-01  7.936e-01  7.936e-01  7.936e-01  7.936e-01  7.936e-01  7.936e-01  7.936e-01  7.936e-01  7.936e-01  7.936e-01  7.936e-01  7.936e-01  7.936e-01 	
 7.731e-01  7.731e-01  7.731e-01  7.731e-01  7.731e-01  7.731e-01  7.731e-01  7.731e-01  7.731e-01  7.731e-01  7.731e-01  7.731e-01  7.731e-01  7.731e-01  7.731e-01  7.731e-01  7.731e-01  7.731e-01  7.731e-01  7.731e-01  7.731e-01  7.731e-01  7.731e-01  7.731e-01  7.731e-01  7.731e-01  7.731e-01  7.731e-01  7.731e-01  7.731e-01  7.731e-01  7.731e-01  7.731e-01  7.731e-01  7.731e-01  7.731e-01  7.731e-01  7.731e-01  7.731e-01  7.731e-01  7.731e-01  7.731e-01  7.731e-01  7.731e-01  7.731e-01  7.731e-01  7.731e-01  7.731e-01  7.731e-01  7.731e-01 	
 7.557e-01  7.557e-01  7.557e-01  7.557e-01  7.557e-01  7.557e-01  7.557e-01  7.557e-01  7.557e-01  7.557e-01  7.557e-01  7.557e-01  7.557e-01  7.557e-01  7.557e-01  7.557e-01  7.557e-01  7.557e-01  7.557e-01  7.557e-01  7.557e-01  7.557e-01  7.557e-01  7.557e-01  7.557e-01  7.557e-01  7.557e-01  7.557e-01  7.557e-01  7.557e-01  7.557e-01  7.557e-01  7.557e-01  7.557e-01  7.557e-01  7.557e-01  7.557e-01  7.557e-01  7.557e-01  7.557e-01  7.557e-01  7.557e-01  7.557e-01  7.557e-01  7.557e-01  7.557e-01  7.557e-01  7.557e-01  7.557e-01  7.557e-01 	
 7.397e-01  7.397e-01  7.397e-01  7.397e-01  7.397e-01  7.397e-01  7.397e-01  7.397e-01  7.397e-01  7.397e-01  7.397e-01  7.397e-01  7.397e-01  7.397e-01  7.397e-01  7.397e-01  7.397e-01  7.397e-01  7.397e-01  7.397e-01  7.397e-01  7.397e-01  7.397e-01  7.397e-01  7.397e-01  7.397e-01  7.397e-01  7.397e-01  7.397e-01  7.397e-01  7.397e-01  7.397e-01  7.397e-01  7.397e-01  7.397e-01  7.397e-01  7.397e-01  7.397e-01  7.397e-01  7.397e-01  7.397e-01  7.397e-01  7.397e-01  7.397e-01  7.397e-01  7.397e-01  7.397e-01  7.397e-01  7.397e-01  7.397e-01 	
