 9.958e-01  9.958e-01  9.958e-01  9.958e-01  9.958e-01  9.958e-01  9.958e-01  9.958e-01  9.958e-01  9.958e-01  9.958e-01  9.958e-01  9.958e-01  9.958e-01  9.958e-01  9.958e-01  9.958e-01  9.958e-01  9.958e-01  9.958e-01  9.958e-01  9.958e-01  9.958e-01  9.958e-01  9.958e-01  9.958e-01  9.958e-01  9.958e-01  9.958e-01  9.958e-01  9.958e-01  9.958e-01  9.958e-01  9.958e-01  9.958e-01  9.958e-01  9.958e-01  9.958e-01  9.958e-01  9.958e-01  9.958e-01  9.958e-01  9.958e-01  9.958e-01  9.958e-01  9.958e-01  9.958e-01  9.958e-01  9.958e-01  9.958e-01 	
 9.732e-01  9.732e-01  9.732e-01  9.732e-01  9.732e-01  9.732e-01  9.732e-01  9.732e-01  9.732e-01  9.732e-01  9.732e-01  9.732e-01  9.732e-01  9.732e-01  9.732e-01  9.732e-01  9.732e-01  9.732e-01  9.732e-01  9.732e-01  9.732e-01  9.732e-01  9.732e-01  9.732e-01  9.732e-01  9.732e-01  9.732e-01  9.732e-01  9.732e-01  9.732e-01  9.732e-01  9.732e-01  9.732e-01  9.732e-01  9.732e-01  9.732e-01  9.732e-01  9.732e-01  9.732e-01  9.732e-01  9.732e-01  9.732e-01  9.732e-01  9.732e-01  9.732e-01  9.732e-01  9.732e-01  9.732e-01  9.732e-01  9.732e-01 	
 9.858e-01  9.858e-01  9.858e-01  9.858e-01  9.858e-01  9.858e-01  9.858e-01  9.858e-01  9.858e-01  9.858e-01  9.858e-01  9.858e-01  9.858e-01  9.858e-01  9.858e-01  9.858e-01  9.858e-01  9.858e-01  9.858e-01  9.858e-01  9.858e-01  9.858e-01  9.858e-01  9.858e-01  9.858e-01  9.858e-01  9.858e-01  9.858e-01  9.858e-01  9.858e-01  9.858e-01  9.858e-01  9.858e-01  9.858e-01  9.858e-01  9.858e-01  9.858e-01  9.858e-01  9.858e-01  9.858e-01  9.858e-01  9.858e-01  9.858e-01  9.858e-01  9.858e-01  9.858e-01  9.858e-01  9.858e-01  9.858e-01  9.858e-01 	
 9.337e-01  9.337e-01  9.337e-01  9.337e-01  9.337e-01  9.337e-01  9.337e-01  9.337e-01  9.337e-01  9.337e-01  9.337e-01  9.337e-01  9.337e-01  9.337e-01  9.337e-01  9.337e-01  9.337e-01  9.337e-01  9.337e-01  9.337e-01  9.337e-01  9.337e-01  9.337e-01  9.337e-01  9.337e-01  9.337e-01  9.337e-01  9.337e-01  9.337e-01  9.337e-01  9.337e-01  9.337e-01  9.337e-01  9.337e-01  9.337e-01  9.337e-01  9.337e-01  9.337e-01  9.337e-01  9.337e-01  9.337e-01  9.337e-01  9.337e-01  9.337e-01  9.337e-01  9.337e-01  9.337e-01  9.337e-01  9.337e-01  9.337e-01 	
 9.674e-01  9.674e-01  9.674e-01  9.674e-01  9.674e-01  9.674e-01  9.674e-01  9.674e-01  9.674e-01  9.674e-01  9.674e-01  9.674e-01  9.674e-01  9.674e-01  9.674e-01  9.674e-01  9.674e-01  9.674e-01  9.674e-01  9.674e-01  9.674e-01  9.674e-01  9.674e-01  9.674e-01  9.674e-01  9.674e-01  9.674e-01  9.674e-01  9.674e-01  9.674e-01  9.674e-01  9.674e-01  9.674e-01  9.674e-01  9.674e-01  9.674e-01  9.674e-01  9.674e-01  9.674e-01  9.674e-01  9.674e-01  9.674e-01  9.674e-01  9.674e-01  9.674e-01  9.674e-01  9.674e-01  9.674e-01  9.674e-01  9.674e-01 	
 9.807e-01  9.807e-01  9.807e-01  9.807e-01  9.807e-01  9.807e-01  9.807e-01  9.807e-01  9.807e-01  9.807e-01  9.807e-01  9.807e-01  9.807e-01  9.807e-01  9.807e-01  9.807e-01  9.807e-01  9.807e-01  9.807e-01  9.807e-01  9.807e-01  9.807e-01  9.807e-01  9.807e-01  9.807e-01  9.807e-01  9.807e-01  9.807e-01  9.807e-01  9.807e-01  9.807e-01  9.807e-01  9.807e-01  9.807e-01  9.807e-01  9.807e-01  9.807e-01  9.807e-01  9.807e-01  9.807e-01  9.807e-01  9.807e-01  9.807e-01  9.807e-01  9.807e-01  9.807e-01  9.807e-01  9.807e-01  9.807e-01  9.807e-01 	
 9.839e-01  9.839e-01  9.839e-01  9.839e-01  9.839e-01  9.839e-01  9.839e-01  9.839e-01  9.839e-01  9.839e-01  9.839e-01  9.839e-01  9.839e-01  9.839e-01  9.839e-01  9.839e-01  9.839e-01  9.839e-01  9.839e-01  9.839e-01  9.839e-01  9.839e-01  9.839e-01  9.839e-01  9.839e-01  9.839e-01  9.839e-01  9.839e-01  9.839e-01  9.839e-01  9.839e-01  9.839e-01  9.839e-01  9.839e-01  9.839e-01  9.839e-01  9.839e-01  9.839e-01  9.839e-01  9.839e-01  9.839e-01  9.839e-01  9.839e-01  9.839e-01  9.839e-01  9.839e-01  9.839e-01  9.839e-01  9.839e-01  9.839e-01 	
 9.769e-01  9.769e-01  9.769e-01  9.769e-01  9.769e-01  9.769e-01  9.769e-01  9.769e-01  9.769e-01  9.769e-01  9.769e-01  9.769e-01  9.769e-01  9.769e-01  9.769e-01  9.769e-01  9.769e-01  9.769e-01  9.769e-01  9.769e-01  9.769e-01  9.769e-01  9.769e-01  9.769e-01  9.769e-01  9.769e-01  9.769e-01  9.769e-01  9.769e-01  9.769e-01  9.769e-01  9.769e-01  9.769e-01  9.769e-01  9.769e-01  9.769e-01  9.769e-01  9.769e-01  9.769e-01  9.769e-01  9.769e-01  9.769e-01  9.769e-01  9.769e-01  9.769e-01  9.769e-01  9.769e-01  9.769e-01  9.769e-01  9.769e-01 	
 9.282e-01  9.282e-01  9.282e-01  9.282e-01  9.282e-01  9.282e-01  9.282e-01  9.282e-01  9.282e-01  9.282e-01  9.282e-01  9.282e-01  9.282e-01  9.282e-01  9.282e-01  9.282e-01  9.282e-01  9.282e-01  9.282e-01  9.282e-01  9.282e-01  9.282e-01  9.282e-01  9.282e-01  9.282e-01  9.282e-01  9.282e-01  9.282e-01  9.282e-01  9.282e-01  9.282e-01  9.282e-01  9.282e-01  9.282e-01  9.282e-01  9.282e-01  9.282e-01  9.282e-01  9.282e-01  9.282e-01  9.282e-01  9.282e-01  9.282e-01  9.282e-01  9.282e-01  9.282e-01  9.282e-01  9.282e-01  9.282e-01  9.282e-01 	
 9.785e-01  9.785e-01  9.785e-01  9.785e-01  9.785e-01  9.785e-01  9.785e-01  9.785e-01  9.785e-01  9.785e-01  9.785e-01  9.785e-01  9.785e-01  9.785e-01  9.785e-01  9.785e-01  9.785e-01  9.785e-01  9.785e-01  9.785e-01  9.785e-01  9.785e-01  9.785e-01  9.785e-01  9.785e-01  9.785e-01  9.785e-01  9.785e-01  9.785e-01  9.785e-01  9.785e-01  9.785e-01  9.785e-01  9.785e-01  9.785e-01  9.785e-01  9.785e-01  9.785e-01  9.785e-01  9.785e-01  9.785e-01  9.785e-01  9.785e-01  9.785e-01  9.785e-01  9.785e-01  9.785e-01  9.785e-01  9.785e-01  9.785e-01 	
 9.518e-01  9.518e-01  9.518e-01  9.518e-01  9.518e-01  9.518e-01  9.518e-01  9.518e-01  9.518e-01  9.518e-01  9.518e-01  9.518e-01  9.518e-01  9.518e-01  9.518e-01  9.518e-01  9.518e-01  9.518e-01  9.518e-01  9.518e-01  9.518e-01  9.518e-01  9.518e-01  9.518e-01  9.518e-01  9.518e-01  9.518e-01  9.518e-01  9.518e-01  9.518e-01  9.518e-01  9.518e-01  9.518e-01  9.518e-01  9.518e-01  9.518e-01  9.518e-01  9.518e-01  9.518e-01  9.518e-01  9.518e-01  9.518e-01  9.518e-01  9.518e-01  9.518e-01  9.518e-01  9.518e-01  9.518e-01  9.518e-01  9.518e-01 	
 9.519e-01  9.519e-01  9.519e-01  9.519e-01  9.519e-01  9.519e-01  9.519e-01  9.519e-01  9.519e-01  9.519e-01  9.519e-01  9.519e-01  9.519e-01  9.519e-01  9.519e-01  9.519e-01  9.519e-01  9.519e-01  9.519e-01  9.519e-01  9.519e-01  9.519e-01  9.519e-01  9.519e-01  9.519e-01  9.519e-01  9.519e-01  9.519e-01  9.519e-01  9.519e-01  9.519e-01  9.519e-01  9.519e-01  9.519e-01  9.519e-01  9.519e-01  9.519e-01  9.519e-01  9.519e-01  9.519e-01  9.519e-01  9.519e-01  9.519e-01  9.519e-01  9.519e-01  9.519e-01  9.519e-01  9.519e-01  9.519e-01  9.519e-01 	
 9.461e-01  9.461e-01  9.461e-01  9.461e-01  9.461e-01  9.461e-01  9.461e-01  9.461e-01  9.461e-01  9.461e-01  9.461e-01  9.461e-01  9.461e-01  9.461e-01  9.461e-01  9.461e-01  9.461e-01  9.461e-01  9.461e-01  9.461e-01  9.461e-01  9.461e-01  9.461e-01  9.461e-01  9.461e-01  9.461e-01  9.461e-01  9.461e-01  9.461e-01  9.461e-01  9.461e-01  9.461e-01  9.461e-01  9.461e-01  9.461e-01  9.461e-01  9.461e-01  9.461e-01  9.461e-01  9.461e-01  9.461e-01  9.461e-01  9.461e-01  9.461e-01  9.461e-01  9.461e-01  9.461e-01  9.461e-01  9.461e-01  9.461e-01 	
 9.560e-01  9.560e-01  9.560e-01  9.560e-01  9.560e-01  9.560e-01  9.560e-01  9.560e-01  9.560e-01  9.560e-01  9.560e-01  9.560e-01  9.560e-01  9.560e-01  9.560e-01  9.560e-01  9.560e-01  9.560e-01  9.560e-01  9.560e-01  9.560e-01  9.560e-01  9.560e-01  9.560e-01  9.560e-01  9.560e-01  9.560e-01  9.560e-01  9.560e-01  9.560e-01  9.560e-01  9.560e-01  9.560e-01  9.560e-01  9.560e-01  9.560e-01  9.560e-01  9.560e-01  9.560e-01  9.560e-01  9.560e-01  9.560e-01  9.560e-01  9.560e-01  9.560e-01  9.560e-01  9.560e-01  9.560e-01  9.560e-01  9.560e-01 	
 9.475e-01  9.475e-01  9.475e-01  9.475e-01  9.475e-01  9.475e-01  9.475e-01  9.475e-01  9.475e-01  9.475e-01  9.475e-01  9.475e-01  9.475e-01  9.475e-01  9.475e-01  9.475e-01  9.475e-01  9.475e-01  9.475e-01  9.475e-01  9.475e-01  9.475e-01  9.475e-01  9.475e-01  9.475e-01  9.475e-01  9.475e-01  9.475e-01  9.475e-01  9.475e-01  9.475e-01  9.475e-01  9.475e-01  9.475e-01  9.475e-01  9.475e-01  9.475e-01  9.475e-01  9.475e-01  9.475e-01  9.475e-01  9.475e-01  9.475e-01  9.475e-01  9.475e-01  9.475e-01  9.475e-01  9.475e-01  9.475e-01  9.475e-01 	
 9.190e-01  9.190e-01  9.190e-01  9.190e-01  9.190e-01  9.190e-01  9.190e-01  9.190e-01  9.190e-01  9.190e-01  9.190e-01  9.190e-01  9.190e-01  9.190e-01  9.190e-01  9.190e-01  9.190e-01  9.190e-01  9.190e-01  9.190e-01  9.190e-01  9.190e-01  9.190e-01  9.190e-01  9.190e-01  9.190e-01  9.190e-01  9.190e-01  9.190e-01  9.190e-01  9.190e-01  9.190e-01  9.190e-01  9.190e-01  9.190e-01  9.190e-01  9.190e-01  9.190e-01  9.190e-01  9.190e-01  9.190e-01  9.190e-01  9.190e-01  9.190e-01  9.190e-01  9.190e-01  9.190e-01  9.190e-01  9.190e-01  9.190e-01 	
 8.926e-01  8.926e-01  8.926e-01  8.926e-01  8.926e-01  8.926e-01  8.926e-01  8.926e-01  8.926e-01  8.926e-01  8.926e-01  8.926e-01  8.926e-01  8.926e-01  8.926e-01  8.926e-01  8.926e-01  8.926e-01  8.926e-01  8.926e-01  8.926e-01  8.926e-01  8.926e-01  8.926e-01  8.926e-01  8.926e-01  8.926e-01  8.926e-01  8.926e-01  8.926e-01  8.926e-01  8.926e-01  8.926e-01  8.926e-01  8.926e-01  8.926e-01  8.926e-01  8.926e-01  8.926e-01  8.926e-01  8.926e-01  8.926e-01  8.926e-01  8.926e-01  8.926e-01  8.926e-01  8.926e-01  8.926e-01  8.926e-01  8.926e-01 	
 9.439e-01  9.439e-01  9.439e-01  9.439e-01  9.439e-01  9.439e-01  9.439e-01  9.439e-01  9.439e-01  9.439e-01  9.439e-01  9.439e-01  9.439e-01  9.439e-01  9.439e-01  9.439e-01  9.439e-01  9.439e-01  9.439e-01  9.439e-01  9.439e-01  9.439e-01  9.439e-01  9.439e-01  9.439e-01  9.439e-01  9.439e-01  9.439e-01  9.439e-01  9.439e-01  9.439e-01  9.439e-01  9.439e-01  9.439e-01  9.439e-01  9.439e-01  9.439e-01  9.439e-01  9.439e-01  9.439e-01  9.439e-01  9.439e-01  9.439e-01  9.439e-01  9.439e-01  9.439e-01  9.439e-01  9.439e-01  9.439e-01  9.439e-01 	
 9.238e-01  9.238e-01  9.238e-01  9.238e-01  9.238e-01  9.238e-01  9.238e-01  9.238e-01  9.238e-01  9.238e-01  9.238e-01  9.238e-01  9.238e-01  9.238e-01  9.238e-01  9.238e-01  9.238e-01  9.238e-01  9.238e-01  9.238e-01  9.238e-01  9.238e-01  9.238e-01  9.238e-01  9.238e-01  9.238e-01  9.238e-01  9.238e-01  9.238e-01  9.238e-01  9.238e-01  9.238e-01  9.238e-01  9.238e-01  9.238e-01  9.238e-01  9.238e-01  9.238e-01  9.238e-01  9.238e-01  9.238e-01  9.238e-01  9.238e-01  9.238e-01  9.238e-01  9.238e-01  9.238e-01  9.238e-01  9.238e-01  9.238e-01 	
 9.190e-01  9.190e-01  9.190e-01  9.190e-01  9.190e-01  9.190e-01  9.190e-01  9.190e-01  9.190e-01  9.190e-01  9.190e-01  9.190e-01  9.190e-01  9.190e-01  9.190e-01  9.190e-01  9.190e-01  9.190e-01  9.190e-01  9.190e-01  9.190e-01  9.190e-01  9.190e-01  9.190e-01  9.190e-01  9.190e-01  9.190e-01  9.190e-01  9.190e-01  9.190e-01  9.190e-01  9.190e-01  9.190e-01  9.190e-01  9.190e-01  9.190e-01  9.190e-01  9.190e-01  9.190e-01  9.190e-01  9.190e-01  9.190e-01  9.190e-01  9.190e-01  9.190e-01  9.190e-01  9.190e-01  9.190e-01  9.190e-01  9.190e-01 	
 8.913e-01  8.913e-01  8.913e-01  8.913e-01  8.913e-01  8.913e-01  8.913e-01  8.913e-01  8.913e-01  8.913e-01  8.913e-01  8.913e-01  8.913e-01  8.913e-01  8.913e-01  8.913e-01  8.913e-01  8.913e-01  8.913e-01  8.913e-01  8.913e-01  8.913e-01  8.913e-01  8.913e-01  8.913e-01  8.913e-01  8.913e-01  8.913e-01  8.913e-01  8.913e-01  8.913e-01  8.913e-01  8.913e-01  8.913e-01  8.913e-01  8.913e-01  8.913e-01  8.913e-01  8.913e-01  8.913e-01  8.913e-01  8.913e-01  8.913e-01  8.913e-01  8.913e-01  8.913e-01  8.913e-01  8.913e-01  8.913e-01  8.913e-01 	
 8.971e-01  8.971e-01  8.971e-01  8.971e-01  8.971e-01  8.971e-01  8.971e-01  8.971e-01  8.971e-01  8.971e-01  8.971e-01  8.971e-01  8.971e-01  8.971e-01  8.971e-01  8.971e-01  8.971e-01  8.971e-01  8.971e-01  8.971e-01  8.971e-01  8.971e-01  8.971e-01  8.971e-01  8.971e-01  8.971e-01  8.971e-01  8.971e-01  8.971e-01  8.971e-01  8.971e-01  8.971e-01  8.971e-01  8.971e-01  8.971e-01  8.971e-01  8.971e-01  8.971e-01  8.971e-01  8.971e-01  8.971e-01  8.971e-01  8.971e-01  8.971e-01  8.971e-01  8.971e-01  8.971e-01  8.971e-01  8.971e-01  8.971e-01 	
 8.791e-01  8.791e-01  8.791e-01  8.791e-01  8.791e-01  8.791e-01  8.791e-01  8.791e-01  8.791e-01  8.791e-01  8.791e-01  8.791e-01  8.791e-01  8.791e-01  8.791e-01  8.791e-01  8.791e-01  8.791e-01  8.791e-01  8.791e-01  8.791e-01  8.791e-01  8.791e-01  8.791e-01  8.791e-01  8.791e-01  8.791e-01  8.791e-01  8.791e-01  8.791e-01  8.791e-01  8.791e-01  8.791e-01  8.791e-01  8.791e-01  8.791e-01  8.791e-01  8.791e-01  8.791e-01  8.791e-01  8.791e-01  8.791e-01  8.791e-01  8.791e-01  8.791e-01  8.791e-01  8.791e-01  8.791e-01  8.791e-01  8.791e-01 	
 8.804e-01  8.804e-01  8.804e-01  8.804e-01  8.804e-01  8.804e-01  8.804e-01  8.804e-01  8.804e-01  8.804e-01  8.804e-01  8.804e-01  8.804e-01  8.804e-01  8.804e-01  8.804e-01  8.804e-01  8.804e-01  8.804e-01  8.804e-01  8.804e-01  8.804e-01  8.804e-01  8.804e-01  8.804e-01  8.804e-01  8.804e-01  8.804e-01  8.804e-01  8.804e-01  8.804e-01  8.804e-01  8.804e-01  8.804e-01  8.804e-01  8.804e-01  8.804e-01  8.804e-01  8.804e-01  8.804e-01  8.804e-01  8.804e-01  8.804e-01  8.804e-01  8.804e-01  8.804e-01  8.804e-01  8.804e-01  8.804e-01  8.804e-01 	
 8.648e-01  8.648e-01  8.648e-01  8.648e-01  8.648e-01  8.648e-01  8.648e-01  8.648e-01  8.648e-01  8.648e-01  8.648e-01  8.648e-01  8.648e-01  8.648e-01  8.648e-01  8.648e-01  8.648e-01  8.648e-01  8.648e-01  8.648e-01  8.648e-01  8.648e-01  8.648e-01  8.648e-01  8.648e-01  8.648e-01  8.648e-01  8.648e-01  8.648e-01  8.648e-01  8.648e-01  8.648e-01  8.648e-01  8.648e-01  8.648e-01  8.648e-01  8.648e-01  8.648e-01  8.648e-01  8.648e-01  8.648e-01  8.648e-01  8.648e-01  8.648e-01  8.648e-01  8.648e-01  8.648e-01  8.648e-01  8.648e-01  8.648e-01 	
 8.536e-01  8.536e-01  8.536e-01  8.536e-01  8.536e-01  8.536e-01  8.536e-01  8.536e-01  8.536e-01  8.536e-01  8.536e-01  8.536e-01  8.536e-01  8.536e-01  8.536e-01  8.536e-01  8.536e-01  8.536e-01  8.536e-01  8.536e-01  8.536e-01  8.536e-01  8.536e-01  8.536e-01  8.536e-01  8.536e-01  8.536e-01  8.536e-01  8.536e-01  8.536e-01  8.536e-01  8.536e-01  8.536e-01  8.536e-01  8.536e-01  8.536e-01  8.536e-01  8.536e-01  8.536e-01  8.536e-01  8.536e-01  8.536e-01  8.536e-01  8.536e-01  8.536e-01  8.536e-01  8.536e-01  8.536e-01  8.536e-01  8.536e-01 	
 8.302e-01  8.302e-01  8.302e-01  8.302e-01  8.302e-01  8.302e-01  8.302e-01  8.302e-01  8.302e-01  8.302e-01  8.302e-01  8.302e-01  8.302e-01  8.302e-01  8.302e-01  8.302e-01  8.302e-01  8.302e-01  8.302e-01  8.302e-01  8.302e-01  8.302e-01  8.302e-01  8.302e-01  8.302e-01  8.302e-01  8.302e-01  8.302e-01  8.302e-01  8.302e-01  8.302e-01  8.302e-01  8.302e-01  8.302e-01  8.302e-01  8.302e-01  8.302e-01  8.302e-01  8.302e-01  8.302e-01  8.302e-01  8.302e-01  8.302e-01  8.302e-01  8.302e-01  8.302e-01  8.302e-01  8.302e-01  8.302e-01  8.302e-01 	
 8.184e-01  8.184e-01  8.184e-01  8.184e-01  8.184e-01  8.184e-01  8.184e-01  8.184e-01  8.184e-01  8.184e-01  8.184e-01  8.184e-01  8.184e-01  8.184e-01  8.184e-01  8.184e-01  8.184e-01  8.184e-01  8.184e-01  8.184e-01  8.184e-01  8.184e-01  8.184e-01  8.184e-01  8.184e-01  8.184e-01  8.184e-01  8.184e-01  8.184e-01  8.184e-01  8.184e-01  8.184e-01  8.184e-01  8.184e-01  8.184e-01  8.184e-01  8.184e-01  8.184e-01  8.184e-01  8.184e-01  8.184e-01  8.184e-01  8.184e-01  8.184e-01  8.184e-01  8.184e-01  8.184e-01  8.184e-01  8.184e-01  8.184e-01 	
 7.927e-01  7.927e-01  7.927e-01  7.927e-01  7.927e-01  7.927e-01  7.927e-01  7.927e-01  7.927e-01  7.927e-01  7.927e-01  7.927e-01  7.927e-01  7.927e-01  7.927e-01  7.927e-01  7.927e-01  7.927e-01  7.927e-01  7.927e-01  7.927e-01  7.927e-01  7.927e-01  7.927e-01  7.927e-01  7.927e-01  7.927e-01  7.927e-01  7.927e-01  7.927e-01  7.927e-01  7.927e-01  7.927e-01  7.927e-01  7.927e-01  7.927e-01  7.927e-01  7.927e-01  7.927e-01  7.927e-01  7.927e-01  7.927e-01  7.927e-01  7.927e-01  7.927e-01  7.927e-01  7.927e-01  7.927e-01  7.927e-01  7.927e-01 	
 7.832e-01  7.832e-01  7.832e-01  7.832e-01  7.832e-01  7.832e-01  7.832e-01  7.832e-01  7.832e-01  7.832e-01  7.832e-01  7.832e-01  7.832e-01  7.832e-01  7.832e-01  7.832e-01  7.832e-01  7.832e-01  7.832e-01  7.832e-01  7.832e-01  7.832e-01  7.832e-01  7.832e-01  7.832e-01  7.832e-01  7.832e-01  7.832e-01  7.832e-01  7.832e-01  7.832e-01  7.832e-01  7.832e-01  7.832e-01  7.832e-01  7.832e-01  7.832e-01  7.832e-01  7.832e-01  7.832e-01  7.832e-01  7.832e-01  7.832e-01  7.832e-01  7.832e-01  7.832e-01  7.832e-01  7.832e-01  7.832e-01  7.832e-01 	
 7.638e-01  7.638e-01  7.638e-01  7.638e-01  7.638e-01  7.638e-01  7.638e-01  7.638e-01  7.638e-01  7.638e-01  7.638e-01  7.638e-01  7.638e-01  7.638e-01  7.638e-01  7.638e-01  7.638e-01  7.638e-01  7.638e-01  7.638e-01  7.638e-01  7.638e-01  7.638e-01  7.638e-01  7.638e-01  7.638e-01  7.638e-01  7.638e-01  7.638e-01  7.638e-01  7.638e-01  7.638e-01  7.638e-01  7.638e-01  7.638e-01  7.638e-01  7.638e-01  7.638e-01  7.638e-01  7.638e-01  7.638e-01  7.638e-01  7.638e-01  7.638e-01  7.638e-01  7.638e-01  7.638e-01  7.638e-01  7.638e-01  7.638e-01 	
 7.496e-01  7.496e-01  7.496e-01  7.496e-01  7.496e-01  7.496e-01  7.496e-01  7.496e-01  7.496e-01  7.496e-01  7.496e-01  7.496e-01  7.496e-01  7.496e-01  7.496e-01  7.496e-01  7.496e-01  7.496e-01  7.496e-01  7.496e-01  7.496e-01  7.496e-01  7.496e-01  7.496e-01  7.496e-01  7.496e-01  7.496e-01  7.496e-01  7.496e-01  7.496e-01  7.496e-01  7.496e-01  7.496e-01  7.496e-01  7.496e-01  7.496e-01  7.496e-01  7.496e-01  7.496e-01  7.496e-01  7.496e-01  7.496e-01  7.496e-01  7.496e-01  7.496e-01  7.496e-01  7.496e-01  7.496e-01  7.496e-01  7.496e-01 	
 7.268e-01  7.268e-01  7.268e-01  7.268e-01  7.268e-01  7.268e-01  7.268e-01  7.268e-01  7.268e-01  7.268e-01  7.268e-01  7.268e-01  7.268e-01  7.268e-01  7.268e-01  7.268e-01  7.268e-01  7.268e-01  7.268e-01  7.268e-01  7.268e-01  7.268e-01  7.268e-01  7.268e-01  7.268e-01  7.268e-01  7.268e-01  7.268e-01  7.268e-01  7.268e-01  7.268e-01  7.268e-01  7.268e-01  7.268e-01  7.268e-01  7.268e-01  7.268e-01  7.268e-01  7.268e-01  7.268e-01  7.268e-01  7.268e-01  7.268e-01  7.268e-01  7.268e-01  7.268e-01  7.268e-01  7.268e-01  7.268e-01  7.268e-01 	
 7.170e-01  7.170e-01  7.170e-01  7.170e-01  7.170e-01  7.170e-01  7.170e-01  7.170e-01  7.170e-01  7.170e-01  7.170e-01  7.170e-01  7.170e-01  7.170e-01  7.170e-01  7.170e-01  7.170e-01  7.170e-01  7.170e-01  7.170e-01  7.170e-01  7.170e-01  7.170e-01  7.170e-01  7.170e-01  7.170e-01  7.170e-01  7.170e-01  7.170e-01  7.170e-01  7.170e-01  7.170e-01  7.170e-01  7.170e-01  7.170e-01  7.170e-01  7.170e-01  7.170e-01  7.170e-01  7.170e-01  7.170e-01  7.170e-01  7.170e-01  7.170e-01  7.170e-01  7.170e-01  7.170e-01  7.170e-01  7.170e-01  7.170e-01 	
 6.998e-01  6.998e-01  6.998e-01  6.998e-01  6.998e-01  6.998e-01  6.998e-01  6.998e-01  6.998e-01  6.998e-01  6.998e-01  6.998e-01  6.998e-01  6.998e-01  6.998e-01  6.998e-01  6.998e-01  6.998e-01  6.998e-01  6.998e-01  6.998e-01  6.998e-01  6.998e-01  6.998e-01  6.998e-01  6.998e-01  6.998e-01  6.998e-01  6.998e-01  6.998e-01  6.998e-01  6.998e-01  6.998e-01  6.998e-01  6.998e-01  6.998e-01  6.998e-01  6.998e-01  6.998e-01  6.998e-01  6.998e-01  6.998e-01  6.998e-01  6.998e-01  6.998e-01  6.998e-01  6.998e-01  6.998e-01  6.998e-01  6.998e-01 	
 6.861e-01  6.861e-01  6.861e-01  6.861e-01  6.861e-01  6.861e-01  6.861e-01  6.861e-01  6.861e-01  6.861e-01  6.861e-01  6.861e-01  6.861e-01  6.861e-01  6.861e-01  6.861e-01  6.861e-01  6.861e-01  6.861e-01  6.861e-01  6.861e-01  6.861e-01  6.861e-01  6.861e-01  6.861e-01  6.861e-01  6.861e-01  6.861e-01  6.861e-01  6.861e-01  6.861e-01  6.861e-01  6.861e-01  6.861e-01  6.861e-01  6.861e-01  6.861e-01  6.861e-01  6.861e-01  6.861e-01  6.861e-01  6.861e-01  6.861e-01  6.861e-01  6.861e-01  6.861e-01  6.861e-01  6.861e-01  6.861e-01  6.861e-01 	
 6.731e-01  6.731e-01  6.731e-01  6.731e-01  6.731e-01  6.731e-01  6.731e-01  6.731e-01  6.731e-01  6.731e-01  6.731e-01  6.731e-01  6.731e-01  6.731e-01  6.731e-01  6.731e-01  6.731e-01  6.731e-01  6.731e-01  6.731e-01  6.731e-01  6.731e-01  6.731e-01  6.731e-01  6.731e-01  6.731e-01  6.731e-01  6.731e-01  6.731e-01  6.731e-01  6.731e-01  6.731e-01  6.731e-01  6.731e-01  6.731e-01  6.731e-01  6.731e-01  6.731e-01  6.731e-01  6.731e-01  6.731e-01  6.731e-01  6.731e-01  6.731e-01  6.731e-01  6.731e-01  6.731e-01  6.731e-01  6.731e-01  6.731e-01 	
 6.636e-01  6.636e-01  6.636e-01  6.636e-01  6.636e-01  6.636e-01  6.636e-01  6.636e-01  6.636e-01  6.636e-01  6.636e-01  6.636e-01  6.636e-01  6.636e-01  6.636e-01  6.636e-01  6.636e-01  6.636e-01  6.636e-01  6.636e-01  6.636e-01  6.636e-01  6.636e-01  6.636e-01  6.636e-01  6.636e-01  6.636e-01  6.636e-01  6.636e-01  6.636e-01  6.636e-01  6.636e-01  6.636e-01  6.636e-01  6.636e-01  6.636e-01  6.636e-01  6.636e-01  6.636e-01  6.636e-01  6.636e-01  6.636e-01  6.636e-01  6.636e-01  6.636e-01  6.636e-01  6.636e-01  6.636e-01  6.636e-01  6.636e-01 	
 6.556e-01  6.556e-01  6.556e-01  6.556e-01  6.556e-01  6.556e-01  6.556e-01  6.556e-01  6.556e-01  6.556e-01  6.556e-01  6.556e-01  6.556e-01  6.556e-01  6.556e-01  6.556e-01  6.556e-01  6.556e-01  6.556e-01  6.556e-01  6.556e-01  6.556e-01  6.556e-01  6.556e-01  6.556e-01  6.556e-01  6.556e-01  6.556e-01  6.556e-01  6.556e-01  6.556e-01  6.556e-01  6.556e-01  6.556e-01  6.556e-01  6.556e-01  6.556e-01  6.556e-01  6.556e-01  6.556e-01  6.556e-01  6.556e-01  6.556e-01  6.556e-01  6.556e-01  6.556e-01  6.556e-01  6.556e-01  6.556e-01  6.556e-01 	
 6.488e-01  6.488e-01  6.488e-01  6.488e-01  6.488e-01  6.488e-01  6.488e-01  6.488e-01  6.488e-01  6.488e-01  6.488e-01  6.488e-01  6.488e-01  6.488e-01  6.488e-01  6.488e-01  6.488e-01  6.488e-01  6.488e-01  6.488e-01  6.488e-01  6.488e-01  6.488e-01  6.488e-01  6.488e-01  6.488e-01  6.488e-01  6.488e-01  6.488e-01  6.488e-01  6.488e-01  6.488e-01  6.488e-01  6.488e-01  6.488e-01  6.488e-01  6.488e-01  6.488e-01  6.488e-01  6.488e-01  6.488e-01  6.488e-01  6.488e-01  6.488e-01  6.488e-01  6.488e-01  6.488e-01  6.488e-01  6.488e-01  6.488e-01 	
 6.439e-01  6.439e-01  6.439e-01  6.439e-01  6.439e-01  6.439e-01  6.439e-01  6.439e-01  6.439e-01  6.439e-01  6.439e-01  6.439e-01  6.439e-01  6.439e-01  6.439e-01  6.439e-01  6.439e-01  6.439e-01  6.439e-01  6.439e-01  6.439e-01  6.439e-01  6.439e-01  6.439e-01  6.439e-01  6.439e-01  6.439e-01  6.439e-01  6.439e-01  6.439e-01  6.439e-01  6.439e-01  6.439e-01  6.439e-01  6.439e-01  6.439e-01  6.439e-01  6.439e-01  6.439e-01  6.439e-01  6.439e-01  6.439e-01  6.439e-01  6.439e-01  6.439e-01  6.439e-01  6.439e-01  6.439e-01  6.439e-01  6.439e-01 	
 6.403e-01  6.403e-01  6.403e-01  6.403e-01  6.403e-01  6.403e-01  6.403e-01  6.403e-01  6.403e-01  6.403e-01  6.403e-01  6.403e-01  6.403e-01  6.403e-01  6.403e-01  6.403e-01  6.403e-01  6.403e-01  6.403e-01  6.403e-01  6.403e-01  6.403e-01  6.403e-01  6.403e-01  6.403e-01  6.403e-01  6.403e-01  6.403e-01  6.403e-01  6.403e-01  6.403e-01  6.403e-01  6.403e-01  6.403e-01  6.403e-01  6.403e-01  6.403e-01  6.403e-01  6.403e-01  6.403e-01  6.403e-01  6.403e-01  6.403e-01  6.403e-01  6.403e-01  6.403e-01  6.403e-01  6.403e-01  6.403e-01  6.403e-01 	
 6.380e-01  6.380e-01  6.380e-01  6.380e-01  6.380e-01  6.380e-01  6.380e-01  6.380e-01  6.380e-01  6.380e-01  6.380e-01  6.380e-01  6.380e-01  6.380e-01  6.380e-01  6.380e-01  6.380e-01  6.380e-01  6.380e-01  6.380e-01  6.380e-01  6.380e-01  6.380e-01  6.380e-01  6.380e-01  6.380e-01  6.380e-01  6.380e-01  6.380e-01  6.380e-01  6.380e-01  6.380e-01  6.380e-01  6.380e-01  6.380e-01  6.380e-01  6.380e-01  6.380e-01  6.380e-01  6.380e-01  6.380e-01  6.380e-01  6.380e-01  6.380e-01  6.380e-01  6.380e-01  6.380e-01  6.380e-01  6.380e-01  6.380e-01 	
 6.368e-01  6.368e-01  6.368e-01  6.368e-01  6.368e-01  6.368e-01  6.368e-01  6.368e-01  6.368e-01  6.368e-01  6.368e-01  6.368e-01  6.368e-01  6.368e-01  6.368e-01  6.368e-01  6.368e-01  6.368e-01  6.368e-01  6.368e-01  6.368e-01  6.368e-01  6.368e-01  6.368e-01  6.368e-01  6.368e-01  6.368e-01  6.368e-01  6.368e-01  6.368e-01  6.368e-01  6.368e-01  6.368e-01  6.368e-01  6.368e-01  6.368e-01  6.368e-01  6.368e-01  6.368e-01  6.368e-01  6.368e-01  6.368e-01  6.368e-01  6.368e-01  6.368e-01  6.368e-01  6.368e-01  6.368e-01  6.368e-01  6.368e-01 	
 6.362e-01  6.362e-01  6.362e-01  6.362e-01  6.362e-01  6.362e-01  6.362e-01  6.362e-01  6.362e-01  6.362e-01  6.362e-01  6.362e-01  6.362e-01  6.362e-01  6.362e-01  6.362e-01  6.362e-01  6.362e-01  6.362e-01  6.362e-01  6.362e-01  6.362e-01  6.362e-01  6.362e-01  6.362e-01  6.362e-01  6.362e-01  6.362e-01  6.362e-01  6.362e-01  6.362e-01  6.362e-01  6.362e-01  6.362e-01  6.362e-01  6.362e-01  6.362e-01  6.362e-01  6.362e-01  6.362e-01  6.362e-01  6.362e-01  6.362e-01  6.362e-01  6.362e-01  6.362e-01  6.362e-01  6.362e-01  6.362e-01  6.362e-01 	
 6.360e-01  6.360e-01  6.360e-01  6.360e-01  6.360e-01  6.360e-01  6.360e-01  6.360e-01  6.360e-01  6.360e-01  6.360e-01  6.360e-01  6.360e-01  6.360e-01  6.360e-01  6.360e-01  6.360e-01  6.360e-01  6.360e-01  6.360e-01  6.360e-01  6.360e-01  6.360e-01  6.360e-01  6.360e-01  6.360e-01  6.360e-01  6.360e-01  6.360e-01  6.360e-01  6.360e-01  6.360e-01  6.360e-01  6.360e-01  6.360e-01  6.360e-01  6.360e-01  6.360e-01  6.360e-01  6.360e-01  6.360e-01  6.360e-01  6.360e-01  6.360e-01  6.360e-01  6.360e-01  6.360e-01  6.360e-01  6.360e-01  6.360e-01 	
 6.359e-01  6.359e-01  6.359e-01  6.359e-01  6.359e-01  6.359e-01  6.359e-01  6.359e-01  6.359e-01  6.359e-01  6.359e-01  6.359e-01  6.359e-01  6.359e-01  6.359e-01  6.359e-01  6.359e-01  6.359e-01  6.359e-01  6.359e-01  6.359e-01  6.359e-01  6.359e-01  6.359e-01  6.359e-01  6.359e-01  6.359e-01  6.359e-01  6.359e-01  6.359e-01  6.359e-01  6.359e-01  6.359e-01  6.359e-01  6.359e-01  6.359e-01  6.359e-01  6.359e-01  6.359e-01  6.359e-01  6.359e-01  6.359e-01  6.359e-01  6.359e-01  6.359e-01  6.359e-01  6.359e-01  6.359e-01  6.359e-01  6.359e-01 	
 6.359e-01  6.359e-01  6.359e-01  6.359e-01  6.359e-01  6.359e-01  6.359e-01  6.359e-01  6.359e-01  6.359e-01  6.359e-01  6.359e-01  6.359e-01  6.359e-01  6.359e-01  6.359e-01  6.359e-01  6.359e-01  6.359e-01  6.359e-01  6.359e-01  6.359e-01  6.359e-01  6.359e-01  6.359e-01  6.359e-01  6.359e-01  6.359e-01  6.359e-01  6.359e-01  6.359e-01  6.359e-01  6.359e-01  6.359e-01  6.359e-01  6.359e-01  6.359e-01  6.359e-01  6.359e-01  6.359e-01  6.359e-01  6.359e-01  6.359e-01  6.359e-01  6.359e-01  6.359e-01  6.359e-01  6.359e-01  6.359e-01  6.359e-01 	
 6.360e-01  6.360e-01  6.360e-01  6.360e-01  6.360e-01  6.360e-01  6.360e-01  6.360e-01  6.360e-01  6.360e-01  6.360e-01  6.360e-01  6.360e-01  6.360e-01  6.360e-01  6.360e-01  6.360e-01  6.360e-01  6.360e-01  6.360e-01  6.360e-01  6.360e-01  6.360e-01  6.360e-01  6.360e-01  6.360e-01  6.360e-01  6.360e-01  6.360e-01  6.360e-01  6.360e-01  6.360e-01  6.360e-01  6.360e-01  6.360e-01  6.360e-01  6.360e-01  6.360e-01  6.360e-01  6.360e-01  6.360e-01  6.360e-01  6.360e-01  6.360e-01  6.360e-01  6.360e-01  6.360e-01  6.360e-01  6.360e-01  6.360e-01 	
 6.360e-01  6.360e-01  6.360e-01  6.360e-01  6.360e-01  6.360e-01  6.360e-01  6.360e-01  6.360e-01  6.360e-01  6.360e-01  6.360e-01  6.360e-01  6.360e-01  6.360e-01  6.360e-01  6.360e-01  6.360e-01  6.360e-01  6.360e-01  6.360e-01  6.360e-01  6.360e-01  6.360e-01  6.360e-01  6.360e-01  6.360e-01  6.360e-01  6.360e-01  6.360e-01  6.360e-01  6.360e-01  6.360e-01  6.360e-01  6.360e-01  6.360e-01  6.360e-01  6.360e-01  6.360e-01  6.360e-01  6.360e-01  6.360e-01  6.360e-01  6.360e-01  6.360e-01  6.360e-01  6.360e-01  6.360e-01  6.360e-01  6.360e-01 	
