 9.291e-01  9.291e-01  9.291e-01  9.291e-01  9.291e-01  9.291e-01  9.291e-01  9.291e-01  9.291e-01  9.291e-01  9.291e-01  9.291e-01  9.291e-01  9.291e-01  9.291e-01  9.291e-01  9.291e-01  9.291e-01  9.291e-01  9.291e-01  9.291e-01  9.291e-01  9.291e-01  9.291e-01  9.291e-01  9.291e-01  9.291e-01  9.291e-01  9.291e-01  9.291e-01  9.291e-01  9.291e-01  9.291e-01  9.291e-01  9.291e-01  9.291e-01  9.291e-01  9.291e-01  9.291e-01  9.291e-01  9.291e-01  9.291e-01  9.291e-01  9.291e-01  9.291e-01  9.291e-01  9.291e-01  9.291e-01  9.291e-01  9.291e-01 	
 9.419e-01  9.419e-01  9.419e-01  9.419e-01  9.419e-01  9.419e-01  9.419e-01  9.419e-01  9.419e-01  9.419e-01  9.419e-01  9.419e-01  9.419e-01  9.419e-01  9.419e-01  9.419e-01  9.419e-01  9.419e-01  9.419e-01  9.419e-01  9.419e-01  9.419e-01  9.419e-01  9.419e-01  9.419e-01  9.419e-01  9.419e-01  9.419e-01  9.419e-01  9.419e-01  9.419e-01  9.419e-01  9.419e-01  9.419e-01  9.419e-01  9.419e-01  9.419e-01  9.419e-01  9.419e-01  9.419e-01  9.419e-01  9.419e-01  9.419e-01  9.419e-01  9.419e-01  9.419e-01  9.419e-01  9.419e-01  9.419e-01  9.419e-01 	
 9.473e-01  9.473e-01  9.473e-01  9.473e-01  9.473e-01  9.473e-01  9.473e-01  9.473e-01  9.473e-01  9.473e-01  9.473e-01  9.473e-01  9.473e-01  9.473e-01  9.473e-01  9.473e-01  9.473e-01  9.473e-01  9.473e-01  9.473e-01  9.473e-01  9.473e-01  9.473e-01  9.473e-01  9.473e-01  9.473e-01  9.473e-01  9.473e-01  9.473e-01  9.473e-01  9.473e-01  9.473e-01  9.473e-01  9.473e-01  9.473e-01  9.473e-01  9.473e-01  9.473e-01  9.473e-01  9.473e-01  9.473e-01  9.473e-01  9.473e-01  9.473e-01  9.473e-01  9.473e-01  9.473e-01  9.473e-01  9.473e-01  9.473e-01 	
 9.508e-01  9.508e-01  9.508e-01  9.508e-01  9.508e-01  9.508e-01  9.508e-01  9.508e-01  9.508e-01  9.508e-01  9.508e-01  9.508e-01  9.508e-01  9.508e-01  9.508e-01  9.508e-01  9.508e-01  9.508e-01  9.508e-01  9.508e-01  9.508e-01  9.508e-01  9.508e-01  9.508e-01  9.508e-01  9.508e-01  9.508e-01  9.508e-01  9.508e-01  9.508e-01  9.508e-01  9.508e-01  9.508e-01  9.508e-01  9.508e-01  9.508e-01  9.508e-01  9.508e-01  9.508e-01  9.508e-01  9.508e-01  9.508e-01  9.508e-01  9.508e-01  9.508e-01  9.508e-01  9.508e-01  9.508e-01  9.508e-01  9.508e-01 	
 9.614e-01  9.614e-01  9.614e-01  9.614e-01  9.614e-01  9.614e-01  9.614e-01  9.614e-01  9.614e-01  9.614e-01  9.614e-01  9.614e-01  9.614e-01  9.614e-01  9.614e-01  9.614e-01  9.614e-01  9.614e-01  9.614e-01  9.614e-01  9.614e-01  9.614e-01  9.614e-01  9.614e-01  9.614e-01  9.614e-01  9.614e-01  9.614e-01  9.614e-01  9.614e-01  9.614e-01  9.614e-01  9.614e-01  9.614e-01  9.614e-01  9.614e-01  9.614e-01  9.614e-01  9.614e-01  9.614e-01  9.614e-01  9.614e-01  9.614e-01  9.614e-01  9.614e-01  9.614e-01  9.614e-01  9.614e-01  9.614e-01  9.614e-01 	
 9.643e-01  9.643e-01  9.643e-01  9.643e-01  9.643e-01  9.643e-01  9.643e-01  9.643e-01  9.643e-01  9.643e-01  9.643e-01  9.643e-01  9.643e-01  9.643e-01  9.643e-01  9.643e-01  9.643e-01  9.643e-01  9.643e-01  9.643e-01  9.643e-01  9.643e-01  9.643e-01  9.643e-01  9.643e-01  9.643e-01  9.643e-01  9.643e-01  9.643e-01  9.643e-01  9.643e-01  9.643e-01  9.643e-01  9.643e-01  9.643e-01  9.643e-01  9.643e-01  9.643e-01  9.643e-01  9.643e-01  9.643e-01  9.643e-01  9.643e-01  9.643e-01  9.643e-01  9.643e-01  9.643e-01  9.643e-01  9.643e-01  9.643e-01 	
 9.543e-01  9.543e-01  9.543e-01  9.543e-01  9.543e-01  9.543e-01  9.543e-01  9.543e-01  9.543e-01  9.543e-01  9.543e-01  9.543e-01  9.543e-01  9.543e-01  9.543e-01  9.543e-01  9.543e-01  9.543e-01  9.543e-01  9.543e-01  9.543e-01  9.543e-01  9.543e-01  9.543e-01  9.543e-01  9.543e-01  9.543e-01  9.543e-01  9.543e-01  9.543e-01  9.543e-01  9.543e-01  9.543e-01  9.543e-01  9.543e-01  9.543e-01  9.543e-01  9.543e-01  9.543e-01  9.543e-01  9.543e-01  9.543e-01  9.543e-01  9.543e-01  9.543e-01  9.543e-01  9.543e-01  9.543e-01  9.543e-01  9.543e-01 	
 9.588e-01  9.588e-01  9.588e-01  9.588e-01  9.588e-01  9.588e-01  9.588e-01  9.588e-01  9.588e-01  9.588e-01  9.588e-01  9.588e-01  9.588e-01  9.588e-01  9.588e-01  9.588e-01  9.588e-01  9.588e-01  9.588e-01  9.588e-01  9.588e-01  9.588e-01  9.588e-01  9.588e-01  9.588e-01  9.588e-01  9.588e-01  9.588e-01  9.588e-01  9.588e-01  9.588e-01  9.588e-01  9.588e-01  9.588e-01  9.588e-01  9.588e-01  9.588e-01  9.588e-01  9.588e-01  9.588e-01  9.588e-01  9.588e-01  9.588e-01  9.588e-01  9.588e-01  9.588e-01  9.588e-01  9.588e-01  9.588e-01  9.588e-01 	
 9.387e-01  9.387e-01  9.387e-01  9.387e-01  9.387e-01  9.387e-01  9.387e-01  9.387e-01  9.387e-01  9.387e-01  9.387e-01  9.387e-01  9.387e-01  9.387e-01  9.387e-01  9.387e-01  9.387e-01  9.387e-01  9.387e-01  9.387e-01  9.387e-01  9.387e-01  9.387e-01  9.387e-01  9.387e-01  9.387e-01  9.387e-01  9.387e-01  9.387e-01  9.387e-01  9.387e-01  9.387e-01  9.387e-01  9.387e-01  9.387e-01  9.387e-01  9.387e-01  9.387e-01  9.387e-01  9.387e-01  9.387e-01  9.387e-01  9.387e-01  9.387e-01  9.387e-01  9.387e-01  9.387e-01  9.387e-01  9.387e-01  9.387e-01 	
 9.232e-01  9.232e-01  9.232e-01  9.232e-01  9.232e-01  9.232e-01  9.232e-01  9.232e-01  9.232e-01  9.232e-01  9.232e-01  9.232e-01  9.232e-01  9.232e-01  9.232e-01  9.232e-01  9.232e-01  9.232e-01  9.232e-01  9.232e-01  9.232e-01  9.232e-01  9.232e-01  9.232e-01  9.232e-01  9.232e-01  9.232e-01  9.232e-01  9.232e-01  9.232e-01  9.232e-01  9.232e-01  9.232e-01  9.232e-01  9.232e-01  9.232e-01  9.232e-01  9.232e-01  9.232e-01  9.232e-01  9.232e-01  9.232e-01  9.232e-01  9.232e-01  9.232e-01  9.232e-01  9.232e-01  9.232e-01  9.232e-01  9.232e-01 	
 8.963e-01  8.963e-01  8.963e-01  8.963e-01  8.963e-01  8.963e-01  8.963e-01  8.963e-01  8.963e-01  8.963e-01  8.963e-01  8.963e-01  8.963e-01  8.963e-01  8.963e-01  8.963e-01  8.963e-01  8.963e-01  8.963e-01  8.963e-01  8.963e-01  8.963e-01  8.963e-01  8.963e-01  8.963e-01  8.963e-01  8.963e-01  8.963e-01  8.963e-01  8.963e-01  8.963e-01  8.963e-01  8.963e-01  8.963e-01  8.963e-01  8.963e-01  8.963e-01  8.963e-01  8.963e-01  8.963e-01  8.963e-01  8.963e-01  8.963e-01  8.963e-01  8.963e-01  8.963e-01  8.963e-01  8.963e-01  8.963e-01  8.963e-01 	
 8.463e-01  8.463e-01  8.463e-01  8.463e-01  8.463e-01  8.463e-01  8.463e-01  8.463e-01  8.463e-01  8.463e-01  8.463e-01  8.463e-01  8.463e-01  8.463e-01  8.463e-01  8.463e-01  8.463e-01  8.463e-01  8.463e-01  8.463e-01  8.463e-01  8.463e-01  8.463e-01  8.463e-01  8.463e-01  8.463e-01  8.463e-01  8.463e-01  8.463e-01  8.463e-01  8.463e-01  8.463e-01  8.463e-01  8.463e-01  8.463e-01  8.463e-01  8.463e-01  8.463e-01  8.463e-01  8.463e-01  8.463e-01  8.463e-01  8.463e-01  8.463e-01  8.463e-01  8.463e-01  8.463e-01  8.463e-01  8.463e-01  8.463e-01 	
 8.298e-01  8.298e-01  8.298e-01  8.298e-01  8.298e-01  8.298e-01  8.298e-01  8.298e-01  8.298e-01  8.298e-01  8.298e-01  8.298e-01  8.298e-01  8.298e-01  8.298e-01  8.298e-01  8.298e-01  8.298e-01  8.298e-01  8.298e-01  8.298e-01  8.298e-01  8.298e-01  8.298e-01  8.298e-01  8.298e-01  8.298e-01  8.298e-01  8.298e-01  8.298e-01  8.298e-01  8.298e-01  8.298e-01  8.298e-01  8.298e-01  8.298e-01  8.298e-01  8.298e-01  8.298e-01  8.298e-01  8.298e-01  8.298e-01  8.298e-01  8.298e-01  8.298e-01  8.298e-01  8.298e-01  8.298e-01  8.298e-01  8.298e-01 	
 8.466e-01  8.466e-01  8.466e-01  8.466e-01  8.466e-01  8.466e-01  8.466e-01  8.466e-01  8.466e-01  8.466e-01  8.466e-01  8.466e-01  8.466e-01  8.466e-01  8.466e-01  8.466e-01  8.466e-01  8.466e-01  8.466e-01  8.466e-01  8.466e-01  8.466e-01  8.466e-01  8.466e-01  8.466e-01  8.466e-01  8.466e-01  8.466e-01  8.466e-01  8.466e-01  8.466e-01  8.466e-01  8.466e-01  8.466e-01  8.466e-01  8.466e-01  8.466e-01  8.466e-01  8.466e-01  8.466e-01  8.466e-01  8.466e-01  8.466e-01  8.466e-01  8.466e-01  8.466e-01  8.466e-01  8.466e-01  8.466e-01  8.466e-01 	
 8.408e-01  8.408e-01  8.408e-01  8.408e-01  8.408e-01  8.408e-01  8.408e-01  8.408e-01  8.408e-01  8.408e-01  8.408e-01  8.408e-01  8.408e-01  8.408e-01  8.408e-01  8.408e-01  8.408e-01  8.408e-01  8.408e-01  8.408e-01  8.408e-01  8.408e-01  8.408e-01  8.408e-01  8.408e-01  8.408e-01  8.408e-01  8.408e-01  8.408e-01  8.408e-01  8.408e-01  8.408e-01  8.408e-01  8.408e-01  8.408e-01  8.408e-01  8.408e-01  8.408e-01  8.408e-01  8.408e-01  8.408e-01  8.408e-01  8.408e-01  8.408e-01  8.408e-01  8.408e-01  8.408e-01  8.408e-01  8.408e-01  8.408e-01 	
 8.075e-01  8.075e-01  8.075e-01  8.075e-01  8.075e-01  8.075e-01  8.075e-01  8.075e-01  8.075e-01  8.075e-01  8.075e-01  8.075e-01  8.075e-01  8.075e-01  8.075e-01  8.075e-01  8.075e-01  8.075e-01  8.075e-01  8.075e-01  8.075e-01  8.075e-01  8.075e-01  8.075e-01  8.075e-01  8.075e-01  8.075e-01  8.075e-01  8.075e-01  8.075e-01  8.075e-01  8.075e-01  8.075e-01  8.075e-01  8.075e-01  8.075e-01  8.075e-01  8.075e-01  8.075e-01  8.075e-01  8.075e-01  8.075e-01  8.075e-01  8.075e-01  8.075e-01  8.075e-01  8.075e-01  8.075e-01  8.075e-01  8.075e-01 	
 7.745e-01  7.745e-01  7.745e-01  7.745e-01  7.745e-01  7.745e-01  7.745e-01  7.745e-01  7.745e-01  7.745e-01  7.745e-01  7.745e-01  7.745e-01  7.745e-01  7.745e-01  7.745e-01  7.745e-01  7.745e-01  7.745e-01  7.745e-01  7.745e-01  7.745e-01  7.745e-01  7.745e-01  7.745e-01  7.745e-01  7.745e-01  7.745e-01  7.745e-01  7.745e-01  7.745e-01  7.745e-01  7.745e-01  7.745e-01  7.745e-01  7.745e-01  7.745e-01  7.745e-01  7.745e-01  7.745e-01  7.745e-01  7.745e-01  7.745e-01  7.745e-01  7.745e-01  7.745e-01  7.745e-01  7.745e-01  7.745e-01  7.745e-01 	
 8.177e-01  8.177e-01  8.177e-01  8.177e-01  8.177e-01  8.177e-01  8.177e-01  8.177e-01  8.177e-01  8.177e-01  8.177e-01  8.177e-01  8.177e-01  8.177e-01  8.177e-01  8.177e-01  8.177e-01  8.177e-01  8.177e-01  8.177e-01  8.177e-01  8.177e-01  8.177e-01  8.177e-01  8.177e-01  8.177e-01  8.177e-01  8.177e-01  8.177e-01  8.177e-01  8.177e-01  8.177e-01  8.177e-01  8.177e-01  8.177e-01  8.177e-01  8.177e-01  8.177e-01  8.177e-01  8.177e-01  8.177e-01  8.177e-01  8.177e-01  8.177e-01  8.177e-01  8.177e-01  8.177e-01  8.177e-01  8.177e-01  8.177e-01 	
 7.344e-01  7.344e-01  7.344e-01  7.344e-01  7.344e-01  7.344e-01  7.344e-01  7.344e-01  7.344e-01  7.344e-01  7.344e-01  7.344e-01  7.344e-01  7.344e-01  7.344e-01  7.344e-01  7.344e-01  7.344e-01  7.344e-01  7.344e-01  7.344e-01  7.344e-01  7.344e-01  7.344e-01  7.344e-01  7.344e-01  7.344e-01  7.344e-01  7.344e-01  7.344e-01  7.344e-01  7.344e-01  7.344e-01  7.344e-01  7.344e-01  7.344e-01  7.344e-01  7.344e-01  7.344e-01  7.344e-01  7.344e-01  7.344e-01  7.344e-01  7.344e-01  7.344e-01  7.344e-01  7.344e-01  7.344e-01  7.344e-01  7.344e-01 	
 7.608e-01  7.608e-01  7.608e-01  7.608e-01  7.608e-01  7.608e-01  7.608e-01  7.608e-01  7.608e-01  7.608e-01  7.608e-01  7.608e-01  7.608e-01  7.608e-01  7.608e-01  7.608e-01  7.608e-01  7.608e-01  7.608e-01  7.608e-01  7.608e-01  7.608e-01  7.608e-01  7.608e-01  7.608e-01  7.608e-01  7.608e-01  7.608e-01  7.608e-01  7.608e-01  7.608e-01  7.608e-01  7.608e-01  7.608e-01  7.608e-01  7.608e-01  7.608e-01  7.608e-01  7.608e-01  7.608e-01  7.608e-01  7.608e-01  7.608e-01  7.608e-01  7.608e-01  7.608e-01  7.608e-01  7.608e-01  7.608e-01  7.608e-01 	
 7.096e-01  7.096e-01  7.096e-01  7.096e-01  7.096e-01  7.096e-01  7.096e-01  7.096e-01  7.096e-01  7.096e-01  7.096e-01  7.096e-01  7.096e-01  7.096e-01  7.096e-01  7.096e-01  7.096e-01  7.096e-01  7.096e-01  7.096e-01  7.096e-01  7.096e-01  7.096e-01  7.096e-01  7.096e-01  7.096e-01  7.096e-01  7.096e-01  7.096e-01  7.096e-01  7.096e-01  7.096e-01  7.096e-01  7.096e-01  7.096e-01  7.096e-01  7.096e-01  7.096e-01  7.096e-01  7.096e-01  7.096e-01  7.096e-01  7.096e-01  7.096e-01  7.096e-01  7.096e-01  7.096e-01  7.096e-01  7.096e-01  7.096e-01 	
 7.316e-01  7.316e-01  7.316e-01  7.316e-01  7.316e-01  7.316e-01  7.316e-01  7.316e-01  7.316e-01  7.316e-01  7.316e-01  7.316e-01  7.316e-01  7.316e-01  7.316e-01  7.316e-01  7.316e-01  7.316e-01  7.316e-01  7.316e-01  7.316e-01  7.316e-01  7.316e-01  7.316e-01  7.316e-01  7.316e-01  7.316e-01  7.316e-01  7.316e-01  7.316e-01  7.316e-01  7.316e-01  7.316e-01  7.316e-01  7.316e-01  7.316e-01  7.316e-01  7.316e-01  7.316e-01  7.316e-01  7.316e-01  7.316e-01  7.316e-01  7.316e-01  7.316e-01  7.316e-01  7.316e-01  7.316e-01  7.316e-01  7.316e-01 	
 6.870e-01  6.870e-01  6.870e-01  6.870e-01  6.870e-01  6.870e-01  6.870e-01  6.870e-01  6.870e-01  6.870e-01  6.870e-01  6.870e-01  6.870e-01  6.870e-01  6.870e-01  6.870e-01  6.870e-01  6.870e-01  6.870e-01  6.870e-01  6.870e-01  6.870e-01  6.870e-01  6.870e-01  6.870e-01  6.870e-01  6.870e-01  6.870e-01  6.870e-01  6.870e-01  6.870e-01  6.870e-01  6.870e-01  6.870e-01  6.870e-01  6.870e-01  6.870e-01  6.870e-01  6.870e-01  6.870e-01  6.870e-01  6.870e-01  6.870e-01  6.870e-01  6.870e-01  6.870e-01  6.870e-01  6.870e-01  6.870e-01  6.870e-01 	
 6.624e-01  6.624e-01  6.624e-01  6.624e-01  6.624e-01  6.624e-01  6.624e-01  6.624e-01  6.624e-01  6.624e-01  6.624e-01  6.624e-01  6.624e-01  6.624e-01  6.624e-01  6.624e-01  6.624e-01  6.624e-01  6.624e-01  6.624e-01  6.624e-01  6.624e-01  6.624e-01  6.624e-01  6.624e-01  6.624e-01  6.624e-01  6.624e-01  6.624e-01  6.624e-01  6.624e-01  6.624e-01  6.624e-01  6.624e-01  6.624e-01  6.624e-01  6.624e-01  6.624e-01  6.624e-01  6.624e-01  6.624e-01  6.624e-01  6.624e-01  6.624e-01  6.624e-01  6.624e-01  6.624e-01  6.624e-01  6.624e-01  6.624e-01 	
 6.369e-01  6.369e-01  6.369e-01  6.369e-01  6.369e-01  6.369e-01  6.369e-01  6.369e-01  6.369e-01  6.369e-01  6.369e-01  6.369e-01  6.369e-01  6.369e-01  6.369e-01  6.369e-01  6.369e-01  6.369e-01  6.369e-01  6.369e-01  6.369e-01  6.369e-01  6.369e-01  6.369e-01  6.369e-01  6.369e-01  6.369e-01  6.369e-01  6.369e-01  6.369e-01  6.369e-01  6.369e-01  6.369e-01  6.369e-01  6.369e-01  6.369e-01  6.369e-01  6.369e-01  6.369e-01  6.369e-01  6.369e-01  6.369e-01  6.369e-01  6.369e-01  6.369e-01  6.369e-01  6.369e-01  6.369e-01  6.369e-01  6.369e-01 	
 6.292e-01  6.292e-01  6.292e-01  6.292e-01  6.292e-01  6.292e-01  6.292e-01  6.292e-01  6.292e-01  6.292e-01  6.292e-01  6.292e-01  6.292e-01  6.292e-01  6.292e-01  6.292e-01  6.292e-01  6.292e-01  6.292e-01  6.292e-01  6.292e-01  6.292e-01  6.292e-01  6.292e-01  6.292e-01  6.292e-01  6.292e-01  6.292e-01  6.292e-01  6.292e-01  6.292e-01  6.292e-01  6.292e-01  6.292e-01  6.292e-01  6.292e-01  6.292e-01  6.292e-01  6.292e-01  6.292e-01  6.292e-01  6.292e-01  6.292e-01  6.292e-01  6.292e-01  6.292e-01  6.292e-01  6.292e-01  6.292e-01  6.292e-01 	
 6.200e-01  6.200e-01  6.200e-01  6.200e-01  6.200e-01  6.200e-01  6.200e-01  6.200e-01  6.200e-01  6.200e-01  6.200e-01  6.200e-01  6.200e-01  6.200e-01  6.200e-01  6.200e-01  6.200e-01  6.200e-01  6.200e-01  6.200e-01  6.200e-01  6.200e-01  6.200e-01  6.200e-01  6.200e-01  6.200e-01  6.200e-01  6.200e-01  6.200e-01  6.200e-01  6.200e-01  6.200e-01  6.200e-01  6.200e-01  6.200e-01  6.200e-01  6.200e-01  6.200e-01  6.200e-01  6.200e-01  6.200e-01  6.200e-01  6.200e-01  6.200e-01  6.200e-01  6.200e-01  6.200e-01  6.200e-01  6.200e-01  6.200e-01 	
 6.053e-01  6.053e-01  6.053e-01  6.053e-01  6.053e-01  6.053e-01  6.053e-01  6.053e-01  6.053e-01  6.053e-01  6.053e-01  6.053e-01  6.053e-01  6.053e-01  6.053e-01  6.053e-01  6.053e-01  6.053e-01  6.053e-01  6.053e-01  6.053e-01  6.053e-01  6.053e-01  6.053e-01  6.053e-01  6.053e-01  6.053e-01  6.053e-01  6.053e-01  6.053e-01  6.053e-01  6.053e-01  6.053e-01  6.053e-01  6.053e-01  6.053e-01  6.053e-01  6.053e-01  6.053e-01  6.053e-01  6.053e-01  6.053e-01  6.053e-01  6.053e-01  6.053e-01  6.053e-01  6.053e-01  6.053e-01  6.053e-01  6.053e-01 	
 5.969e-01  5.969e-01  5.969e-01  5.969e-01  5.969e-01  5.969e-01  5.969e-01  5.969e-01  5.969e-01  5.969e-01  5.969e-01  5.969e-01  5.969e-01  5.969e-01  5.969e-01  5.969e-01  5.969e-01  5.969e-01  5.969e-01  5.969e-01  5.969e-01  5.969e-01  5.969e-01  5.969e-01  5.969e-01  5.969e-01  5.969e-01  5.969e-01  5.969e-01  5.969e-01  5.969e-01  5.969e-01  5.969e-01  5.969e-01  5.969e-01  5.969e-01  5.969e-01  5.969e-01  5.969e-01  5.969e-01  5.969e-01  5.969e-01  5.969e-01  5.969e-01  5.969e-01  5.969e-01  5.969e-01  5.969e-01  5.969e-01  5.969e-01 	
 5.863e-01  5.863e-01  5.863e-01  5.863e-01  5.863e-01  5.863e-01  5.863e-01  5.863e-01  5.863e-01  5.863e-01  5.863e-01  5.863e-01  5.863e-01  5.863e-01  5.863e-01  5.863e-01  5.863e-01  5.863e-01  5.863e-01  5.863e-01  5.863e-01  5.863e-01  5.863e-01  5.863e-01  5.863e-01  5.863e-01  5.863e-01  5.863e-01  5.863e-01  5.863e-01  5.863e-01  5.863e-01  5.863e-01  5.863e-01  5.863e-01  5.863e-01  5.863e-01  5.863e-01  5.863e-01  5.863e-01  5.863e-01  5.863e-01  5.863e-01  5.863e-01  5.863e-01  5.863e-01  5.863e-01  5.863e-01  5.863e-01  5.863e-01 	
 5.785e-01  5.785e-01  5.785e-01  5.785e-01  5.785e-01  5.785e-01  5.785e-01  5.785e-01  5.785e-01  5.785e-01  5.785e-01  5.785e-01  5.785e-01  5.785e-01  5.785e-01  5.785e-01  5.785e-01  5.785e-01  5.785e-01  5.785e-01  5.785e-01  5.785e-01  5.785e-01  5.785e-01  5.785e-01  5.785e-01  5.785e-01  5.785e-01  5.785e-01  5.785e-01  5.785e-01  5.785e-01  5.785e-01  5.785e-01  5.785e-01  5.785e-01  5.785e-01  5.785e-01  5.785e-01  5.785e-01  5.785e-01  5.785e-01  5.785e-01  5.785e-01  5.785e-01  5.785e-01  5.785e-01  5.785e-01  5.785e-01  5.785e-01 	
 5.700e-01  5.700e-01  5.700e-01  5.700e-01  5.700e-01  5.700e-01  5.700e-01  5.700e-01  5.700e-01  5.700e-01  5.700e-01  5.700e-01  5.700e-01  5.700e-01  5.700e-01  5.700e-01  5.700e-01  5.700e-01  5.700e-01  5.700e-01  5.700e-01  5.700e-01  5.700e-01  5.700e-01  5.700e-01  5.700e-01  5.700e-01  5.700e-01  5.700e-01  5.700e-01  5.700e-01  5.700e-01  5.700e-01  5.700e-01  5.700e-01  5.700e-01  5.700e-01  5.700e-01  5.700e-01  5.700e-01  5.700e-01  5.700e-01  5.700e-01  5.700e-01  5.700e-01  5.700e-01  5.700e-01  5.700e-01  5.700e-01  5.700e-01 	
 5.667e-01  5.667e-01  5.667e-01  5.667e-01  5.667e-01  5.667e-01  5.667e-01  5.667e-01  5.667e-01  5.667e-01  5.667e-01  5.667e-01  5.667e-01  5.667e-01  5.667e-01  5.667e-01  5.667e-01  5.667e-01  5.667e-01  5.667e-01  5.667e-01  5.667e-01  5.667e-01  5.667e-01  5.667e-01  5.667e-01  5.667e-01  5.667e-01  5.667e-01  5.667e-01  5.667e-01  5.667e-01  5.667e-01  5.667e-01  5.667e-01  5.667e-01  5.667e-01  5.667e-01  5.667e-01  5.667e-01  5.667e-01  5.667e-01  5.667e-01  5.667e-01  5.667e-01  5.667e-01  5.667e-01  5.667e-01  5.667e-01  5.667e-01 	
 5.663e-01  5.663e-01  5.663e-01  5.663e-01  5.663e-01  5.663e-01  5.663e-01  5.663e-01  5.663e-01  5.663e-01  5.663e-01  5.663e-01  5.663e-01  5.663e-01  5.663e-01  5.663e-01  5.663e-01  5.663e-01  5.663e-01  5.663e-01  5.663e-01  5.663e-01  5.663e-01  5.663e-01  5.663e-01  5.663e-01  5.663e-01  5.663e-01  5.663e-01  5.663e-01  5.663e-01  5.663e-01  5.663e-01  5.663e-01  5.663e-01  5.663e-01  5.663e-01  5.663e-01  5.663e-01  5.663e-01  5.663e-01  5.663e-01  5.663e-01  5.663e-01  5.663e-01  5.663e-01  5.663e-01  5.663e-01  5.663e-01  5.663e-01 	
 5.651e-01  5.651e-01  5.651e-01  5.651e-01  5.651e-01  5.651e-01  5.651e-01  5.651e-01  5.651e-01  5.651e-01  5.651e-01  5.651e-01  5.651e-01  5.651e-01  5.651e-01  5.651e-01  5.651e-01  5.651e-01  5.651e-01  5.651e-01  5.651e-01  5.651e-01  5.651e-01  5.651e-01  5.651e-01  5.651e-01  5.651e-01  5.651e-01  5.651e-01  5.651e-01  5.651e-01  5.651e-01  5.651e-01  5.651e-01  5.651e-01  5.651e-01  5.651e-01  5.651e-01  5.651e-01  5.651e-01  5.651e-01  5.651e-01  5.651e-01  5.651e-01  5.651e-01  5.651e-01  5.651e-01  5.651e-01  5.651e-01  5.651e-01 	
 5.647e-01  5.647e-01  5.647e-01  5.647e-01  5.647e-01  5.647e-01  5.647e-01  5.647e-01  5.647e-01  5.647e-01  5.647e-01  5.647e-01  5.647e-01  5.647e-01  5.647e-01  5.647e-01  5.647e-01  5.647e-01  5.647e-01  5.647e-01  5.647e-01  5.647e-01  5.647e-01  5.647e-01  5.647e-01  5.647e-01  5.647e-01  5.647e-01  5.647e-01  5.647e-01  5.647e-01  5.647e-01  5.647e-01  5.647e-01  5.647e-01  5.647e-01  5.647e-01  5.647e-01  5.647e-01  5.647e-01  5.647e-01  5.647e-01  5.647e-01  5.647e-01  5.647e-01  5.647e-01  5.647e-01  5.647e-01  5.647e-01  5.647e-01 	
 5.649e-01  5.649e-01  5.649e-01  5.649e-01  5.649e-01  5.649e-01  5.649e-01  5.649e-01  5.649e-01  5.649e-01  5.649e-01  5.649e-01  5.649e-01  5.649e-01  5.649e-01  5.649e-01  5.649e-01  5.649e-01  5.649e-01  5.649e-01  5.649e-01  5.649e-01  5.649e-01  5.649e-01  5.649e-01  5.649e-01  5.649e-01  5.649e-01  5.649e-01  5.649e-01  5.649e-01  5.649e-01  5.649e-01  5.649e-01  5.649e-01  5.649e-01  5.649e-01  5.649e-01  5.649e-01  5.649e-01  5.649e-01  5.649e-01  5.649e-01  5.649e-01  5.649e-01  5.649e-01  5.649e-01  5.649e-01  5.649e-01  5.649e-01 	
 5.654e-01  5.654e-01  5.654e-01  5.654e-01  5.654e-01  5.654e-01  5.654e-01  5.654e-01  5.654e-01  5.654e-01  5.654e-01  5.654e-01  5.654e-01  5.654e-01  5.654e-01  5.654e-01  5.654e-01  5.654e-01  5.654e-01  5.654e-01  5.654e-01  5.654e-01  5.654e-01  5.654e-01  5.654e-01  5.654e-01  5.654e-01  5.654e-01  5.654e-01  5.654e-01  5.654e-01  5.654e-01  5.654e-01  5.654e-01  5.654e-01  5.654e-01  5.654e-01  5.654e-01  5.654e-01  5.654e-01  5.654e-01  5.654e-01  5.654e-01  5.654e-01  5.654e-01  5.654e-01  5.654e-01  5.654e-01  5.654e-01  5.654e-01 	
 5.659e-01  5.659e-01  5.659e-01  5.659e-01  5.659e-01  5.659e-01  5.659e-01  5.659e-01  5.659e-01  5.659e-01  5.659e-01  5.659e-01  5.659e-01  5.659e-01  5.659e-01  5.659e-01  5.659e-01  5.659e-01  5.659e-01  5.659e-01  5.659e-01  5.659e-01  5.659e-01  5.659e-01  5.659e-01  5.659e-01  5.659e-01  5.659e-01  5.659e-01  5.659e-01  5.659e-01  5.659e-01  5.659e-01  5.659e-01  5.659e-01  5.659e-01  5.659e-01  5.659e-01  5.659e-01  5.659e-01  5.659e-01  5.659e-01  5.659e-01  5.659e-01  5.659e-01  5.659e-01  5.659e-01  5.659e-01  5.659e-01  5.659e-01 	
 5.663e-01  5.663e-01  5.663e-01  5.663e-01  5.663e-01  5.663e-01  5.663e-01  5.663e-01  5.663e-01  5.663e-01  5.663e-01  5.663e-01  5.663e-01  5.663e-01  5.663e-01  5.663e-01  5.663e-01  5.663e-01  5.663e-01  5.663e-01  5.663e-01  5.663e-01  5.663e-01  5.663e-01  5.663e-01  5.663e-01  5.663e-01  5.663e-01  5.663e-01  5.663e-01  5.663e-01  5.663e-01  5.663e-01  5.663e-01  5.663e-01  5.663e-01  5.663e-01  5.663e-01  5.663e-01  5.663e-01  5.663e-01  5.663e-01  5.663e-01  5.663e-01  5.663e-01  5.663e-01  5.663e-01  5.663e-01  5.663e-01  5.663e-01 	
 5.666e-01  5.666e-01  5.666e-01  5.666e-01  5.666e-01  5.666e-01  5.666e-01  5.666e-01  5.666e-01  5.666e-01  5.666e-01  5.666e-01  5.666e-01  5.666e-01  5.666e-01  5.666e-01  5.666e-01  5.666e-01  5.666e-01  5.666e-01  5.666e-01  5.666e-01  5.666e-01  5.666e-01  5.666e-01  5.666e-01  5.666e-01  5.666e-01  5.666e-01  5.666e-01  5.666e-01  5.666e-01  5.666e-01  5.666e-01  5.666e-01  5.666e-01  5.666e-01  5.666e-01  5.666e-01  5.666e-01  5.666e-01  5.666e-01  5.666e-01  5.666e-01  5.666e-01  5.666e-01  5.666e-01  5.666e-01  5.666e-01  5.666e-01 	
 5.669e-01  5.669e-01  5.669e-01  5.669e-01  5.669e-01  5.669e-01  5.669e-01  5.669e-01  5.669e-01  5.669e-01  5.669e-01  5.669e-01  5.669e-01  5.669e-01  5.669e-01  5.669e-01  5.669e-01  5.669e-01  5.669e-01  5.669e-01  5.669e-01  5.669e-01  5.669e-01  5.669e-01  5.669e-01  5.669e-01  5.669e-01  5.669e-01  5.669e-01  5.669e-01  5.669e-01  5.669e-01  5.669e-01  5.669e-01  5.669e-01  5.669e-01  5.669e-01  5.669e-01  5.669e-01  5.669e-01  5.669e-01  5.669e-01  5.669e-01  5.669e-01  5.669e-01  5.669e-01  5.669e-01  5.669e-01  5.669e-01  5.669e-01 	
 5.672e-01  5.672e-01  5.672e-01  5.672e-01  5.672e-01  5.672e-01  5.672e-01  5.672e-01  5.672e-01  5.672e-01  5.672e-01  5.672e-01  5.672e-01  5.672e-01  5.672e-01  5.672e-01  5.672e-01  5.672e-01  5.672e-01  5.672e-01  5.672e-01  5.672e-01  5.672e-01  5.672e-01  5.672e-01  5.672e-01  5.672e-01  5.672e-01  5.672e-01  5.672e-01  5.672e-01  5.672e-01  5.672e-01  5.672e-01  5.672e-01  5.672e-01  5.672e-01  5.672e-01  5.672e-01  5.672e-01  5.672e-01  5.672e-01  5.672e-01  5.672e-01  5.672e-01  5.672e-01  5.672e-01  5.672e-01  5.672e-01  5.672e-01 	
 5.674e-01  5.674e-01  5.674e-01  5.674e-01  5.674e-01  5.674e-01  5.674e-01  5.674e-01  5.674e-01  5.674e-01  5.674e-01  5.674e-01  5.674e-01  5.674e-01  5.674e-01  5.674e-01  5.674e-01  5.674e-01  5.674e-01  5.674e-01  5.674e-01  5.674e-01  5.674e-01  5.674e-01  5.674e-01  5.674e-01  5.674e-01  5.674e-01  5.674e-01  5.674e-01  5.674e-01  5.674e-01  5.674e-01  5.674e-01  5.674e-01  5.674e-01  5.674e-01  5.674e-01  5.674e-01  5.674e-01  5.674e-01  5.674e-01  5.674e-01  5.674e-01  5.674e-01  5.674e-01  5.674e-01  5.674e-01  5.674e-01  5.674e-01 	
 5.675e-01  5.675e-01  5.675e-01  5.675e-01  5.675e-01  5.675e-01  5.675e-01  5.675e-01  5.675e-01  5.675e-01  5.675e-01  5.675e-01  5.675e-01  5.675e-01  5.675e-01  5.675e-01  5.675e-01  5.675e-01  5.675e-01  5.675e-01  5.675e-01  5.675e-01  5.675e-01  5.675e-01  5.675e-01  5.675e-01  5.675e-01  5.675e-01  5.675e-01  5.675e-01  5.675e-01  5.675e-01  5.675e-01  5.675e-01  5.675e-01  5.675e-01  5.675e-01  5.675e-01  5.675e-01  5.675e-01  5.675e-01  5.675e-01  5.675e-01  5.675e-01  5.675e-01  5.675e-01  5.675e-01  5.675e-01  5.675e-01  5.675e-01 	
 5.676e-01  5.676e-01  5.676e-01  5.676e-01  5.676e-01  5.676e-01  5.676e-01  5.676e-01  5.676e-01  5.676e-01  5.676e-01  5.676e-01  5.676e-01  5.676e-01  5.676e-01  5.676e-01  5.676e-01  5.676e-01  5.676e-01  5.676e-01  5.676e-01  5.676e-01  5.676e-01  5.676e-01  5.676e-01  5.676e-01  5.676e-01  5.676e-01  5.676e-01  5.676e-01  5.676e-01  5.676e-01  5.676e-01  5.676e-01  5.676e-01  5.676e-01  5.676e-01  5.676e-01  5.676e-01  5.676e-01  5.676e-01  5.676e-01  5.676e-01  5.676e-01  5.676e-01  5.676e-01  5.676e-01  5.676e-01  5.676e-01  5.676e-01 	
 5.677e-01  5.677e-01  5.677e-01  5.677e-01  5.677e-01  5.677e-01  5.677e-01  5.677e-01  5.677e-01  5.677e-01  5.677e-01  5.677e-01  5.677e-01  5.677e-01  5.677e-01  5.677e-01  5.677e-01  5.677e-01  5.677e-01  5.677e-01  5.677e-01  5.677e-01  5.677e-01  5.677e-01  5.677e-01  5.677e-01  5.677e-01  5.677e-01  5.677e-01  5.677e-01  5.677e-01  5.677e-01  5.677e-01  5.677e-01  5.677e-01  5.677e-01  5.677e-01  5.677e-01  5.677e-01  5.677e-01  5.677e-01  5.677e-01  5.677e-01  5.677e-01  5.677e-01  5.677e-01  5.677e-01  5.677e-01  5.677e-01  5.677e-01 	
 5.678e-01  5.678e-01  5.678e-01  5.678e-01  5.678e-01  5.678e-01  5.678e-01  5.678e-01  5.678e-01  5.678e-01  5.678e-01  5.678e-01  5.678e-01  5.678e-01  5.678e-01  5.678e-01  5.678e-01  5.678e-01  5.678e-01  5.678e-01  5.678e-01  5.678e-01  5.678e-01  5.678e-01  5.678e-01  5.678e-01  5.678e-01  5.678e-01  5.678e-01  5.678e-01  5.678e-01  5.678e-01  5.678e-01  5.678e-01  5.678e-01  5.678e-01  5.678e-01  5.678e-01  5.678e-01  5.678e-01  5.678e-01  5.678e-01  5.678e-01  5.678e-01  5.678e-01  5.678e-01  5.678e-01  5.678e-01  5.678e-01  5.678e-01 	
 5.678e-01  5.678e-01  5.678e-01  5.678e-01  5.678e-01  5.678e-01  5.678e-01  5.678e-01  5.678e-01  5.678e-01  5.678e-01  5.678e-01  5.678e-01  5.678e-01  5.678e-01  5.678e-01  5.678e-01  5.678e-01  5.678e-01  5.678e-01  5.678e-01  5.678e-01  5.678e-01  5.678e-01  5.678e-01  5.678e-01  5.678e-01  5.678e-01  5.678e-01  5.678e-01  5.678e-01  5.678e-01  5.678e-01  5.678e-01  5.678e-01  5.678e-01  5.678e-01  5.678e-01  5.678e-01  5.678e-01  5.678e-01  5.678e-01  5.678e-01  5.678e-01  5.678e-01  5.678e-01  5.678e-01  5.678e-01  5.678e-01  5.678e-01 	
 5.679e-01  5.679e-01  5.679e-01  5.679e-01  5.679e-01  5.679e-01  5.679e-01  5.679e-01  5.679e-01  5.679e-01  5.679e-01  5.679e-01  5.679e-01  5.679e-01  5.679e-01  5.679e-01  5.679e-01  5.679e-01  5.679e-01  5.679e-01  5.679e-01  5.679e-01  5.679e-01  5.679e-01  5.679e-01  5.679e-01  5.679e-01  5.679e-01  5.679e-01  5.679e-01  5.679e-01  5.679e-01  5.679e-01  5.679e-01  5.679e-01  5.679e-01  5.679e-01  5.679e-01  5.679e-01  5.679e-01  5.679e-01  5.679e-01  5.679e-01  5.679e-01  5.679e-01  5.679e-01  5.679e-01  5.679e-01  5.679e-01  5.679e-01 	
