 7.896e-05  8.897e-05  9.969e-05  1.110e-04  1.230e-04  1.354e-04  1.483e-04  1.616e-04  1.753e-04  1.893e-04  2.035e-04  2.179e-04  2.325e-04  2.473e-04  2.621e-04  2.771e-04  2.920e-04  3.070e-04  3.220e-04  3.370e-04  3.519e-04  3.667e-04  3.815e-04  3.962e-04  4.108e-04  4.252e-04  4.396e-04  4.538e-04  4.679e-04  4.818e-04  4.955e-04  5.092e-04  5.226e-04  5.359e-04  5.490e-04  5.620e-04  5.748e-04  5.874e-04  5.998e-04  6.121e-04  6.242e-04  6.361e-04  6.479e-04  6.595e-04  6.709e-04  6.822e-04  6.932e-04  7.042e-04  7.149e-04  7.256e-04 	
 1.195e-04  1.344e-04  1.501e-04  1.667e-04  1.840e-04  2.020e-04  2.204e-04  2.393e-04  2.585e-04  2.781e-04  2.978e-04  3.177e-04  3.377e-04  3.578e-04  3.778e-04  3.979e-04  4.178e-04  4.377e-04  4.575e-04  4.771e-04  4.965e-04  5.157e-04  5.347e-04  5.536e-04  5.722e-04  5.905e-04  6.086e-04  6.265e-04  6.441e-04  6.615e-04  6.786e-04  6.954e-04  7.120e-04  7.283e-04  7.443e-04  7.601e-04  7.756e-04  7.909e-04  8.059e-04  8.207e-04  8.352e-04  8.495e-04  8.635e-04  8.773e-04  8.909e-04  9.042e-04  9.173e-04  9.302e-04  9.429e-04  9.553e-04 	
 1.804e-04  2.021e-04  2.250e-04  2.489e-04  2.736e-04  2.990e-04  3.249e-04  3.513e-04  3.779e-04  4.046e-04  4.315e-04  4.583e-04  4.851e-04  5.118e-04  5.383e-04  5.645e-04  5.905e-04  6.163e-04  6.417e-04  6.667e-04  6.914e-04  7.158e-04  7.397e-04  7.633e-04  7.865e-04  8.092e-04  8.316e-04  8.535e-04  8.751e-04  8.963e-04  9.170e-04  9.374e-04  9.574e-04  9.770e-04  9.962e-04  1.015e-03  1.034e-03  1.052e-03  1.069e-03  1.087e-03  1.104e-03  1.121e-03  1.137e-03  1.153e-03  1.169e-03  1.185e-03  1.200e-03  1.215e-03  1.229e-03  1.244e-03 	
 2.712e-04  3.025e-04  3.352e-04  3.691e-04  4.038e-04  4.391e-04  4.748e-04  5.107e-04  5.466e-04  5.825e-04  6.182e-04  6.536e-04  6.886e-04  7.233e-04  7.574e-04  7.911e-04  8.242e-04  8.567e-04  8.886e-04  9.199e-04  9.506e-04  9.807e-04  1.010e-03  1.039e-03  1.067e-03  1.095e-03  1.122e-03  1.148e-03  1.174e-03  1.199e-03  1.224e-03  1.248e-03  1.272e-03  1.295e-03  1.318e-03  1.340e-03  1.361e-03  1.382e-03  1.403e-03  1.423e-03  1.443e-03  1.463e-03  1.482e-03  1.500e-03  1.518e-03  1.536e-03  1.554e-03  1.571e-03  1.587e-03  1.604e-03 	
 4.055e-04  4.499e-04  4.959e-04  5.430e-04  5.907e-04  6.387e-04  6.868e-04  7.346e-04  7.821e-04  8.291e-04  8.754e-04  9.210e-04  9.658e-04  1.010e-03  1.053e-03  1.095e-03  1.136e-03  1.176e-03  1.215e-03  1.254e-03  1.291e-03  1.327e-03  1.363e-03  1.397e-03  1.431e-03  1.464e-03  1.496e-03  1.527e-03  1.557e-03  1.587e-03  1.616e-03  1.644e-03  1.671e-03  1.698e-03  1.724e-03  1.750e-03  1.775e-03  1.799e-03  1.823e-03  1.846e-03  1.869e-03  1.891e-03  1.912e-03  1.934e-03  1.954e-03  1.975e-03  1.995e-03  2.014e-03  2.033e-03  2.052e-03 	
 6.026e-04  6.645e-04  7.279e-04  7.919e-04  8.560e-04  9.198e-04  9.830e-04  1.045e-03  1.107e-03  1.167e-03  1.225e-03  1.283e-03  1.339e-03  1.393e-03  1.446e-03  1.497e-03  1.547e-03  1.596e-03  1.643e-03  1.689e-03  1.733e-03  1.776e-03  1.818e-03  1.859e-03  1.898e-03  1.936e-03  1.974e-03  2.010e-03  2.045e-03  2.079e-03  2.112e-03  2.145e-03  2.176e-03  2.207e-03  2.237e-03  2.266e-03  2.294e-03  2.322e-03  2.349e-03  2.375e-03  2.401e-03  2.426e-03  2.451e-03  2.475e-03  2.498e-03  2.521e-03  2.544e-03  2.566e-03  2.588e-03  2.609e-03 	
 8.892e-04  9.737e-04  1.059e-03  1.144e-03  1.228e-03  1.311e-03  1.392e-03  1.471e-03  1.548e-03  1.623e-03  1.696e-03  1.766e-03  1.834e-03  1.900e-03  1.964e-03  2.025e-03  2.085e-03  2.142e-03  2.198e-03  2.252e-03  2.303e-03  2.354e-03  2.402e-03  2.449e-03  2.495e-03  2.539e-03  2.581e-03  2.623e-03  2.663e-03  2.702e-03  2.740e-03  2.776e-03  2.812e-03  2.847e-03  2.881e-03  2.914e-03  2.946e-03  2.977e-03  3.008e-03  3.038e-03  3.067e-03  3.096e-03  3.124e-03  3.151e-03  3.178e-03  3.205e-03  3.231e-03  3.256e-03  3.282e-03  3.306e-03 	
 1.302e-03  1.415e-03  1.526e-03  1.636e-03  1.744e-03  1.849e-03  1.951e-03  2.049e-03  2.144e-03  2.235e-03  2.323e-03  2.407e-03  2.489e-03  2.567e-03  2.642e-03  2.714e-03  2.783e-03  2.850e-03  2.914e-03  2.976e-03  3.036e-03  3.093e-03  3.149e-03  3.203e-03  3.254e-03  3.304e-03  3.353e-03  3.400e-03  3.445e-03  3.490e-03  3.532e-03  3.574e-03  3.615e-03  3.654e-03  3.693e-03  3.730e-03  3.767e-03  3.803e-03  3.838e-03  3.872e-03  3.906e-03  3.939e-03  3.972e-03  4.004e-03  4.036e-03  4.067e-03  4.098e-03  4.128e-03  4.159e-03  4.189e-03 	
 1.891e-03  2.037e-03  2.180e-03  2.319e-03  2.453e-03  2.583e-03  2.707e-03  2.826e-03  2.940e-03  3.049e-03  3.153e-03  3.252e-03  3.347e-03  3.438e-03  3.525e-03  3.608e-03  3.688e-03  3.764e-03  3.838e-03  3.908e-03  3.976e-03  4.041e-03  4.104e-03  4.165e-03  4.224e-03  4.280e-03  4.335e-03  4.388e-03  4.440e-03  4.490e-03  4.539e-03  4.587e-03  4.633e-03  4.678e-03  4.723e-03  4.766e-03  4.809e-03  4.851e-03  4.893e-03  4.933e-03  4.974e-03  5.014e-03  5.053e-03  5.093e-03  5.132e-03  5.171e-03  5.210e-03  5.248e-03  5.287e-03  5.326e-03 	
 2.724e-03  2.908e-03  3.086e-03  3.257e-03  3.421e-03  3.577e-03  3.725e-03  3.866e-03  4.000e-03  4.127e-03  4.248e-03  4.362e-03  4.472e-03  4.576e-03  4.675e-03  4.769e-03  4.860e-03  4.947e-03  5.030e-03  5.109e-03  5.186e-03  5.260e-03  5.331e-03  5.399e-03  5.466e-03  5.530e-03  5.593e-03  5.654e-03  5.713e-03  5.771e-03  5.828e-03  5.884e-03  5.939e-03  5.992e-03  6.046e-03  6.098e-03  6.150e-03  6.202e-03  6.254e-03  6.305e-03  6.356e-03  6.408e-03  6.459e-03  6.511e-03  6.563e-03  6.616e-03  6.669e-03  6.723e-03  6.777e-03  6.832e-03 	
 3.891e-03  4.118e-03  4.334e-03  4.539e-03  4.734e-03  4.917e-03  5.091e-03  5.254e-03  5.408e-03  5.554e-03  5.692e-03  5.822e-03  5.946e-03  6.064e-03  6.175e-03  6.282e-03  6.384e-03  6.482e-03  6.575e-03  6.666e-03  6.752e-03  6.836e-03  6.917e-03  6.996e-03  7.073e-03  7.148e-03  7.221e-03  7.293e-03  7.364e-03  7.433e-03  7.502e-03  7.571e-03  7.639e-03  7.707e-03  7.774e-03  7.843e-03  7.911e-03  7.980e-03  8.049e-03  8.120e-03  8.191e-03  8.264e-03  8.337e-03  8.412e-03  8.489e-03  8.567e-03  8.647e-03  8.729e-03  8.813e-03  8.900e-03 	
 5.517e-03  5.788e-03  6.043e-03  6.284e-03  6.509e-03  6.721e-03  6.919e-03  7.105e-03  7.280e-03  7.445e-03  7.600e-03  7.746e-03  7.886e-03  8.018e-03  8.143e-03  8.264e-03  8.379e-03  8.490e-03  8.596e-03  8.699e-03  8.800e-03  8.897e-03  8.992e-03  9.086e-03  9.178e-03  9.269e-03  9.359e-03  9.449e-03  9.538e-03  9.628e-03  9.718e-03  9.809e-03  9.901e-03  9.994e-03  1.009e-02  1.019e-02  1.028e-02  1.039e-02  1.049e-02  1.060e-02  1.070e-02  1.082e-02  1.093e-02  1.105e-02  1.118e-02  1.130e-02  1.143e-02  1.157e-02  1.171e-02  1.185e-02 	
 7.768e-03  8.082e-03  8.376e-03  8.651e-03  8.907e-03  9.146e-03  9.368e-03  9.577e-03  9.773e-03  9.957e-03  1.013e-02  1.029e-02  1.045e-02  1.060e-02  1.074e-02  1.088e-02  1.101e-02  1.114e-02  1.126e-02  1.139e-02  1.151e-02  1.163e-02  1.174e-02  1.186e-02  1.198e-02  1.210e-02  1.222e-02  1.234e-02  1.246e-02  1.259e-02  1.272e-02  1.285e-02  1.299e-02  1.313e-02  1.328e-02  1.343e-02  1.359e-02  1.375e-02  1.392e-02  1.409e-02  1.428e-02  1.446e-02  1.466e-02  1.486e-02  1.507e-02  1.529e-02  1.552e-02  1.575e-02  1.600e-02  1.625e-02 	
 1.086e-02  1.122e-02  1.155e-02  1.185e-02  1.214e-02  1.240e-02  1.265e-02  1.288e-02  1.310e-02  1.330e-02  1.350e-02  1.368e-02  1.386e-02  1.403e-02  1.420e-02  1.436e-02  1.451e-02  1.467e-02  1.483e-02  1.498e-02  1.514e-02  1.529e-02  1.545e-02  1.561e-02  1.578e-02  1.595e-02  1.613e-02  1.631e-02  1.650e-02  1.670e-02  1.691e-02  1.712e-02  1.734e-02  1.758e-02  1.782e-02  1.808e-02  1.834e-02  1.862e-02  1.891e-02  1.921e-02  1.953e-02  1.986e-02  2.020e-02  2.055e-02  2.092e-02  2.131e-02  2.171e-02  2.212e-02  2.255e-02  2.300e-02 	
 1.508e-02  1.547e-02  1.583e-02  1.617e-02  1.648e-02  1.677e-02  1.704e-02  1.730e-02  1.754e-02  1.777e-02  1.799e-02  1.820e-02  1.841e-02  1.861e-02  1.882e-02  1.902e-02  1.922e-02  1.943e-02  1.963e-02  1.985e-02  2.007e-02  2.030e-02  2.053e-02  2.078e-02  2.104e-02  2.131e-02  2.160e-02  2.190e-02  2.222e-02  2.255e-02  2.290e-02  2.326e-02  2.365e-02  2.405e-02  2.448e-02  2.492e-02  2.539e-02  2.588e-02  2.639e-02  2.692e-02  2.747e-02  2.805e-02  2.866e-02  2.928e-02  2.993e-02  3.061e-02  3.132e-02  3.204e-02  3.280e-02  3.358e-02 	
 2.077e-02  2.118e-02  2.157e-02  2.193e-02  2.227e-02  2.258e-02  2.288e-02  2.317e-02  2.345e-02  2.371e-02  2.398e-02  2.424e-02  2.450e-02  2.476e-02  2.503e-02  2.530e-02  2.559e-02  2.588e-02  2.620e-02  2.652e-02  2.687e-02  2.724e-02  2.762e-02  2.804e-02  2.847e-02  2.893e-02  2.942e-02  2.994e-02  3.049e-02  3.106e-02  3.167e-02  3.232e-02  3.299e-02  3.370e-02  3.445e-02  3.523e-02  3.605e-02  3.690e-02  3.780e-02  3.873e-02  3.970e-02  4.071e-02  4.177e-02  4.286e-02  4.399e-02  4.517e-02  4.639e-02  4.765e-02  4.895e-02  5.029e-02 	
 2.833e-02  2.875e-02  2.916e-02  2.954e-02  2.991e-02  3.026e-02  3.060e-02  3.093e-02  3.126e-02  3.159e-02  3.192e-02  3.227e-02  3.262e-02  3.300e-02  3.339e-02  3.381e-02  3.426e-02  3.473e-02  3.524e-02  3.579e-02  3.637e-02  3.699e-02  3.766e-02  3.837e-02  3.912e-02  3.993e-02  4.078e-02  4.169e-02  4.265e-02  4.366e-02  4.473e-02  4.585e-02  4.703e-02  4.827e-02  4.956e-02  5.092e-02  5.234e-02  5.382e-02  5.536e-02  5.697e-02  5.863e-02  6.036e-02  6.216e-02  6.402e-02  6.595e-02  6.794e-02  6.999e-02  7.212e-02  7.430e-02  7.656e-02 	
 3.817e-02  3.860e-02  3.902e-02  3.943e-02  3.984e-02  4.024e-02  4.064e-02  4.106e-02  4.148e-02  4.193e-02  4.241e-02  4.291e-02  4.346e-02  4.405e-02  4.469e-02  4.538e-02  4.612e-02  4.693e-02  4.780e-02  4.874e-02  4.976e-02  5.084e-02  5.200e-02  5.324e-02  5.456e-02  5.596e-02  5.745e-02  5.902e-02  6.068e-02  6.242e-02  6.426e-02  6.619e-02  6.821e-02  7.032e-02  7.253e-02  7.483e-02  7.722e-02  7.971e-02  8.230e-02  8.498e-02  8.776e-02  9.063e-02  9.359e-02  9.666e-02  9.981e-02  1.031e-01  1.064e-01  1.098e-01  1.134e-01  1.170e-01 	
 5.071e-02  5.114e-02  5.159e-02  5.204e-02  5.252e-02  5.302e-02  5.355e-02  5.412e-02  5.474e-02  5.542e-02  5.617e-02  5.699e-02  5.789e-02  5.888e-02  5.997e-02  6.115e-02  6.245e-02  6.385e-02  6.536e-02  6.700e-02  6.875e-02  7.062e-02  7.263e-02  7.476e-02  7.702e-02  7.941e-02  8.194e-02  8.460e-02  8.740e-02  9.033e-02  9.340e-02  9.661e-02  9.996e-02  1.034e-01  1.071e-01  1.108e-01  1.147e-01  1.187e-01  1.229e-01  1.272e-01  1.316e-01  1.361e-01  1.408e-01  1.456e-01  1.505e-01  1.555e-01  1.606e-01  1.658e-01  1.711e-01  1.764e-01 	
 6.634e-02  6.678e-02  6.728e-02  6.784e-02  6.846e-02  6.916e-02  6.994e-02  7.082e-02  7.182e-02  7.294e-02  7.419e-02  7.559e-02  7.714e-02  7.885e-02  8.072e-02  8.277e-02  8.500e-02  8.740e-02  9.000e-02  9.278e-02  9.575e-02  9.892e-02  1.023e-01  1.058e-01  1.096e-01  1.135e-01  1.177e-01  1.220e-01  1.266e-01  1.313e-01  1.362e-01  1.413e-01  1.466e-01  1.521e-01  1.577e-01  1.635e-01  1.695e-01  1.756e-01  1.818e-01  1.882e-01  1.947e-01  2.014e-01  2.081e-01  2.150e-01  2.219e-01  2.289e-01  2.360e-01  2.432e-01  2.504e-01  2.576e-01 	
 8.538e-02  8.588e-02  8.652e-02  8.729e-02  8.822e-02  8.932e-02  9.059e-02  9.207e-02  9.376e-02  9.567e-02  9.782e-02  1.002e-01  1.029e-01  1.058e-01  1.090e-01  1.125e-01  1.162e-01  1.202e-01  1.245e-01  1.291e-01  1.340e-01  1.391e-01  1.445e-01  1.502e-01  1.562e-01  1.624e-01  1.688e-01  1.755e-01  1.825e-01  1.896e-01  1.970e-01  2.046e-01  2.123e-01  2.202e-01  2.283e-01  2.365e-01  2.448e-01  2.532e-01  2.617e-01  2.703e-01  2.789e-01  2.876e-01  2.962e-01  3.049e-01  3.136e-01  3.222e-01  3.307e-01  3.393e-01  3.477e-01  3.560e-01 	
 1.081e-01  1.088e-01  1.097e-01  1.110e-01  1.125e-01  1.144e-01  1.165e-01  1.191e-01  1.220e-01  1.252e-01  1.289e-01  1.329e-01  1.374e-01  1.422e-01  1.475e-01  1.531e-01  1.591e-01  1.656e-01  1.724e-01  1.796e-01  1.871e-01  1.950e-01  2.032e-01  2.117e-01  2.205e-01  2.295e-01  2.388e-01  2.483e-01  2.580e-01  2.679e-01  2.778e-01  2.879e-01  2.980e-01  3.082e-01  3.184e-01  3.286e-01  3.388e-01  3.489e-01  3.589e-01  3.688e-01  3.786e-01  3.882e-01  3.976e-01  4.069e-01  4.160e-01  4.249e-01  4.336e-01  4.420e-01  4.502e-01  4.581e-01 	
 1.346e-01  1.358e-01  1.374e-01  1.395e-01  1.422e-01  1.453e-01  1.491e-01  1.533e-01  1.582e-01  1.636e-01  1.696e-01  1.762e-01  1.833e-01  1.910e-01  1.992e-01  2.079e-01  2.171e-01  2.267e-01  2.367e-01  2.472e-01  2.580e-01  2.690e-01  2.804e-01  2.919e-01  3.036e-01  3.154e-01  3.273e-01  3.392e-01  3.510e-01  3.628e-01  3.745e-01  3.861e-01  3.975e-01  4.087e-01  4.196e-01  4.303e-01  4.407e-01  4.508e-01  4.606e-01  4.701e-01  4.792e-01  4.880e-01  4.965e-01  5.046e-01  5.123e-01  5.197e-01  5.268e-01  5.335e-01  5.399e-01  5.460e-01 	
 1.651e-01  1.671e-01  1.700e-01  1.737e-01  1.782e-01  1.836e-01  1.897e-01  1.967e-01  2.045e-01  2.131e-01  2.224e-01  2.325e-01  2.432e-01  2.545e-01  2.664e-01  2.788e-01  2.916e-01  3.048e-01  3.182e-01  3.318e-01  3.456e-01  3.593e-01  3.730e-01  3.866e-01  4.001e-01  4.133e-01  4.263e-01  4.389e-01  4.511e-01  4.630e-01  4.744e-01  4.854e-01  4.960e-01  5.060e-01  5.156e-01  5.248e-01  5.334e-01  5.416e-01  5.494e-01  5.567e-01  5.635e-01  5.699e-01  5.760e-01  5.816e-01  5.869e-01  5.917e-01  5.963e-01  6.005e-01  6.044e-01  6.080e-01 	
 1.992e-01  2.030e-01  2.080e-01  2.142e-01  2.217e-01  2.303e-01  2.401e-01  2.509e-01  2.627e-01  2.754e-01  2.889e-01  3.031e-01  3.179e-01  3.331e-01  3.487e-01  3.644e-01  3.802e-01  3.960e-01  4.115e-01  4.269e-01  4.418e-01  4.563e-01  4.704e-01  4.838e-01  4.967e-01  5.089e-01  5.206e-01  5.315e-01  5.419e-01  5.515e-01  5.606e-01  5.690e-01  5.769e-01  5.842e-01  5.909e-01  5.971e-01  6.028e-01  6.081e-01  6.129e-01  6.172e-01  6.212e-01  6.248e-01  6.281e-01  6.311e-01  6.337e-01  6.361e-01  6.382e-01  6.401e-01  6.417e-01  6.432e-01 	
 2.367e-01  2.433e-01  2.517e-01  2.618e-01  2.734e-01  2.865e-01  3.009e-01  3.164e-01  3.328e-01  3.500e-01  3.676e-01  3.856e-01  4.037e-01  4.217e-01  4.393e-01  4.566e-01  4.732e-01  4.892e-01  5.044e-01  5.187e-01  5.323e-01  5.449e-01  5.566e-01  5.675e-01  5.775e-01  5.867e-01  5.951e-01  6.027e-01  6.097e-01  6.160e-01  6.216e-01  6.267e-01  6.312e-01  6.353e-01  6.389e-01  6.420e-01  6.448e-01  6.473e-01  6.494e-01  6.512e-01  6.527e-01  6.540e-01  6.550e-01  6.559e-01  6.565e-01  6.570e-01  6.573e-01  6.575e-01  6.576e-01  6.576e-01 	
 2.773e-01  2.881e-01  3.012e-01  3.164e-01  3.333e-01  3.516e-01  3.711e-01  3.912e-01  4.117e-01  4.323e-01  4.526e-01  4.723e-01  4.913e-01  5.093e-01  5.262e-01  5.420e-01  5.566e-01  5.699e-01  5.821e-01  5.932e-01  6.031e-01  6.120e-01  6.199e-01  6.269e-01  6.330e-01  6.384e-01  6.431e-01  6.472e-01  6.507e-01  6.537e-01  6.562e-01  6.583e-01  6.601e-01  6.614e-01  6.625e-01  6.634e-01  6.639e-01  6.643e-01  6.645e-01  6.645e-01  6.643e-01  6.641e-01  6.637e-01  6.632e-01  6.626e-01  6.619e-01  6.611e-01  6.603e-01  6.595e-01  6.585e-01 	
 3.204e-01  3.369e-01  3.560e-01  3.771e-01  3.996e-01  4.228e-01  4.462e-01  4.694e-01  4.917e-01  5.130e-01  5.329e-01  5.512e-01  5.680e-01  5.831e-01  5.966e-01  6.085e-01  6.190e-01  6.281e-01  6.360e-01  6.428e-01  6.485e-01  6.534e-01  6.574e-01  6.608e-01  6.635e-01  6.656e-01  6.673e-01  6.685e-01  6.694e-01  6.699e-01  6.702e-01  6.702e-01  6.700e-01  6.696e-01  6.691e-01  6.684e-01  6.676e-01  6.667e-01  6.657e-01  6.647e-01  6.635e-01  6.624e-01  6.612e-01  6.599e-01  6.586e-01  6.573e-01  6.560e-01  6.547e-01  6.534e-01  6.521e-01 	
 3.657e-01  3.891e-01  4.146e-01  4.411e-01  4.678e-01  4.939e-01  5.187e-01  5.416e-01  5.626e-01  5.813e-01  5.979e-01  6.123e-01  6.246e-01  6.351e-01  6.440e-01  6.513e-01  6.573e-01  6.622e-01  6.661e-01  6.691e-01  6.713e-01  6.729e-01  6.740e-01  6.746e-01  6.748e-01  6.747e-01  6.743e-01  6.737e-01  6.729e-01  6.719e-01  6.707e-01  6.695e-01  6.682e-01  6.668e-01  6.653e-01  6.638e-01  6.622e-01  6.607e-01  6.591e-01  6.575e-01  6.559e-01  6.543e-01  6.527e-01  6.511e-01  6.496e-01  6.480e-01  6.465e-01  6.449e-01  6.435e-01  6.420e-01 	
 4.126e-01  4.428e-01  4.735e-01  5.034e-01  5.315e-01  5.571e-01  5.799e-01  5.997e-01  6.165e-01  6.306e-01  6.423e-01  6.517e-01  6.593e-01  6.652e-01  6.697e-01  6.731e-01  6.754e-01  6.770e-01  6.778e-01  6.781e-01  6.779e-01  6.774e-01  6.765e-01  6.754e-01  6.741e-01  6.726e-01  6.710e-01  6.692e-01  6.675e-01  6.656e-01  6.637e-01  6.618e-01  6.599e-01  6.580e-01  6.561e-01  6.542e-01  6.523e-01  6.505e-01  6.486e-01  6.468e-01  6.450e-01  6.433e-01  6.416e-01  6.399e-01  6.383e-01  6.367e-01  6.351e-01  6.336e-01  6.321e-01  6.306e-01 	
 4.602e-01  4.953e-01  5.284e-01  5.583e-01  5.845e-01  6.066e-01  6.249e-01  6.397e-01  6.514e-01  6.605e-01  6.674e-01  6.724e-01  6.759e-01  6.781e-01  6.793e-01  6.798e-01  6.796e-01  6.789e-01  6.777e-01  6.763e-01  6.746e-01  6.728e-01  6.708e-01  6.686e-01  6.665e-01  6.642e-01  6.620e-01  6.597e-01  6.575e-01  6.552e-01  6.530e-01  6.508e-01  6.487e-01  6.466e-01  6.445e-01  6.425e-01  6.405e-01  6.386e-01  6.367e-01  6.349e-01  6.331e-01  6.314e-01  6.297e-01  6.281e-01  6.265e-01  6.250e-01  6.235e-01  6.221e-01  6.207e-01  6.193e-01 	
 5.064e-01  5.432e-01  5.752e-01  6.020e-01  6.236e-01  6.406e-01  6.536e-01  6.633e-01  6.702e-01  6.749e-01  6.778e-01  6.794e-01  6.799e-01  6.795e-01  6.786e-01  6.771e-01  6.753e-01  6.732e-01  6.709e-01  6.684e-01  6.659e-01  6.633e-01  6.607e-01  6.581e-01  6.555e-01  6.530e-01  6.504e-01  6.480e-01  6.455e-01  6.432e-01  6.409e-01  6.387e-01  6.365e-01  6.344e-01  6.323e-01  6.304e-01  6.285e-01  6.266e-01  6.248e-01  6.231e-01  6.214e-01  6.198e-01  6.183e-01  6.168e-01  6.153e-01  6.139e-01  6.126e-01  6.113e-01  6.100e-01  6.088e-01 	
 5.497e-01  5.844e-01  6.123e-01  6.338e-01  6.498e-01  6.613e-01  6.692e-01  6.743e-01  6.773e-01  6.786e-01  6.786e-01  6.778e-01  6.762e-01  6.742e-01  6.718e-01  6.691e-01  6.663e-01  6.634e-01  6.605e-01  6.575e-01  6.546e-01  6.517e-01  6.488e-01  6.460e-01  6.433e-01  6.407e-01  6.381e-01  6.356e-01  6.332e-01  6.309e-01  6.287e-01  6.265e-01  6.245e-01  6.225e-01  6.206e-01  6.187e-01  6.170e-01  6.153e-01  6.136e-01  6.121e-01  6.106e-01  6.091e-01  6.077e-01  6.064e-01  6.051e-01  6.039e-01  6.027e-01  6.016e-01  6.005e-01  5.995e-01 	
 5.890e-01  6.185e-01  6.402e-01  6.555e-01  6.658e-01  6.721e-01  6.757e-01  6.771e-01  6.770e-01  6.757e-01  6.737e-01  6.712e-01  6.683e-01  6.652e-01  6.619e-01  6.586e-01  6.553e-01  6.520e-01  6.487e-01  6.455e-01  6.424e-01  6.395e-01  6.366e-01  6.338e-01  6.311e-01  6.285e-01  6.261e-01  6.237e-01  6.214e-01  6.193e-01  6.172e-01  6.152e-01  6.133e-01  6.115e-01  6.098e-01  6.081e-01  6.066e-01  6.050e-01  6.036e-01  6.022e-01  6.009e-01  5.997e-01  5.985e-01  5.973e-01  5.962e-01  5.952e-01  5.942e-01  5.932e-01  5.923e-01  5.915e-01 	
 6.232e-01  6.453e-01  6.599e-01  6.689e-01  6.738e-01  6.758e-01  6.758e-01  6.743e-01  6.719e-01  6.689e-01  6.655e-01  6.619e-01  6.582e-01  6.544e-01  6.507e-01  6.470e-01  6.434e-01  6.400e-01  6.367e-01  6.335e-01  6.304e-01  6.275e-01  6.247e-01  6.221e-01  6.196e-01  6.172e-01  6.149e-01  6.127e-01  6.107e-01  6.087e-01  6.068e-01  6.051e-01  6.034e-01  6.018e-01  6.003e-01  5.988e-01  5.975e-01  5.962e-01  5.949e-01  5.938e-01  5.927e-01  5.916e-01  5.906e-01  5.896e-01  5.887e-01  5.879e-01  5.871e-01  5.863e-01  5.855e-01  5.848e-01 	
 6.493e-01  6.635e-01  6.713e-01  6.747e-01  6.752e-01  6.738e-01  6.711e-01  6.676e-01  6.637e-01  6.595e-01  6.553e-01  6.510e-01  6.469e-01  6.428e-01  6.389e-01  6.352e-01  6.316e-01  6.282e-01  6.250e-01  6.220e-01  6.191e-01  6.164e-01  6.138e-01  6.113e-01  6.091e-01  6.069e-01  6.048e-01  6.029e-01  6.011e-01  5.994e-01  5.978e-01  5.962e-01  5.948e-01  5.934e-01  5.921e-01  5.909e-01  5.898e-01  5.887e-01  5.876e-01  5.867e-01  5.858e-01  5.849e-01  5.841e-01  5.833e-01  5.826e-01  5.819e-01  5.812e-01  5.806e-01  5.801e-01  5.795e-01 	
 6.652e-01  6.722e-01  6.745e-01  6.737e-01  6.710e-01  6.673e-01  6.628e-01  6.581e-01  6.533e-01  6.485e-01  6.439e-01  6.394e-01  6.351e-01  6.311e-01  6.272e-01  6.236e-01  6.202e-01  6.171e-01  6.141e-01  6.113e-01  6.087e-01  6.062e-01  6.039e-01  6.017e-01  5.997e-01  5.978e-01  5.961e-01  5.944e-01  5.928e-01  5.914e-01  5.900e-01  5.887e-01  5.875e-01  5.864e-01  5.853e-01  5.843e-01  5.834e-01  5.825e-01  5.817e-01  5.809e-01  5.802e-01  5.795e-01  5.788e-01  5.782e-01  5.777e-01  5.771e-01  5.766e-01  5.762e-01  5.757e-01  5.753e-01 	
 6.718e-01  6.732e-01  6.714e-01  6.677e-01  6.630e-01  6.578e-01  6.524e-01  6.470e-01  6.418e-01  6.369e-01  6.322e-01  6.278e-01  6.236e-01  6.198e-01  6.162e-01  6.129e-01  6.098e-01  6.069e-01  6.042e-01  6.017e-01  5.994e-01  5.973e-01  5.953e-01  5.934e-01  5.917e-01  5.901e-01  5.886e-01  5.872e-01  5.859e-01  5.847e-01  5.836e-01  5.825e-01  5.815e-01  5.806e-01  5.798e-01  5.790e-01  5.782e-01  5.776e-01  5.769e-01  5.763e-01  5.757e-01  5.752e-01  5.747e-01  5.743e-01  5.739e-01  5.735e-01  5.731e-01  5.728e-01  5.725e-01  5.722e-01 	
 6.718e-01  6.692e-01  6.645e-01  6.589e-01  6.529e-01  6.469e-01  6.410e-01  6.355e-01  6.303e-01  6.254e-01  6.209e-01  6.168e-01  6.130e-01  6.094e-01  6.062e-01  6.032e-01  6.004e-01  5.979e-01  5.956e-01  5.934e-01  5.915e-01  5.896e-01  5.880e-01  5.864e-01  5.850e-01  5.837e-01  5.824e-01  5.813e-01  5.803e-01  5.793e-01  5.784e-01  5.776e-01  5.768e-01  5.761e-01  5.754e-01  5.748e-01  5.742e-01  5.737e-01  5.732e-01  5.728e-01  5.724e-01  5.720e-01  5.716e-01  5.713e-01  5.710e-01  5.707e-01  5.705e-01  5.703e-01  5.701e-01  5.699e-01 	
 6.673e-01  6.617e-01  6.552e-01  6.485e-01  6.418e-01  6.356e-01  6.297e-01  6.243e-01  6.193e-01  6.147e-01  6.106e-01  6.068e-01  6.033e-01  6.002e-01  5.974e-01  5.948e-01  5.924e-01  5.902e-01  5.883e-01  5.865e-01  5.848e-01  5.833e-01  5.819e-01  5.807e-01  5.795e-01  5.785e-01  5.775e-01  5.766e-01  5.758e-01  5.750e-01  5.743e-01  5.737e-01  5.731e-01  5.726e-01  5.721e-01  5.716e-01  5.712e-01  5.708e-01  5.705e-01  5.702e-01  5.699e-01  5.696e-01  5.694e-01  5.691e-01  5.689e-01  5.688e-01  5.686e-01  5.685e-01  5.683e-01  5.682e-01 	
 6.594e-01  6.520e-01  6.445e-01  6.373e-01  6.306e-01  6.244e-01  6.188e-01  6.137e-01  6.091e-01  6.050e-01  6.013e-01  5.980e-01  5.950e-01  5.923e-01  5.898e-01  5.876e-01  5.856e-01  5.839e-01  5.822e-01  5.808e-01  5.794e-01  5.782e-01  5.771e-01  5.761e-01  5.752e-01  5.744e-01  5.736e-01  5.730e-01  5.723e-01  5.718e-01  5.713e-01  5.708e-01  5.704e-01  5.700e-01  5.696e-01  5.693e-01  5.690e-01  5.687e-01  5.685e-01  5.683e-01  5.681e-01  5.679e-01  5.678e-01  5.676e-01  5.675e-01  5.674e-01  5.673e-01  5.672e-01  5.672e-01  5.671e-01 	
 6.496e-01  6.413e-01  6.335e-01  6.263e-01  6.197e-01  6.139e-01  6.087e-01  6.041e-01  6.001e-01  5.964e-01  5.932e-01  5.904e-01  5.878e-01  5.856e-01  5.835e-01  5.817e-01  5.801e-01  5.787e-01  5.774e-01  5.762e-01  5.752e-01  5.742e-01  5.734e-01  5.726e-01  5.719e-01  5.713e-01  5.707e-01  5.702e-01  5.698e-01  5.694e-01  5.690e-01  5.686e-01  5.683e-01  5.681e-01  5.678e-01  5.676e-01  5.674e-01  5.673e-01  5.671e-01  5.670e-01  5.669e-01  5.668e-01  5.667e-01  5.666e-01  5.665e-01  5.665e-01  5.665e-01  5.664e-01  5.664e-01  5.664e-01 	
 6.389e-01  6.303e-01  6.226e-01  6.158e-01  6.097e-01  6.044e-01  5.998e-01  5.958e-01  5.922e-01  5.892e-01  5.864e-01  5.841e-01  5.820e-01  5.801e-01  5.785e-01  5.770e-01  5.757e-01  5.746e-01  5.736e-01  5.727e-01  5.719e-01  5.712e-01  5.705e-01  5.700e-01  5.695e-01  5.690e-01  5.686e-01  5.682e-01  5.679e-01  5.676e-01  5.674e-01  5.671e-01  5.669e-01  5.668e-01  5.666e-01  5.665e-01  5.664e-01  5.663e-01  5.662e-01  5.661e-01  5.660e-01  5.660e-01  5.660e-01  5.659e-01  5.659e-01  5.659e-01  5.659e-01  5.659e-01  5.659e-01  5.660e-01 	
 6.281e-01  6.197e-01  6.124e-01  6.061e-01  6.007e-01  5.961e-01  5.921e-01  5.886e-01  5.857e-01  5.831e-01  5.809e-01  5.789e-01  5.772e-01  5.758e-01  5.745e-01  5.733e-01  5.723e-01  5.715e-01  5.707e-01  5.700e-01  5.694e-01  5.689e-01  5.684e-01  5.680e-01  5.677e-01  5.674e-01  5.671e-01  5.668e-01  5.666e-01  5.664e-01  5.663e-01  5.661e-01  5.660e-01  5.659e-01  5.658e-01  5.657e-01  5.657e-01  5.656e-01  5.656e-01  5.656e-01  5.655e-01  5.655e-01  5.655e-01  5.655e-01  5.656e-01  5.656e-01  5.656e-01  5.657e-01  5.657e-01  5.657e-01 	
 6.176e-01  6.098e-01  6.032e-01  5.976e-01  5.929e-01  5.889e-01  5.856e-01  5.827e-01  5.802e-01  5.782e-01  5.764e-01  5.748e-01  5.735e-01  5.724e-01  5.714e-01  5.705e-01  5.698e-01  5.691e-01  5.686e-01  5.681e-01  5.677e-01  5.673e-01  5.670e-01  5.667e-01  5.664e-01  5.662e-01  5.660e-01  5.659e-01  5.657e-01  5.656e-01  5.655e-01  5.654e-01  5.654e-01  5.653e-01  5.653e-01  5.653e-01  5.652e-01  5.652e-01  5.652e-01  5.652e-01  5.653e-01  5.653e-01  5.653e-01  5.653e-01  5.654e-01  5.654e-01  5.655e-01  5.655e-01  5.656e-01  5.657e-01 	
 6.079e-01  6.009e-01  5.951e-01  5.903e-01  5.863e-01  5.830e-01  5.802e-01  5.779e-01  5.759e-01  5.743e-01  5.729e-01  5.717e-01  5.707e-01  5.698e-01  5.691e-01  5.685e-01  5.679e-01  5.674e-01  5.670e-01  5.667e-01  5.664e-01  5.662e-01  5.659e-01  5.658e-01  5.656e-01  5.655e-01  5.654e-01  5.653e-01  5.652e-01  5.651e-01  5.651e-01  5.650e-01  5.650e-01  5.650e-01  5.650e-01  5.650e-01  5.650e-01  5.650e-01  5.651e-01  5.651e-01  5.651e-01  5.652e-01  5.652e-01  5.653e-01  5.653e-01  5.654e-01  5.654e-01  5.655e-01  5.656e-01  5.656e-01 	
 5.993e-01  5.931e-01  5.881e-01  5.841e-01  5.808e-01  5.781e-01  5.759e-01  5.741e-01  5.725e-01  5.713e-01  5.702e-01  5.693e-01  5.686e-01  5.680e-01  5.674e-01  5.670e-01  5.666e-01  5.663e-01  5.660e-01  5.658e-01  5.656e-01  5.654e-01  5.653e-01  5.652e-01  5.651e-01  5.650e-01  5.649e-01  5.649e-01  5.649e-01  5.648e-01  5.648e-01  5.648e-01  5.648e-01  5.648e-01  5.649e-01  5.649e-01  5.649e-01  5.649e-01  5.650e-01  5.650e-01  5.651e-01  5.651e-01  5.652e-01  5.653e-01  5.653e-01  5.654e-01  5.655e-01  5.655e-01  5.656e-01  5.657e-01 	
 5.917e-01  5.865e-01  5.823e-01  5.790e-01  5.764e-01  5.743e-01  5.725e-01  5.711e-01  5.700e-01  5.690e-01  5.682e-01  5.676e-01  5.671e-01  5.666e-01  5.662e-01  5.659e-01  5.657e-01  5.655e-01  5.653e-01  5.651e-01  5.650e-01  5.649e-01  5.648e-01  5.648e-01  5.647e-01  5.647e-01  5.647e-01  5.647e-01  5.647e-01  5.647e-01  5.647e-01  5.647e-01  5.647e-01  5.648e-01  5.648e-01  5.648e-01  5.649e-01  5.649e-01  5.650e-01  5.650e-01  5.651e-01  5.652e-01  5.652e-01  5.653e-01  5.654e-01  5.654e-01  5.655e-01  5.656e-01  5.657e-01  5.657e-01 	
 5.853e-01  5.810e-01  5.776e-01  5.750e-01  5.729e-01  5.713e-01  5.700e-01  5.689e-01  5.681e-01  5.674e-01  5.668e-01  5.664e-01  5.660e-01  5.657e-01  5.654e-01  5.652e-01  5.651e-01  5.649e-01  5.648e-01  5.648e-01  5.647e-01  5.646e-01  5.646e-01  5.646e-01  5.646e-01  5.646e-01  5.646e-01  5.646e-01  5.646e-01  5.646e-01  5.647e-01  5.647e-01  5.647e-01  5.648e-01  5.648e-01  5.649e-01  5.649e-01  5.650e-01  5.650e-01  5.651e-01  5.651e-01  5.652e-01  5.653e-01  5.653e-01  5.654e-01  5.655e-01  5.656e-01  5.656e-01  5.657e-01  5.658e-01 	
 5.800e-01  5.765e-01  5.739e-01  5.718e-01  5.703e-01  5.690e-01  5.681e-01  5.673e-01  5.667e-01  5.662e-01  5.658e-01  5.655e-01  5.653e-01  5.651e-01  5.649e-01  5.648e-01  5.647e-01  5.646e-01  5.646e-01  5.645e-01  5.645e-01  5.645e-01  5.645e-01  5.645e-01  5.645e-01  5.645e-01  5.645e-01  5.646e-01  5.646e-01  5.646e-01  5.647e-01  5.647e-01  5.648e-01  5.648e-01  5.649e-01  5.649e-01  5.650e-01  5.650e-01  5.651e-01  5.651e-01  5.652e-01  5.653e-01  5.653e-01  5.654e-01  5.655e-01  5.656e-01  5.656e-01  5.657e-01  5.658e-01  5.659e-01 	
