 9.364e-01  9.364e-01  9.364e-01  9.364e-01  9.364e-01  9.364e-01  9.364e-01  9.364e-01  9.364e-01  9.364e-01  9.364e-01  9.364e-01  9.364e-01  9.364e-01  9.364e-01  9.364e-01  9.364e-01  9.364e-01  9.364e-01  9.364e-01  9.364e-01  9.364e-01  9.364e-01  9.364e-01  9.364e-01  9.364e-01  9.364e-01  9.364e-01  9.364e-01  9.364e-01  9.364e-01  9.364e-01  9.364e-01  9.364e-01  9.364e-01  9.364e-01  9.364e-01  9.364e-01  9.364e-01  9.364e-01  9.364e-01  9.364e-01  9.364e-01  9.364e-01  9.364e-01  9.364e-01  9.364e-01  9.364e-01  9.364e-01  9.364e-01 	
 9.400e-01  9.400e-01  9.400e-01  9.400e-01  9.400e-01  9.400e-01  9.400e-01  9.400e-01  9.400e-01  9.400e-01  9.400e-01  9.400e-01  9.400e-01  9.400e-01  9.400e-01  9.400e-01  9.400e-01  9.400e-01  9.400e-01  9.400e-01  9.400e-01  9.400e-01  9.400e-01  9.400e-01  9.400e-01  9.400e-01  9.400e-01  9.400e-01  9.400e-01  9.400e-01  9.400e-01  9.400e-01  9.400e-01  9.400e-01  9.400e-01  9.400e-01  9.400e-01  9.400e-01  9.400e-01  9.400e-01  9.400e-01  9.400e-01  9.400e-01  9.400e-01  9.400e-01  9.400e-01  9.400e-01  9.400e-01  9.400e-01  9.400e-01 	
 9.534e-01  9.534e-01  9.534e-01  9.534e-01  9.534e-01  9.534e-01  9.534e-01  9.534e-01  9.534e-01  9.534e-01  9.534e-01  9.534e-01  9.534e-01  9.534e-01  9.534e-01  9.534e-01  9.534e-01  9.534e-01  9.534e-01  9.534e-01  9.534e-01  9.534e-01  9.534e-01  9.534e-01  9.534e-01  9.534e-01  9.534e-01  9.534e-01  9.534e-01  9.534e-01  9.534e-01  9.534e-01  9.534e-01  9.534e-01  9.534e-01  9.534e-01  9.534e-01  9.534e-01  9.534e-01  9.534e-01  9.534e-01  9.534e-01  9.534e-01  9.534e-01  9.534e-01  9.534e-01  9.534e-01  9.534e-01  9.534e-01  9.534e-01 	
 9.559e-01  9.559e-01  9.559e-01  9.559e-01  9.559e-01  9.559e-01  9.559e-01  9.559e-01  9.559e-01  9.559e-01  9.559e-01  9.559e-01  9.559e-01  9.559e-01  9.559e-01  9.559e-01  9.559e-01  9.559e-01  9.559e-01  9.559e-01  9.559e-01  9.559e-01  9.559e-01  9.559e-01  9.559e-01  9.559e-01  9.559e-01  9.559e-01  9.559e-01  9.559e-01  9.559e-01  9.559e-01  9.559e-01  9.559e-01  9.559e-01  9.559e-01  9.559e-01  9.559e-01  9.559e-01  9.559e-01  9.559e-01  9.559e-01  9.559e-01  9.559e-01  9.559e-01  9.559e-01  9.559e-01  9.559e-01  9.559e-01  9.559e-01 	
 9.415e-01  9.415e-01  9.415e-01  9.415e-01  9.415e-01  9.415e-01  9.415e-01  9.415e-01  9.415e-01  9.415e-01  9.415e-01  9.415e-01  9.415e-01  9.415e-01  9.415e-01  9.415e-01  9.415e-01  9.415e-01  9.415e-01  9.415e-01  9.415e-01  9.415e-01  9.415e-01  9.415e-01  9.415e-01  9.415e-01  9.415e-01  9.415e-01  9.415e-01  9.415e-01  9.415e-01  9.415e-01  9.415e-01  9.415e-01  9.415e-01  9.415e-01  9.415e-01  9.415e-01  9.415e-01  9.415e-01  9.415e-01  9.415e-01  9.415e-01  9.415e-01  9.415e-01  9.415e-01  9.415e-01  9.415e-01  9.415e-01  9.415e-01 	
 9.472e-01  9.472e-01  9.472e-01  9.472e-01  9.472e-01  9.472e-01  9.472e-01  9.472e-01  9.472e-01  9.472e-01  9.472e-01  9.472e-01  9.472e-01  9.472e-01  9.472e-01  9.472e-01  9.472e-01  9.472e-01  9.472e-01  9.472e-01  9.472e-01  9.472e-01  9.472e-01  9.472e-01  9.472e-01  9.472e-01  9.472e-01  9.472e-01  9.472e-01  9.472e-01  9.472e-01  9.472e-01  9.472e-01  9.472e-01  9.472e-01  9.472e-01  9.472e-01  9.472e-01  9.472e-01  9.472e-01  9.472e-01  9.472e-01  9.472e-01  9.472e-01  9.472e-01  9.472e-01  9.472e-01  9.472e-01  9.472e-01  9.472e-01 	
 9.186e-01  9.186e-01  9.186e-01  9.186e-01  9.186e-01  9.186e-01  9.186e-01  9.186e-01  9.186e-01  9.186e-01  9.186e-01  9.186e-01  9.186e-01  9.186e-01  9.186e-01  9.186e-01  9.186e-01  9.186e-01  9.186e-01  9.186e-01  9.186e-01  9.186e-01  9.186e-01  9.186e-01  9.186e-01  9.186e-01  9.186e-01  9.186e-01  9.186e-01  9.186e-01  9.186e-01  9.186e-01  9.186e-01  9.186e-01  9.186e-01  9.186e-01  9.186e-01  9.186e-01  9.186e-01  9.186e-01  9.186e-01  9.186e-01  9.186e-01  9.186e-01  9.186e-01  9.186e-01  9.186e-01  9.186e-01  9.186e-01  9.186e-01 	
 8.924e-01  8.924e-01  8.924e-01  8.924e-01  8.924e-01  8.924e-01  8.924e-01  8.924e-01  8.924e-01  8.924e-01  8.924e-01  8.924e-01  8.924e-01  8.924e-01  8.924e-01  8.924e-01  8.924e-01  8.924e-01  8.924e-01  8.924e-01  8.924e-01  8.924e-01  8.924e-01  8.924e-01  8.924e-01  8.924e-01  8.924e-01  8.924e-01  8.924e-01  8.924e-01  8.924e-01  8.924e-01  8.924e-01  8.924e-01  8.924e-01  8.924e-01  8.924e-01  8.924e-01  8.924e-01  8.924e-01  8.924e-01  8.924e-01  8.924e-01  8.924e-01  8.924e-01  8.924e-01  8.924e-01  8.924e-01  8.924e-01  8.924e-01 	
 8.527e-01  8.527e-01  8.527e-01  8.527e-01  8.527e-01  8.527e-01  8.527e-01  8.527e-01  8.527e-01  8.527e-01  8.527e-01  8.527e-01  8.527e-01  8.527e-01  8.527e-01  8.527e-01  8.527e-01  8.527e-01  8.527e-01  8.527e-01  8.527e-01  8.527e-01  8.527e-01  8.527e-01  8.527e-01  8.527e-01  8.527e-01  8.527e-01  8.527e-01  8.527e-01  8.527e-01  8.527e-01  8.527e-01  8.527e-01  8.527e-01  8.527e-01  8.527e-01  8.527e-01  8.527e-01  8.527e-01  8.527e-01  8.527e-01  8.527e-01  8.527e-01  8.527e-01  8.527e-01  8.527e-01  8.527e-01  8.527e-01  8.527e-01 	
 8.010e-01  8.010e-01  8.010e-01  8.010e-01  8.010e-01  8.010e-01  8.010e-01  8.010e-01  8.010e-01  8.010e-01  8.010e-01  8.010e-01  8.010e-01  8.010e-01  8.010e-01  8.010e-01  8.010e-01  8.010e-01  8.010e-01  8.010e-01  8.010e-01  8.010e-01  8.010e-01  8.010e-01  8.010e-01  8.010e-01  8.010e-01  8.010e-01  8.010e-01  8.010e-01  8.010e-01  8.010e-01  8.010e-01  8.010e-01  8.010e-01  8.010e-01  8.010e-01  8.010e-01  8.010e-01  8.010e-01  8.010e-01  8.010e-01  8.010e-01  8.010e-01  8.010e-01  8.010e-01  8.010e-01  8.010e-01  8.010e-01  8.010e-01 	
 8.034e-01  8.034e-01  8.034e-01  8.034e-01  8.034e-01  8.034e-01  8.034e-01  8.034e-01  8.034e-01  8.034e-01  8.034e-01  8.034e-01  8.034e-01  8.034e-01  8.034e-01  8.034e-01  8.034e-01  8.034e-01  8.034e-01  8.034e-01  8.034e-01  8.034e-01  8.034e-01  8.034e-01  8.034e-01  8.034e-01  8.034e-01  8.034e-01  8.034e-01  8.034e-01  8.034e-01  8.034e-01  8.034e-01  8.034e-01  8.034e-01  8.034e-01  8.034e-01  8.034e-01  8.034e-01  8.034e-01  8.034e-01  8.034e-01  8.034e-01  8.034e-01  8.034e-01  8.034e-01  8.034e-01  8.034e-01  8.034e-01  8.034e-01 	
 8.214e-01  8.214e-01  8.214e-01  8.214e-01  8.214e-01  8.214e-01  8.214e-01  8.214e-01  8.214e-01  8.214e-01  8.214e-01  8.214e-01  8.214e-01  8.214e-01  8.214e-01  8.214e-01  8.214e-01  8.214e-01  8.214e-01  8.214e-01  8.214e-01  8.214e-01  8.214e-01  8.214e-01  8.214e-01  8.214e-01  8.214e-01  8.214e-01  8.214e-01  8.214e-01  8.214e-01  8.214e-01  8.214e-01  8.214e-01  8.214e-01  8.214e-01  8.214e-01  8.214e-01  8.214e-01  8.214e-01  8.214e-01  8.214e-01  8.214e-01  8.214e-01  8.214e-01  8.214e-01  8.214e-01  8.214e-01  8.214e-01  8.214e-01 	
 8.261e-01  8.261e-01  8.261e-01  8.261e-01  8.261e-01  8.261e-01  8.261e-01  8.261e-01  8.261e-01  8.261e-01  8.261e-01  8.261e-01  8.261e-01  8.261e-01  8.261e-01  8.261e-01  8.261e-01  8.261e-01  8.261e-01  8.261e-01  8.261e-01  8.261e-01  8.261e-01  8.261e-01  8.261e-01  8.261e-01  8.261e-01  8.261e-01  8.261e-01  8.261e-01  8.261e-01  8.261e-01  8.261e-01  8.261e-01  8.261e-01  8.261e-01  8.261e-01  8.261e-01  8.261e-01  8.261e-01  8.261e-01  8.261e-01  8.261e-01  8.261e-01  8.261e-01  8.261e-01  8.261e-01  8.261e-01  8.261e-01  8.261e-01 	
 7.568e-01  7.568e-01  7.568e-01  7.568e-01  7.568e-01  7.568e-01  7.568e-01  7.568e-01  7.568e-01  7.568e-01  7.568e-01  7.568e-01  7.568e-01  7.568e-01  7.568e-01  7.568e-01  7.568e-01  7.568e-01  7.568e-01  7.568e-01  7.568e-01  7.568e-01  7.568e-01  7.568e-01  7.568e-01  7.568e-01  7.568e-01  7.568e-01  7.568e-01  7.568e-01  7.568e-01  7.568e-01  7.568e-01  7.568e-01  7.568e-01  7.568e-01  7.568e-01  7.568e-01  7.568e-01  7.568e-01  7.568e-01  7.568e-01  7.568e-01  7.568e-01  7.568e-01  7.568e-01  7.568e-01  7.568e-01  7.568e-01  7.568e-01 	
 7.651e-01  7.651e-01  7.651e-01  7.651e-01  7.651e-01  7.651e-01  7.651e-01  7.651e-01  7.651e-01  7.651e-01  7.651e-01  7.651e-01  7.651e-01  7.651e-01  7.651e-01  7.651e-01  7.651e-01  7.651e-01  7.651e-01  7.651e-01  7.651e-01  7.651e-01  7.651e-01  7.651e-01  7.651e-01  7.651e-01  7.651e-01  7.651e-01  7.651e-01  7.651e-01  7.651e-01  7.651e-01  7.651e-01  7.651e-01  7.651e-01  7.651e-01  7.651e-01  7.651e-01  7.651e-01  7.651e-01  7.651e-01  7.651e-01  7.651e-01  7.651e-01  7.651e-01  7.651e-01  7.651e-01  7.651e-01  7.651e-01  7.651e-01 	
 7.781e-01  7.781e-01  7.781e-01  7.781e-01  7.781e-01  7.781e-01  7.781e-01  7.781e-01  7.781e-01  7.781e-01  7.781e-01  7.781e-01  7.781e-01  7.781e-01  7.781e-01  7.781e-01  7.781e-01  7.781e-01  7.781e-01  7.781e-01  7.781e-01  7.781e-01  7.781e-01  7.781e-01  7.781e-01  7.781e-01  7.781e-01  7.781e-01  7.781e-01  7.781e-01  7.781e-01  7.781e-01  7.781e-01  7.781e-01  7.781e-01  7.781e-01  7.781e-01  7.781e-01  7.781e-01  7.781e-01  7.781e-01  7.781e-01  7.781e-01  7.781e-01  7.781e-01  7.781e-01  7.781e-01  7.781e-01  7.781e-01  7.781e-01 	
 6.875e-01  6.875e-01  6.875e-01  6.875e-01  6.875e-01  6.875e-01  6.875e-01  6.875e-01  6.875e-01  6.875e-01  6.875e-01  6.875e-01  6.875e-01  6.875e-01  6.875e-01  6.875e-01  6.875e-01  6.875e-01  6.875e-01  6.875e-01  6.875e-01  6.875e-01  6.875e-01  6.875e-01  6.875e-01  6.875e-01  6.875e-01  6.875e-01  6.875e-01  6.875e-01  6.875e-01  6.875e-01  6.875e-01  6.875e-01  6.875e-01  6.875e-01  6.875e-01  6.875e-01  6.875e-01  6.875e-01  6.875e-01  6.875e-01  6.875e-01  6.875e-01  6.875e-01  6.875e-01  6.875e-01  6.875e-01  6.875e-01  6.875e-01 	
 7.262e-01  7.262e-01  7.262e-01  7.262e-01  7.262e-01  7.262e-01  7.262e-01  7.262e-01  7.262e-01  7.262e-01  7.262e-01  7.262e-01  7.262e-01  7.262e-01  7.262e-01  7.262e-01  7.262e-01  7.262e-01  7.262e-01  7.262e-01  7.262e-01  7.262e-01  7.262e-01  7.262e-01  7.262e-01  7.262e-01  7.262e-01  7.262e-01  7.262e-01  7.262e-01  7.262e-01  7.262e-01  7.262e-01  7.262e-01  7.262e-01  7.262e-01  7.262e-01  7.262e-01  7.262e-01  7.262e-01  7.262e-01  7.262e-01  7.262e-01  7.262e-01  7.262e-01  7.262e-01  7.262e-01  7.262e-01  7.262e-01  7.262e-01 	
 6.595e-01  6.595e-01  6.595e-01  6.595e-01  6.595e-01  6.595e-01  6.595e-01  6.595e-01  6.595e-01  6.595e-01  6.595e-01  6.595e-01  6.595e-01  6.595e-01  6.595e-01  6.595e-01  6.595e-01  6.595e-01  6.595e-01  6.595e-01  6.595e-01  6.595e-01  6.595e-01  6.595e-01  6.595e-01  6.595e-01  6.595e-01  6.595e-01  6.595e-01  6.595e-01  6.595e-01  6.595e-01  6.595e-01  6.595e-01  6.595e-01  6.595e-01  6.595e-01  6.595e-01  6.595e-01  6.595e-01  6.595e-01  6.595e-01  6.595e-01  6.595e-01  6.595e-01  6.595e-01  6.595e-01  6.595e-01  6.595e-01  6.595e-01 	
 6.766e-01  6.766e-01  6.766e-01  6.766e-01  6.766e-01  6.766e-01  6.766e-01  6.766e-01  6.766e-01  6.766e-01  6.766e-01  6.766e-01  6.766e-01  6.766e-01  6.766e-01  6.766e-01  6.766e-01  6.766e-01  6.766e-01  6.766e-01  6.766e-01  6.766e-01  6.766e-01  6.766e-01  6.766e-01  6.766e-01  6.766e-01  6.766e-01  6.766e-01  6.766e-01  6.766e-01  6.766e-01  6.766e-01  6.766e-01  6.766e-01  6.766e-01  6.766e-01  6.766e-01  6.766e-01  6.766e-01  6.766e-01  6.766e-01  6.766e-01  6.766e-01  6.766e-01  6.766e-01  6.766e-01  6.766e-01  6.766e-01  6.766e-01 	
 6.609e-01  6.609e-01  6.609e-01  6.609e-01  6.609e-01  6.609e-01  6.609e-01  6.609e-01  6.609e-01  6.609e-01  6.609e-01  6.609e-01  6.609e-01  6.609e-01  6.609e-01  6.609e-01  6.609e-01  6.609e-01  6.609e-01  6.609e-01  6.609e-01  6.609e-01  6.609e-01  6.609e-01  6.609e-01  6.609e-01  6.609e-01  6.609e-01  6.609e-01  6.609e-01  6.609e-01  6.609e-01  6.609e-01  6.609e-01  6.609e-01  6.609e-01  6.609e-01  6.609e-01  6.609e-01  6.609e-01  6.609e-01  6.609e-01  6.609e-01  6.609e-01  6.609e-01  6.609e-01  6.609e-01  6.609e-01  6.609e-01  6.609e-01 	
 6.381e-01  6.381e-01  6.381e-01  6.381e-01  6.381e-01  6.381e-01  6.381e-01  6.381e-01  6.381e-01  6.381e-01  6.381e-01  6.381e-01  6.381e-01  6.381e-01  6.381e-01  6.381e-01  6.381e-01  6.381e-01  6.381e-01  6.381e-01  6.381e-01  6.381e-01  6.381e-01  6.381e-01  6.381e-01  6.381e-01  6.381e-01  6.381e-01  6.381e-01  6.381e-01  6.381e-01  6.381e-01  6.381e-01  6.381e-01  6.381e-01  6.381e-01  6.381e-01  6.381e-01  6.381e-01  6.381e-01  6.381e-01  6.381e-01  6.381e-01  6.381e-01  6.381e-01  6.381e-01  6.381e-01  6.381e-01  6.381e-01  6.381e-01 	
 6.259e-01  6.259e-01  6.259e-01  6.259e-01  6.259e-01  6.259e-01  6.259e-01  6.259e-01  6.259e-01  6.259e-01  6.259e-01  6.259e-01  6.259e-01  6.259e-01  6.259e-01  6.259e-01  6.259e-01  6.259e-01  6.259e-01  6.259e-01  6.259e-01  6.259e-01  6.259e-01  6.259e-01  6.259e-01  6.259e-01  6.259e-01  6.259e-01  6.259e-01  6.259e-01  6.259e-01  6.259e-01  6.259e-01  6.259e-01  6.259e-01  6.259e-01  6.259e-01  6.259e-01  6.259e-01  6.259e-01  6.259e-01  6.259e-01  6.259e-01  6.259e-01  6.259e-01  6.259e-01  6.259e-01  6.259e-01  6.259e-01  6.259e-01 	
 6.117e-01  6.117e-01  6.117e-01  6.117e-01  6.117e-01  6.117e-01  6.117e-01  6.117e-01  6.117e-01  6.117e-01  6.117e-01  6.117e-01  6.117e-01  6.117e-01  6.117e-01  6.117e-01  6.117e-01  6.117e-01  6.117e-01  6.117e-01  6.117e-01  6.117e-01  6.117e-01  6.117e-01  6.117e-01  6.117e-01  6.117e-01  6.117e-01  6.117e-01  6.117e-01  6.117e-01  6.117e-01  6.117e-01  6.117e-01  6.117e-01  6.117e-01  6.117e-01  6.117e-01  6.117e-01  6.117e-01  6.117e-01  6.117e-01  6.117e-01  6.117e-01  6.117e-01  6.117e-01  6.117e-01  6.117e-01  6.117e-01  6.117e-01 	
 5.951e-01  5.951e-01  5.951e-01  5.951e-01  5.951e-01  5.951e-01  5.951e-01  5.951e-01  5.951e-01  5.951e-01  5.951e-01  5.951e-01  5.951e-01  5.951e-01  5.951e-01  5.951e-01  5.951e-01  5.951e-01  5.951e-01  5.951e-01  5.951e-01  5.951e-01  5.951e-01  5.951e-01  5.951e-01  5.951e-01  5.951e-01  5.951e-01  5.951e-01  5.951e-01  5.951e-01  5.951e-01  5.951e-01  5.951e-01  5.951e-01  5.951e-01  5.951e-01  5.951e-01  5.951e-01  5.951e-01  5.951e-01  5.951e-01  5.951e-01  5.951e-01  5.951e-01  5.951e-01  5.951e-01  5.951e-01  5.951e-01  5.951e-01 	
 5.852e-01  5.852e-01  5.852e-01  5.852e-01  5.852e-01  5.852e-01  5.852e-01  5.852e-01  5.852e-01  5.852e-01  5.852e-01  5.852e-01  5.852e-01  5.852e-01  5.852e-01  5.852e-01  5.852e-01  5.852e-01  5.852e-01  5.852e-01  5.852e-01  5.852e-01  5.852e-01  5.852e-01  5.852e-01  5.852e-01  5.852e-01  5.852e-01  5.852e-01  5.852e-01  5.852e-01  5.852e-01  5.852e-01  5.852e-01  5.852e-01  5.852e-01  5.852e-01  5.852e-01  5.852e-01  5.852e-01  5.852e-01  5.852e-01  5.852e-01  5.852e-01  5.852e-01  5.852e-01  5.852e-01  5.852e-01  5.852e-01  5.852e-01 	
 5.743e-01  5.743e-01  5.743e-01  5.743e-01  5.743e-01  5.743e-01  5.743e-01  5.743e-01  5.743e-01  5.743e-01  5.743e-01  5.743e-01  5.743e-01  5.743e-01  5.743e-01  5.743e-01  5.743e-01  5.743e-01  5.743e-01  5.743e-01  5.743e-01  5.743e-01  5.743e-01  5.743e-01  5.743e-01  5.743e-01  5.743e-01  5.743e-01  5.743e-01  5.743e-01  5.743e-01  5.743e-01  5.743e-01  5.743e-01  5.743e-01  5.743e-01  5.743e-01  5.743e-01  5.743e-01  5.743e-01  5.743e-01  5.743e-01  5.743e-01  5.743e-01  5.743e-01  5.743e-01  5.743e-01  5.743e-01  5.743e-01  5.743e-01 	
 5.703e-01  5.703e-01  5.703e-01  5.703e-01  5.703e-01  5.703e-01  5.703e-01  5.703e-01  5.703e-01  5.703e-01  5.703e-01  5.703e-01  5.703e-01  5.703e-01  5.703e-01  5.703e-01  5.703e-01  5.703e-01  5.703e-01  5.703e-01  5.703e-01  5.703e-01  5.703e-01  5.703e-01  5.703e-01  5.703e-01  5.703e-01  5.703e-01  5.703e-01  5.703e-01  5.703e-01  5.703e-01  5.703e-01  5.703e-01  5.703e-01  5.703e-01  5.703e-01  5.703e-01  5.703e-01  5.703e-01  5.703e-01  5.703e-01  5.703e-01  5.703e-01  5.703e-01  5.703e-01  5.703e-01  5.703e-01  5.703e-01  5.703e-01 	
 5.700e-01  5.700e-01  5.700e-01  5.700e-01  5.700e-01  5.700e-01  5.700e-01  5.700e-01  5.700e-01  5.700e-01  5.700e-01  5.700e-01  5.700e-01  5.700e-01  5.700e-01  5.700e-01  5.700e-01  5.700e-01  5.700e-01  5.700e-01  5.700e-01  5.700e-01  5.700e-01  5.700e-01  5.700e-01  5.700e-01  5.700e-01  5.700e-01  5.700e-01  5.700e-01  5.700e-01  5.700e-01  5.700e-01  5.700e-01  5.700e-01  5.700e-01  5.700e-01  5.700e-01  5.700e-01  5.700e-01  5.700e-01  5.700e-01  5.700e-01  5.700e-01  5.700e-01  5.700e-01  5.700e-01  5.700e-01  5.700e-01  5.700e-01 	
 5.664e-01  5.664e-01  5.664e-01  5.664e-01  5.664e-01  5.664e-01  5.664e-01  5.664e-01  5.664e-01  5.664e-01  5.664e-01  5.664e-01  5.664e-01  5.664e-01  5.664e-01  5.664e-01  5.664e-01  5.664e-01  5.664e-01  5.664e-01  5.664e-01  5.664e-01  5.664e-01  5.664e-01  5.664e-01  5.664e-01  5.664e-01  5.664e-01  5.664e-01  5.664e-01  5.664e-01  5.664e-01  5.664e-01  5.664e-01  5.664e-01  5.664e-01  5.664e-01  5.664e-01  5.664e-01  5.664e-01  5.664e-01  5.664e-01  5.664e-01  5.664e-01  5.664e-01  5.664e-01  5.664e-01  5.664e-01  5.664e-01  5.664e-01 	
 5.660e-01  5.660e-01  5.660e-01  5.660e-01  5.660e-01  5.660e-01  5.660e-01  5.660e-01  5.660e-01  5.660e-01  5.660e-01  5.660e-01  5.660e-01  5.660e-01  5.660e-01  5.660e-01  5.660e-01  5.660e-01  5.660e-01  5.660e-01  5.660e-01  5.660e-01  5.660e-01  5.660e-01  5.660e-01  5.660e-01  5.660e-01  5.660e-01  5.660e-01  5.660e-01  5.660e-01  5.660e-01  5.660e-01  5.660e-01  5.660e-01  5.660e-01  5.660e-01  5.660e-01  5.660e-01  5.660e-01  5.660e-01  5.660e-01  5.660e-01  5.660e-01  5.660e-01  5.660e-01  5.660e-01  5.660e-01  5.660e-01  5.660e-01 	
 5.668e-01  5.668e-01  5.668e-01  5.668e-01  5.668e-01  5.668e-01  5.668e-01  5.668e-01  5.668e-01  5.668e-01  5.668e-01  5.668e-01  5.668e-01  5.668e-01  5.668e-01  5.668e-01  5.668e-01  5.668e-01  5.668e-01  5.668e-01  5.668e-01  5.668e-01  5.668e-01  5.668e-01  5.668e-01  5.668e-01  5.668e-01  5.668e-01  5.668e-01  5.668e-01  5.668e-01  5.668e-01  5.668e-01  5.668e-01  5.668e-01  5.668e-01  5.668e-01  5.668e-01  5.668e-01  5.668e-01  5.668e-01  5.668e-01  5.668e-01  5.668e-01  5.668e-01  5.668e-01  5.668e-01  5.668e-01  5.668e-01  5.668e-01 	
 5.670e-01  5.670e-01  5.670e-01  5.670e-01  5.670e-01  5.670e-01  5.670e-01  5.670e-01  5.670e-01  5.670e-01  5.670e-01  5.670e-01  5.670e-01  5.670e-01  5.670e-01  5.670e-01  5.670e-01  5.670e-01  5.670e-01  5.670e-01  5.670e-01  5.670e-01  5.670e-01  5.670e-01  5.670e-01  5.670e-01  5.670e-01  5.670e-01  5.670e-01  5.670e-01  5.670e-01  5.670e-01  5.670e-01  5.670e-01  5.670e-01  5.670e-01  5.670e-01  5.670e-01  5.670e-01  5.670e-01  5.670e-01  5.670e-01  5.670e-01  5.670e-01  5.670e-01  5.670e-01  5.670e-01  5.670e-01  5.670e-01  5.670e-01 	
 5.676e-01  5.676e-01  5.676e-01  5.676e-01  5.676e-01  5.676e-01  5.676e-01  5.676e-01  5.676e-01  5.676e-01  5.676e-01  5.676e-01  5.676e-01  5.676e-01  5.676e-01  5.676e-01  5.676e-01  5.676e-01  5.676e-01  5.676e-01  5.676e-01  5.676e-01  5.676e-01  5.676e-01  5.676e-01  5.676e-01  5.676e-01  5.676e-01  5.676e-01  5.676e-01  5.676e-01  5.676e-01  5.676e-01  5.676e-01  5.676e-01  5.676e-01  5.676e-01  5.676e-01  5.676e-01  5.676e-01  5.676e-01  5.676e-01  5.676e-01  5.676e-01  5.676e-01  5.676e-01  5.676e-01  5.676e-01  5.676e-01  5.676e-01 	
 5.682e-01  5.682e-01  5.682e-01  5.682e-01  5.682e-01  5.682e-01  5.682e-01  5.682e-01  5.682e-01  5.682e-01  5.682e-01  5.682e-01  5.682e-01  5.682e-01  5.682e-01  5.682e-01  5.682e-01  5.682e-01  5.682e-01  5.682e-01  5.682e-01  5.682e-01  5.682e-01  5.682e-01  5.682e-01  5.682e-01  5.682e-01  5.682e-01  5.682e-01  5.682e-01  5.682e-01  5.682e-01  5.682e-01  5.682e-01  5.682e-01  5.682e-01  5.682e-01  5.682e-01  5.682e-01  5.682e-01  5.682e-01  5.682e-01  5.682e-01  5.682e-01  5.682e-01  5.682e-01  5.682e-01  5.682e-01  5.682e-01  5.682e-01 	
 5.688e-01  5.688e-01  5.688e-01  5.688e-01  5.688e-01  5.688e-01  5.688e-01  5.688e-01  5.688e-01  5.688e-01  5.688e-01  5.688e-01  5.688e-01  5.688e-01  5.688e-01  5.688e-01  5.688e-01  5.688e-01  5.688e-01  5.688e-01  5.688e-01  5.688e-01  5.688e-01  5.688e-01  5.688e-01  5.688e-01  5.688e-01  5.688e-01  5.688e-01  5.688e-01  5.688e-01  5.688e-01  5.688e-01  5.688e-01  5.688e-01  5.688e-01  5.688e-01  5.688e-01  5.688e-01  5.688e-01  5.688e-01  5.688e-01  5.688e-01  5.688e-01  5.688e-01  5.688e-01  5.688e-01  5.688e-01  5.688e-01  5.688e-01 	
 5.693e-01  5.693e-01  5.693e-01  5.693e-01  5.693e-01  5.693e-01  5.693e-01  5.693e-01  5.693e-01  5.693e-01  5.693e-01  5.693e-01  5.693e-01  5.693e-01  5.693e-01  5.693e-01  5.693e-01  5.693e-01  5.693e-01  5.693e-01  5.693e-01  5.693e-01  5.693e-01  5.693e-01  5.693e-01  5.693e-01  5.693e-01  5.693e-01  5.693e-01  5.693e-01  5.693e-01  5.693e-01  5.693e-01  5.693e-01  5.693e-01  5.693e-01  5.693e-01  5.693e-01  5.693e-01  5.693e-01  5.693e-01  5.693e-01  5.693e-01  5.693e-01  5.693e-01  5.693e-01  5.693e-01  5.693e-01  5.693e-01  5.693e-01 	
 5.697e-01  5.697e-01  5.697e-01  5.697e-01  5.697e-01  5.697e-01  5.697e-01  5.697e-01  5.697e-01  5.697e-01  5.697e-01  5.697e-01  5.697e-01  5.697e-01  5.697e-01  5.697e-01  5.697e-01  5.697e-01  5.697e-01  5.697e-01  5.697e-01  5.697e-01  5.697e-01  5.697e-01  5.697e-01  5.697e-01  5.697e-01  5.697e-01  5.697e-01  5.697e-01  5.697e-01  5.697e-01  5.697e-01  5.697e-01  5.697e-01  5.697e-01  5.697e-01  5.697e-01  5.697e-01  5.697e-01  5.697e-01  5.697e-01  5.697e-01  5.697e-01  5.697e-01  5.697e-01  5.697e-01  5.697e-01  5.697e-01  5.697e-01 	
 5.701e-01  5.701e-01  5.701e-01  5.701e-01  5.701e-01  5.701e-01  5.701e-01  5.701e-01  5.701e-01  5.701e-01  5.701e-01  5.701e-01  5.701e-01  5.701e-01  5.701e-01  5.701e-01  5.701e-01  5.701e-01  5.701e-01  5.701e-01  5.701e-01  5.701e-01  5.701e-01  5.701e-01  5.701e-01  5.701e-01  5.701e-01  5.701e-01  5.701e-01  5.701e-01  5.701e-01  5.701e-01  5.701e-01  5.701e-01  5.701e-01  5.701e-01  5.701e-01  5.701e-01  5.701e-01  5.701e-01  5.701e-01  5.701e-01  5.701e-01  5.701e-01  5.701e-01  5.701e-01  5.701e-01  5.701e-01  5.701e-01  5.701e-01 	
 5.704e-01  5.704e-01  5.704e-01  5.704e-01  5.704e-01  5.704e-01  5.704e-01  5.704e-01  5.704e-01  5.704e-01  5.704e-01  5.704e-01  5.704e-01  5.704e-01  5.704e-01  5.704e-01  5.704e-01  5.704e-01  5.704e-01  5.704e-01  5.704e-01  5.704e-01  5.704e-01  5.704e-01  5.704e-01  5.704e-01  5.704e-01  5.704e-01  5.704e-01  5.704e-01  5.704e-01  5.704e-01  5.704e-01  5.704e-01  5.704e-01  5.704e-01  5.704e-01  5.704e-01  5.704e-01  5.704e-01  5.704e-01  5.704e-01  5.704e-01  5.704e-01  5.704e-01  5.704e-01  5.704e-01  5.704e-01  5.704e-01  5.704e-01 	
 5.707e-01  5.707e-01  5.707e-01  5.707e-01  5.707e-01  5.707e-01  5.707e-01  5.707e-01  5.707e-01  5.707e-01  5.707e-01  5.707e-01  5.707e-01  5.707e-01  5.707e-01  5.707e-01  5.707e-01  5.707e-01  5.707e-01  5.707e-01  5.707e-01  5.707e-01  5.707e-01  5.707e-01  5.707e-01  5.707e-01  5.707e-01  5.707e-01  5.707e-01  5.707e-01  5.707e-01  5.707e-01  5.707e-01  5.707e-01  5.707e-01  5.707e-01  5.707e-01  5.707e-01  5.707e-01  5.707e-01  5.707e-01  5.707e-01  5.707e-01  5.707e-01  5.707e-01  5.707e-01  5.707e-01  5.707e-01  5.707e-01  5.707e-01 	
 5.709e-01  5.709e-01  5.709e-01  5.709e-01  5.709e-01  5.709e-01  5.709e-01  5.709e-01  5.709e-01  5.709e-01  5.709e-01  5.709e-01  5.709e-01  5.709e-01  5.709e-01  5.709e-01  5.709e-01  5.709e-01  5.709e-01  5.709e-01  5.709e-01  5.709e-01  5.709e-01  5.709e-01  5.709e-01  5.709e-01  5.709e-01  5.709e-01  5.709e-01  5.709e-01  5.709e-01  5.709e-01  5.709e-01  5.709e-01  5.709e-01  5.709e-01  5.709e-01  5.709e-01  5.709e-01  5.709e-01  5.709e-01  5.709e-01  5.709e-01  5.709e-01  5.709e-01  5.709e-01  5.709e-01  5.709e-01  5.709e-01  5.709e-01 	
 5.710e-01  5.710e-01  5.710e-01  5.710e-01  5.710e-01  5.710e-01  5.710e-01  5.710e-01  5.710e-01  5.710e-01  5.710e-01  5.710e-01  5.710e-01  5.710e-01  5.710e-01  5.710e-01  5.710e-01  5.710e-01  5.710e-01  5.710e-01  5.710e-01  5.710e-01  5.710e-01  5.710e-01  5.710e-01  5.710e-01  5.710e-01  5.710e-01  5.710e-01  5.710e-01  5.710e-01  5.710e-01  5.710e-01  5.710e-01  5.710e-01  5.710e-01  5.710e-01  5.710e-01  5.710e-01  5.710e-01  5.710e-01  5.710e-01  5.710e-01  5.710e-01  5.710e-01  5.710e-01  5.710e-01  5.710e-01  5.710e-01  5.710e-01 	
 5.712e-01  5.712e-01  5.712e-01  5.712e-01  5.712e-01  5.712e-01  5.712e-01  5.712e-01  5.712e-01  5.712e-01  5.712e-01  5.712e-01  5.712e-01  5.712e-01  5.712e-01  5.712e-01  5.712e-01  5.712e-01  5.712e-01  5.712e-01  5.712e-01  5.712e-01  5.712e-01  5.712e-01  5.712e-01  5.712e-01  5.712e-01  5.712e-01  5.712e-01  5.712e-01  5.712e-01  5.712e-01  5.712e-01  5.712e-01  5.712e-01  5.712e-01  5.712e-01  5.712e-01  5.712e-01  5.712e-01  5.712e-01  5.712e-01  5.712e-01  5.712e-01  5.712e-01  5.712e-01  5.712e-01  5.712e-01  5.712e-01  5.712e-01 	
 5.713e-01  5.713e-01  5.713e-01  5.713e-01  5.713e-01  5.713e-01  5.713e-01  5.713e-01  5.713e-01  5.713e-01  5.713e-01  5.713e-01  5.713e-01  5.713e-01  5.713e-01  5.713e-01  5.713e-01  5.713e-01  5.713e-01  5.713e-01  5.713e-01  5.713e-01  5.713e-01  5.713e-01  5.713e-01  5.713e-01  5.713e-01  5.713e-01  5.713e-01  5.713e-01  5.713e-01  5.713e-01  5.713e-01  5.713e-01  5.713e-01  5.713e-01  5.713e-01  5.713e-01  5.713e-01  5.713e-01  5.713e-01  5.713e-01  5.713e-01  5.713e-01  5.713e-01  5.713e-01  5.713e-01  5.713e-01  5.713e-01  5.713e-01 	
 5.713e-01  5.713e-01  5.713e-01  5.713e-01  5.713e-01  5.713e-01  5.713e-01  5.713e-01  5.713e-01  5.713e-01  5.713e-01  5.713e-01  5.713e-01  5.713e-01  5.713e-01  5.713e-01  5.713e-01  5.713e-01  5.713e-01  5.713e-01  5.713e-01  5.713e-01  5.713e-01  5.713e-01  5.713e-01  5.713e-01  5.713e-01  5.713e-01  5.713e-01  5.713e-01  5.713e-01  5.713e-01  5.713e-01  5.713e-01  5.713e-01  5.713e-01  5.713e-01  5.713e-01  5.713e-01  5.713e-01  5.713e-01  5.713e-01  5.713e-01  5.713e-01  5.713e-01  5.713e-01  5.713e-01  5.713e-01  5.713e-01  5.713e-01 	
 5.714e-01  5.714e-01  5.714e-01  5.714e-01  5.714e-01  5.714e-01  5.714e-01  5.714e-01  5.714e-01  5.714e-01  5.714e-01  5.714e-01  5.714e-01  5.714e-01  5.714e-01  5.714e-01  5.714e-01  5.714e-01  5.714e-01  5.714e-01  5.714e-01  5.714e-01  5.714e-01  5.714e-01  5.714e-01  5.714e-01  5.714e-01  5.714e-01  5.714e-01  5.714e-01  5.714e-01  5.714e-01  5.714e-01  5.714e-01  5.714e-01  5.714e-01  5.714e-01  5.714e-01  5.714e-01  5.714e-01  5.714e-01  5.714e-01  5.714e-01  5.714e-01  5.714e-01  5.714e-01  5.714e-01  5.714e-01  5.714e-01  5.714e-01 	
 5.714e-01  5.714e-01  5.714e-01  5.714e-01  5.714e-01  5.714e-01  5.714e-01  5.714e-01  5.714e-01  5.714e-01  5.714e-01  5.714e-01  5.714e-01  5.714e-01  5.714e-01  5.714e-01  5.714e-01  5.714e-01  5.714e-01  5.714e-01  5.714e-01  5.714e-01  5.714e-01  5.714e-01  5.714e-01  5.714e-01  5.714e-01  5.714e-01  5.714e-01  5.714e-01  5.714e-01  5.714e-01  5.714e-01  5.714e-01  5.714e-01  5.714e-01  5.714e-01  5.714e-01  5.714e-01  5.714e-01  5.714e-01  5.714e-01  5.714e-01  5.714e-01  5.714e-01  5.714e-01  5.714e-01  5.714e-01  5.714e-01  5.714e-01 	
 5.714e-01  5.714e-01  5.714e-01  5.714e-01  5.714e-01  5.714e-01  5.714e-01  5.714e-01  5.714e-01  5.714e-01  5.714e-01  5.714e-01  5.714e-01  5.714e-01  5.714e-01  5.714e-01  5.714e-01  5.714e-01  5.714e-01  5.714e-01  5.714e-01  5.714e-01  5.714e-01  5.714e-01  5.714e-01  5.714e-01  5.714e-01  5.714e-01  5.714e-01  5.714e-01  5.714e-01  5.714e-01  5.714e-01  5.714e-01  5.714e-01  5.714e-01  5.714e-01  5.714e-01  5.714e-01  5.714e-01  5.714e-01  5.714e-01  5.714e-01  5.714e-01  5.714e-01  5.714e-01  5.714e-01  5.714e-01  5.714e-01  5.714e-01 	
 5.714e-01  5.714e-01  5.714e-01  5.714e-01  5.714e-01  5.714e-01  5.714e-01  5.714e-01  5.714e-01  5.714e-01  5.714e-01  5.714e-01  5.714e-01  5.714e-01  5.714e-01  5.714e-01  5.714e-01  5.714e-01  5.714e-01  5.714e-01  5.714e-01  5.714e-01  5.714e-01  5.714e-01  5.714e-01  5.714e-01  5.714e-01  5.714e-01  5.714e-01  5.714e-01  5.714e-01  5.714e-01  5.714e-01  5.714e-01  5.714e-01  5.714e-01  5.714e-01  5.714e-01  5.714e-01  5.714e-01  5.714e-01  5.714e-01  5.714e-01  5.714e-01  5.714e-01  5.714e-01  5.714e-01  5.714e-01  5.714e-01  5.714e-01 	
