 3.000e-01  3.000e-01  3.000e-01  3.000e-01  3.000e-01  3.000e-01  3.000e-01  3.000e-01  3.000e-01  3.000e-01  3.000e-01  3.000e-01  3.000e-01  3.000e-01  3.000e-01  3.000e-01  3.000e-01  3.000e-01  3.000e-01  3.000e-01  3.000e-01  3.000e-01  3.000e-01  3.000e-01  3.000e-01  3.000e-01  3.000e-01  3.000e-01  3.000e-01  3.000e-01  3.000e-01  3.000e-01  3.000e-01  3.000e-01  3.000e-01  3.000e-01  3.000e-01  3.000e-01  3.000e-01  3.000e-01  3.000e-01  3.000e-01  3.000e-01  3.000e-01  3.000e-01  3.000e-01  3.000e-01  3.000e-01  3.000e-01  3.000e-01 	
 3.923e-01  3.923e-01  3.923e-01  3.923e-01  3.923e-01  3.923e-01  3.923e-01  3.923e-01  3.923e-01  3.923e-01  3.923e-01  3.923e-01  3.923e-01  3.923e-01  3.923e-01  3.923e-01  3.923e-01  3.923e-01  3.923e-01  3.923e-01  3.923e-01  3.923e-01  3.923e-01  3.923e-01  3.923e-01  3.923e-01  3.923e-01  3.923e-01  3.923e-01  3.923e-01  3.923e-01  3.923e-01  3.923e-01  3.923e-01  3.923e-01  3.923e-01  3.923e-01  3.923e-01  3.923e-01  3.923e-01  3.923e-01  3.923e-01  3.923e-01  3.923e-01  3.923e-01  3.923e-01  3.923e-01  3.923e-01  3.923e-01  3.923e-01 	
 4.920e-01  4.920e-01  4.920e-01  4.920e-01  4.920e-01  4.920e-01  4.920e-01  4.920e-01  4.920e-01  4.920e-01  4.920e-01  4.920e-01  4.920e-01  4.920e-01  4.920e-01  4.920e-01  4.920e-01  4.920e-01  4.920e-01  4.920e-01  4.920e-01  4.920e-01  4.920e-01  4.920e-01  4.920e-01  4.920e-01  4.920e-01  4.920e-01  4.920e-01  4.920e-01  4.920e-01  4.920e-01  4.920e-01  4.920e-01  4.920e-01  4.920e-01  4.920e-01  4.920e-01  4.920e-01  4.920e-01  4.920e-01  4.920e-01  4.920e-01  4.920e-01  4.920e-01  4.920e-01  4.920e-01  4.920e-01  4.920e-01  4.920e-01 	
 5.910e-01  5.910e-01  5.910e-01  5.910e-01  5.910e-01  5.910e-01  5.910e-01  5.910e-01  5.910e-01  5.910e-01  5.910e-01  5.910e-01  5.910e-01  5.910e-01  5.910e-01  5.910e-01  5.910e-01  5.910e-01  5.910e-01  5.910e-01  5.910e-01  5.910e-01  5.910e-01  5.910e-01  5.910e-01  5.910e-01  5.910e-01  5.910e-01  5.910e-01  5.910e-01  5.910e-01  5.910e-01  5.910e-01  5.910e-01  5.910e-01  5.910e-01  5.910e-01  5.910e-01  5.910e-01  5.910e-01  5.910e-01  5.910e-01  5.910e-01  5.910e-01  5.910e-01  5.910e-01  5.910e-01  5.910e-01  5.910e-01  5.910e-01 	
 6.817e-01  6.817e-01  6.817e-01  6.817e-01  6.817e-01  6.817e-01  6.817e-01  6.817e-01  6.817e-01  6.817e-01  6.817e-01  6.817e-01  6.817e-01  6.817e-01  6.817e-01  6.817e-01  6.817e-01  6.817e-01  6.817e-01  6.817e-01  6.817e-01  6.817e-01  6.817e-01  6.817e-01  6.817e-01  6.817e-01  6.817e-01  6.817e-01  6.817e-01  6.817e-01  6.817e-01  6.817e-01  6.817e-01  6.817e-01  6.817e-01  6.817e-01  6.817e-01  6.817e-01  6.817e-01  6.817e-01  6.817e-01  6.817e-01  6.817e-01  6.817e-01  6.817e-01  6.817e-01  6.817e-01  6.817e-01  6.817e-01  6.817e-01 	
 7.588e-01  7.588e-01  7.588e-01  7.588e-01  7.588e-01  7.588e-01  7.588e-01  7.588e-01  7.588e-01  7.588e-01  7.588e-01  7.588e-01  7.588e-01  7.588e-01  7.588e-01  7.588e-01  7.588e-01  7.588e-01  7.588e-01  7.588e-01  7.588e-01  7.588e-01  7.588e-01  7.588e-01  7.588e-01  7.588e-01  7.588e-01  7.588e-01  7.588e-01  7.588e-01  7.588e-01  7.588e-01  7.588e-01  7.588e-01  7.588e-01  7.588e-01  7.588e-01  7.588e-01  7.588e-01  7.588e-01  7.588e-01  7.588e-01  7.588e-01  7.588e-01  7.588e-01  7.588e-01  7.588e-01  7.588e-01  7.588e-01  7.588e-01 	
 8.204e-01  8.204e-01  8.204e-01  8.204e-01  8.204e-01  8.204e-01  8.204e-01  8.204e-01  8.204e-01  8.204e-01  8.204e-01  8.204e-01  8.204e-01  8.204e-01  8.204e-01  8.204e-01  8.204e-01  8.204e-01  8.204e-01  8.204e-01  8.204e-01  8.204e-01  8.204e-01  8.204e-01  8.204e-01  8.204e-01  8.204e-01  8.204e-01  8.204e-01  8.204e-01  8.204e-01  8.204e-01  8.204e-01  8.204e-01  8.204e-01  8.204e-01  8.204e-01  8.204e-01  8.204e-01  8.204e-01  8.204e-01  8.204e-01  8.204e-01  8.204e-01  8.204e-01  8.204e-01  8.204e-01  8.204e-01  8.204e-01  8.204e-01 	
 8.671e-01  8.671e-01  8.671e-01  8.671e-01  8.671e-01  8.671e-01  8.671e-01  8.671e-01  8.671e-01  8.671e-01  8.671e-01  8.671e-01  8.671e-01  8.671e-01  8.671e-01  8.671e-01  8.671e-01  8.671e-01  8.671e-01  8.671e-01  8.671e-01  8.671e-01  8.671e-01  8.671e-01  8.671e-01  8.671e-01  8.671e-01  8.671e-01  8.671e-01  8.671e-01  8.671e-01  8.671e-01  8.671e-01  8.671e-01  8.671e-01  8.671e-01  8.671e-01  8.671e-01  8.671e-01  8.671e-01  8.671e-01  8.671e-01  8.671e-01  8.671e-01  8.671e-01  8.671e-01  8.671e-01  8.671e-01  8.671e-01  8.671e-01 	
 9.009e-01  9.009e-01  9.009e-01  9.009e-01  9.009e-01  9.009e-01  9.009e-01  9.009e-01  9.009e-01  9.009e-01  9.009e-01  9.009e-01  9.009e-01  9.009e-01  9.009e-01  9.009e-01  9.009e-01  9.009e-01  9.009e-01  9.009e-01  9.009e-01  9.009e-01  9.009e-01  9.009e-01  9.009e-01  9.009e-01  9.009e-01  9.009e-01  9.009e-01  9.009e-01  9.009e-01  9.009e-01  9.009e-01  9.009e-01  9.009e-01  9.009e-01  9.009e-01  9.009e-01  9.009e-01  9.009e-01  9.009e-01  9.009e-01  9.009e-01  9.009e-01  9.009e-01  9.009e-01  9.009e-01  9.009e-01  9.009e-01  9.009e-01 	
 9.242e-01  9.242e-01  9.242e-01  9.242e-01  9.242e-01  9.242e-01  9.242e-01  9.242e-01  9.242e-01  9.242e-01  9.242e-01  9.242e-01  9.242e-01  9.242e-01  9.242e-01  9.242e-01  9.242e-01  9.242e-01  9.242e-01  9.242e-01  9.242e-01  9.242e-01  9.242e-01  9.242e-01  9.242e-01  9.242e-01  9.242e-01  9.242e-01  9.242e-01  9.242e-01  9.242e-01  9.242e-01  9.242e-01  9.242e-01  9.242e-01  9.242e-01  9.242e-01  9.242e-01  9.242e-01  9.242e-01  9.242e-01  9.242e-01  9.242e-01  9.242e-01  9.242e-01  9.242e-01  9.242e-01  9.242e-01  9.242e-01  9.242e-01 	
 9.386e-01  9.386e-01  9.386e-01  9.386e-01  9.386e-01  9.386e-01  9.386e-01  9.386e-01  9.386e-01  9.386e-01  9.386e-01  9.386e-01  9.386e-01  9.386e-01  9.386e-01  9.386e-01  9.386e-01  9.386e-01  9.386e-01  9.386e-01  9.386e-01  9.386e-01  9.386e-01  9.386e-01  9.386e-01  9.386e-01  9.386e-01  9.386e-01  9.386e-01  9.386e-01  9.386e-01  9.386e-01  9.386e-01  9.386e-01  9.386e-01  9.386e-01  9.386e-01  9.386e-01  9.386e-01  9.386e-01  9.386e-01  9.386e-01  9.386e-01  9.386e-01  9.386e-01  9.386e-01  9.386e-01  9.386e-01  9.386e-01  9.386e-01 	
 9.454e-01  9.454e-01  9.454e-01  9.454e-01  9.454e-01  9.454e-01  9.454e-01  9.454e-01  9.454e-01  9.454e-01  9.454e-01  9.454e-01  9.454e-01  9.454e-01  9.454e-01  9.454e-01  9.454e-01  9.454e-01  9.454e-01  9.454e-01  9.454e-01  9.454e-01  9.454e-01  9.454e-01  9.454e-01  9.454e-01  9.454e-01  9.454e-01  9.454e-01  9.454e-01  9.454e-01  9.454e-01  9.454e-01  9.454e-01  9.454e-01  9.454e-01  9.454e-01  9.454e-01  9.454e-01  9.454e-01  9.454e-01  9.454e-01  9.454e-01  9.454e-01  9.454e-01  9.454e-01  9.454e-01  9.454e-01  9.454e-01  9.454e-01 	
 9.491e-01  9.491e-01  9.491e-01  9.491e-01  9.491e-01  9.491e-01  9.491e-01  9.491e-01  9.491e-01  9.491e-01  9.491e-01  9.491e-01  9.491e-01  9.491e-01  9.491e-01  9.491e-01  9.491e-01  9.491e-01  9.491e-01  9.491e-01  9.491e-01  9.491e-01  9.491e-01  9.491e-01  9.491e-01  9.491e-01  9.491e-01  9.491e-01  9.491e-01  9.491e-01  9.491e-01  9.491e-01  9.491e-01  9.491e-01  9.491e-01  9.491e-01  9.491e-01  9.491e-01  9.491e-01  9.491e-01  9.491e-01  9.491e-01  9.491e-01  9.491e-01  9.491e-01  9.491e-01  9.491e-01  9.491e-01  9.491e-01  9.491e-01 	
 9.591e-01  9.591e-01  9.591e-01  9.591e-01  9.591e-01  9.591e-01  9.591e-01  9.591e-01  9.591e-01  9.591e-01  9.591e-01  9.591e-01  9.591e-01  9.591e-01  9.591e-01  9.591e-01  9.591e-01  9.591e-01  9.591e-01  9.591e-01  9.591e-01  9.591e-01  9.591e-01  9.591e-01  9.591e-01  9.591e-01  9.591e-01  9.591e-01  9.591e-01  9.591e-01  9.591e-01  9.591e-01  9.591e-01  9.591e-01  9.591e-01  9.591e-01  9.591e-01  9.591e-01  9.591e-01  9.591e-01  9.591e-01  9.591e-01  9.591e-01  9.591e-01  9.591e-01  9.591e-01  9.591e-01  9.591e-01  9.591e-01  9.591e-01 	
 9.642e-01  9.642e-01  9.642e-01  9.642e-01  9.642e-01  9.642e-01  9.642e-01  9.642e-01  9.642e-01  9.642e-01  9.642e-01  9.642e-01  9.642e-01  9.642e-01  9.642e-01  9.642e-01  9.642e-01  9.642e-01  9.642e-01  9.642e-01  9.642e-01  9.642e-01  9.642e-01  9.642e-01  9.642e-01  9.642e-01  9.642e-01  9.642e-01  9.642e-01  9.642e-01  9.642e-01  9.642e-01  9.642e-01  9.642e-01  9.642e-01  9.642e-01  9.642e-01  9.642e-01  9.642e-01  9.642e-01  9.642e-01  9.642e-01  9.642e-01  9.642e-01  9.642e-01  9.642e-01  9.642e-01  9.642e-01  9.642e-01  9.642e-01 	
 9.558e-01  9.558e-01  9.558e-01  9.558e-01  9.558e-01  9.558e-01  9.558e-01  9.558e-01  9.558e-01  9.558e-01  9.558e-01  9.558e-01  9.558e-01  9.558e-01  9.558e-01  9.558e-01  9.558e-01  9.558e-01  9.558e-01  9.558e-01  9.558e-01  9.558e-01  9.558e-01  9.558e-01  9.558e-01  9.558e-01  9.558e-01  9.558e-01  9.558e-01  9.558e-01  9.558e-01  9.558e-01  9.558e-01  9.558e-01  9.558e-01  9.558e-01  9.558e-01  9.558e-01  9.558e-01  9.558e-01  9.558e-01  9.558e-01  9.558e-01  9.558e-01  9.558e-01  9.558e-01  9.558e-01  9.558e-01  9.558e-01  9.558e-01 	
 9.600e-01  9.600e-01  9.600e-01  9.600e-01  9.600e-01  9.600e-01  9.600e-01  9.600e-01  9.600e-01  9.600e-01  9.600e-01  9.600e-01  9.600e-01  9.600e-01  9.600e-01  9.600e-01  9.600e-01  9.600e-01  9.600e-01  9.600e-01  9.600e-01  9.600e-01  9.600e-01  9.600e-01  9.600e-01  9.600e-01  9.600e-01  9.600e-01  9.600e-01  9.600e-01  9.600e-01  9.600e-01  9.600e-01  9.600e-01  9.600e-01  9.600e-01  9.600e-01  9.600e-01  9.600e-01  9.600e-01  9.600e-01  9.600e-01  9.600e-01  9.600e-01  9.600e-01  9.600e-01  9.600e-01  9.600e-01  9.600e-01  9.600e-01 	
 9.435e-01  9.435e-01  9.435e-01  9.435e-01  9.435e-01  9.435e-01  9.435e-01  9.435e-01  9.435e-01  9.435e-01  9.435e-01  9.435e-01  9.435e-01  9.435e-01  9.435e-01  9.435e-01  9.435e-01  9.435e-01  9.435e-01  9.435e-01  9.435e-01  9.435e-01  9.435e-01  9.435e-01  9.435e-01  9.435e-01  9.435e-01  9.435e-01  9.435e-01  9.435e-01  9.435e-01  9.435e-01  9.435e-01  9.435e-01  9.435e-01  9.435e-01  9.435e-01  9.435e-01  9.435e-01  9.435e-01  9.435e-01  9.435e-01  9.435e-01  9.435e-01  9.435e-01  9.435e-01  9.435e-01  9.435e-01  9.435e-01  9.435e-01 	
 9.366e-01  9.366e-01  9.366e-01  9.366e-01  9.366e-01  9.366e-01  9.366e-01  9.366e-01  9.366e-01  9.366e-01  9.366e-01  9.366e-01  9.366e-01  9.366e-01  9.366e-01  9.366e-01  9.366e-01  9.366e-01  9.366e-01  9.366e-01  9.366e-01  9.366e-01  9.366e-01  9.366e-01  9.366e-01  9.366e-01  9.366e-01  9.366e-01  9.366e-01  9.366e-01  9.366e-01  9.366e-01  9.366e-01  9.366e-01  9.366e-01  9.366e-01  9.366e-01  9.366e-01  9.366e-01  9.366e-01  9.366e-01  9.366e-01  9.366e-01  9.366e-01  9.366e-01  9.366e-01  9.366e-01  9.366e-01  9.366e-01  9.366e-01 	
 9.136e-01  9.136e-01  9.136e-01  9.136e-01  9.136e-01  9.136e-01  9.136e-01  9.136e-01  9.136e-01  9.136e-01  9.136e-01  9.136e-01  9.136e-01  9.136e-01  9.136e-01  9.136e-01  9.136e-01  9.136e-01  9.136e-01  9.136e-01  9.136e-01  9.136e-01  9.136e-01  9.136e-01  9.136e-01  9.136e-01  9.136e-01  9.136e-01  9.136e-01  9.136e-01  9.136e-01  9.136e-01  9.136e-01  9.136e-01  9.136e-01  9.136e-01  9.136e-01  9.136e-01  9.136e-01  9.136e-01  9.136e-01  9.136e-01  9.136e-01  9.136e-01  9.136e-01  9.136e-01  9.136e-01  9.136e-01  9.136e-01  9.136e-01 	
 8.573e-01  8.573e-01  8.573e-01  8.573e-01  8.573e-01  8.573e-01  8.573e-01  8.573e-01  8.573e-01  8.573e-01  8.573e-01  8.573e-01  8.573e-01  8.573e-01  8.573e-01  8.573e-01  8.573e-01  8.573e-01  8.573e-01  8.573e-01  8.573e-01  8.573e-01  8.573e-01  8.573e-01  8.573e-01  8.573e-01  8.573e-01  8.573e-01  8.573e-01  8.573e-01  8.573e-01  8.573e-01  8.573e-01  8.573e-01  8.573e-01  8.573e-01  8.573e-01  8.573e-01  8.573e-01  8.573e-01  8.573e-01  8.573e-01  8.573e-01  8.573e-01  8.573e-01  8.573e-01  8.573e-01  8.573e-01  8.573e-01  8.573e-01 	
 8.141e-01  8.141e-01  8.141e-01  8.141e-01  8.141e-01  8.141e-01  8.141e-01  8.141e-01  8.141e-01  8.141e-01  8.141e-01  8.141e-01  8.141e-01  8.141e-01  8.141e-01  8.141e-01  8.141e-01  8.141e-01  8.141e-01  8.141e-01  8.141e-01  8.141e-01  8.141e-01  8.141e-01  8.141e-01  8.141e-01  8.141e-01  8.141e-01  8.141e-01  8.141e-01  8.141e-01  8.141e-01  8.141e-01  8.141e-01  8.141e-01  8.141e-01  8.141e-01  8.141e-01  8.141e-01  8.141e-01  8.141e-01  8.141e-01  8.141e-01  8.141e-01  8.141e-01  8.141e-01  8.141e-01  8.141e-01  8.141e-01  8.141e-01 	
 8.409e-01  8.409e-01  8.409e-01  8.409e-01  8.409e-01  8.409e-01  8.409e-01  8.409e-01  8.409e-01  8.409e-01  8.409e-01  8.409e-01  8.409e-01  8.409e-01  8.409e-01  8.409e-01  8.409e-01  8.409e-01  8.409e-01  8.409e-01  8.409e-01  8.409e-01  8.409e-01  8.409e-01  8.409e-01  8.409e-01  8.409e-01  8.409e-01  8.409e-01  8.409e-01  8.409e-01  8.409e-01  8.409e-01  8.409e-01  8.409e-01  8.409e-01  8.409e-01  8.409e-01  8.409e-01  8.409e-01  8.409e-01  8.409e-01  8.409e-01  8.409e-01  8.409e-01  8.409e-01  8.409e-01  8.409e-01  8.409e-01  8.409e-01 	
 8.508e-01  8.508e-01  8.508e-01  8.508e-01  8.508e-01  8.508e-01  8.508e-01  8.508e-01  8.508e-01  8.508e-01  8.508e-01  8.508e-01  8.508e-01  8.508e-01  8.508e-01  8.508e-01  8.508e-01  8.508e-01  8.508e-01  8.508e-01  8.508e-01  8.508e-01  8.508e-01  8.508e-01  8.508e-01  8.508e-01  8.508e-01  8.508e-01  8.508e-01  8.508e-01  8.508e-01  8.508e-01  8.508e-01  8.508e-01  8.508e-01  8.508e-01  8.508e-01  8.508e-01  8.508e-01  8.508e-01  8.508e-01  8.508e-01  8.508e-01  8.508e-01  8.508e-01  8.508e-01  8.508e-01  8.508e-01  8.508e-01  8.508e-01 	
 8.414e-01  8.414e-01  8.414e-01  8.414e-01  8.414e-01  8.414e-01  8.414e-01  8.414e-01  8.414e-01  8.414e-01  8.414e-01  8.414e-01  8.414e-01  8.414e-01  8.414e-01  8.414e-01  8.414e-01  8.414e-01  8.414e-01  8.414e-01  8.414e-01  8.414e-01  8.414e-01  8.414e-01  8.414e-01  8.414e-01  8.414e-01  8.414e-01  8.414e-01  8.414e-01  8.414e-01  8.414e-01  8.414e-01  8.414e-01  8.414e-01  8.414e-01  8.414e-01  8.414e-01  8.414e-01  8.414e-01  8.414e-01  8.414e-01  8.414e-01  8.414e-01  8.414e-01  8.414e-01  8.414e-01  8.414e-01  8.414e-01  8.414e-01 	
 7.797e-01  7.797e-01  7.797e-01  7.797e-01  7.797e-01  7.797e-01  7.797e-01  7.797e-01  7.797e-01  7.797e-01  7.797e-01  7.797e-01  7.797e-01  7.797e-01  7.797e-01  7.797e-01  7.797e-01  7.797e-01  7.797e-01  7.797e-01  7.797e-01  7.797e-01  7.797e-01  7.797e-01  7.797e-01  7.797e-01  7.797e-01  7.797e-01  7.797e-01  7.797e-01  7.797e-01  7.797e-01  7.797e-01  7.797e-01  7.797e-01  7.797e-01  7.797e-01  7.797e-01  7.797e-01  7.797e-01  7.797e-01  7.797e-01  7.797e-01  7.797e-01  7.797e-01  7.797e-01  7.797e-01  7.797e-01  7.797e-01  7.797e-01 	
 7.926e-01  7.926e-01  7.926e-01  7.926e-01  7.926e-01  7.926e-01  7.926e-01  7.926e-01  7.926e-01  7.926e-01  7.926e-01  7.926e-01  7.926e-01  7.926e-01  7.926e-01  7.926e-01  7.926e-01  7.926e-01  7.926e-01  7.926e-01  7.926e-01  7.926e-01  7.926e-01  7.926e-01  7.926e-01  7.926e-01  7.926e-01  7.926e-01  7.926e-01  7.926e-01  7.926e-01  7.926e-01  7.926e-01  7.926e-01  7.926e-01  7.926e-01  7.926e-01  7.926e-01  7.926e-01  7.926e-01  7.926e-01  7.926e-01  7.926e-01  7.926e-01  7.926e-01  7.926e-01  7.926e-01  7.926e-01  7.926e-01  7.926e-01 	
 7.893e-01  7.893e-01  7.893e-01  7.893e-01  7.893e-01  7.893e-01  7.893e-01  7.893e-01  7.893e-01  7.893e-01  7.893e-01  7.893e-01  7.893e-01  7.893e-01  7.893e-01  7.893e-01  7.893e-01  7.893e-01  7.893e-01  7.893e-01  7.893e-01  7.893e-01  7.893e-01  7.893e-01  7.893e-01  7.893e-01  7.893e-01  7.893e-01  7.893e-01  7.893e-01  7.893e-01  7.893e-01  7.893e-01  7.893e-01  7.893e-01  7.893e-01  7.893e-01  7.893e-01  7.893e-01  7.893e-01  7.893e-01  7.893e-01  7.893e-01  7.893e-01  7.893e-01  7.893e-01  7.893e-01  7.893e-01  7.893e-01  7.893e-01 	
 7.328e-01  7.328e-01  7.328e-01  7.328e-01  7.328e-01  7.328e-01  7.328e-01  7.328e-01  7.328e-01  7.328e-01  7.328e-01  7.328e-01  7.328e-01  7.328e-01  7.328e-01  7.328e-01  7.328e-01  7.328e-01  7.328e-01  7.328e-01  7.328e-01  7.328e-01  7.328e-01  7.328e-01  7.328e-01  7.328e-01  7.328e-01  7.328e-01  7.328e-01  7.328e-01  7.328e-01  7.328e-01  7.328e-01  7.328e-01  7.328e-01  7.328e-01  7.328e-01  7.328e-01  7.328e-01  7.328e-01  7.328e-01  7.328e-01  7.328e-01  7.328e-01  7.328e-01  7.328e-01  7.328e-01  7.328e-01  7.328e-01  7.328e-01 	
 7.465e-01  7.465e-01  7.465e-01  7.465e-01  7.465e-01  7.465e-01  7.465e-01  7.465e-01  7.465e-01  7.465e-01  7.465e-01  7.465e-01  7.465e-01  7.465e-01  7.465e-01  7.465e-01  7.465e-01  7.465e-01  7.465e-01  7.465e-01  7.465e-01  7.465e-01  7.465e-01  7.465e-01  7.465e-01  7.465e-01  7.465e-01  7.465e-01  7.465e-01  7.465e-01  7.465e-01  7.465e-01  7.465e-01  7.465e-01  7.465e-01  7.465e-01  7.465e-01  7.465e-01  7.465e-01  7.465e-01  7.465e-01  7.465e-01  7.465e-01  7.465e-01  7.465e-01  7.465e-01  7.465e-01  7.465e-01  7.465e-01  7.465e-01 	
 7.023e-01  7.023e-01  7.023e-01  7.023e-01  7.023e-01  7.023e-01  7.023e-01  7.023e-01  7.023e-01  7.023e-01  7.023e-01  7.023e-01  7.023e-01  7.023e-01  7.023e-01  7.023e-01  7.023e-01  7.023e-01  7.023e-01  7.023e-01  7.023e-01  7.023e-01  7.023e-01  7.023e-01  7.023e-01  7.023e-01  7.023e-01  7.023e-01  7.023e-01  7.023e-01  7.023e-01  7.023e-01  7.023e-01  7.023e-01  7.023e-01  7.023e-01  7.023e-01  7.023e-01  7.023e-01  7.023e-01  7.023e-01  7.023e-01  7.023e-01  7.023e-01  7.023e-01  7.023e-01  7.023e-01  7.023e-01  7.023e-01  7.023e-01 	
 6.739e-01  6.739e-01  6.739e-01  6.739e-01  6.739e-01  6.739e-01  6.739e-01  6.739e-01  6.739e-01  6.739e-01  6.739e-01  6.739e-01  6.739e-01  6.739e-01  6.739e-01  6.739e-01  6.739e-01  6.739e-01  6.739e-01  6.739e-01  6.739e-01  6.739e-01  6.739e-01  6.739e-01  6.739e-01  6.739e-01  6.739e-01  6.739e-01  6.739e-01  6.739e-01  6.739e-01  6.739e-01  6.739e-01  6.739e-01  6.739e-01  6.739e-01  6.739e-01  6.739e-01  6.739e-01  6.739e-01  6.739e-01  6.739e-01  6.739e-01  6.739e-01  6.739e-01  6.739e-01  6.739e-01  6.739e-01  6.739e-01  6.739e-01 	
 6.812e-01  6.812e-01  6.812e-01  6.812e-01  6.812e-01  6.812e-01  6.812e-01  6.812e-01  6.812e-01  6.812e-01  6.812e-01  6.812e-01  6.812e-01  6.812e-01  6.812e-01  6.812e-01  6.812e-01  6.812e-01  6.812e-01  6.812e-01  6.812e-01  6.812e-01  6.812e-01  6.812e-01  6.812e-01  6.812e-01  6.812e-01  6.812e-01  6.812e-01  6.812e-01  6.812e-01  6.812e-01  6.812e-01  6.812e-01  6.812e-01  6.812e-01  6.812e-01  6.812e-01  6.812e-01  6.812e-01  6.812e-01  6.812e-01  6.812e-01  6.812e-01  6.812e-01  6.812e-01  6.812e-01  6.812e-01  6.812e-01  6.812e-01 	
 6.623e-01  6.623e-01  6.623e-01  6.623e-01  6.623e-01  6.623e-01  6.623e-01  6.623e-01  6.623e-01  6.623e-01  6.623e-01  6.623e-01  6.623e-01  6.623e-01  6.623e-01  6.623e-01  6.623e-01  6.623e-01  6.623e-01  6.623e-01  6.623e-01  6.623e-01  6.623e-01  6.623e-01  6.623e-01  6.623e-01  6.623e-01  6.623e-01  6.623e-01  6.623e-01  6.623e-01  6.623e-01  6.623e-01  6.623e-01  6.623e-01  6.623e-01  6.623e-01  6.623e-01  6.623e-01  6.623e-01  6.623e-01  6.623e-01  6.623e-01  6.623e-01  6.623e-01  6.623e-01  6.623e-01  6.623e-01  6.623e-01  6.623e-01 	
 6.479e-01  6.479e-01  6.479e-01  6.479e-01  6.479e-01  6.479e-01  6.479e-01  6.479e-01  6.479e-01  6.479e-01  6.479e-01  6.479e-01  6.479e-01  6.479e-01  6.479e-01  6.479e-01  6.479e-01  6.479e-01  6.479e-01  6.479e-01  6.479e-01  6.479e-01  6.479e-01  6.479e-01  6.479e-01  6.479e-01  6.479e-01  6.479e-01  6.479e-01  6.479e-01  6.479e-01  6.479e-01  6.479e-01  6.479e-01  6.479e-01  6.479e-01  6.479e-01  6.479e-01  6.479e-01  6.479e-01  6.479e-01  6.479e-01  6.479e-01  6.479e-01  6.479e-01  6.479e-01  6.479e-01  6.479e-01  6.479e-01  6.479e-01 	
 6.202e-01  6.202e-01  6.202e-01  6.202e-01  6.202e-01  6.202e-01  6.202e-01  6.202e-01  6.202e-01  6.202e-01  6.202e-01  6.202e-01  6.202e-01  6.202e-01  6.202e-01  6.202e-01  6.202e-01  6.202e-01  6.202e-01  6.202e-01  6.202e-01  6.202e-01  6.202e-01  6.202e-01  6.202e-01  6.202e-01  6.202e-01  6.202e-01  6.202e-01  6.202e-01  6.202e-01  6.202e-01  6.202e-01  6.202e-01  6.202e-01  6.202e-01  6.202e-01  6.202e-01  6.202e-01  6.202e-01  6.202e-01  6.202e-01  6.202e-01  6.202e-01  6.202e-01  6.202e-01  6.202e-01  6.202e-01  6.202e-01  6.202e-01 	
 6.002e-01  6.002e-01  6.002e-01  6.002e-01  6.002e-01  6.002e-01  6.002e-01  6.002e-01  6.002e-01  6.002e-01  6.002e-01  6.002e-01  6.002e-01  6.002e-01  6.002e-01  6.002e-01  6.002e-01  6.002e-01  6.002e-01  6.002e-01  6.002e-01  6.002e-01  6.002e-01  6.002e-01  6.002e-01  6.002e-01  6.002e-01  6.002e-01  6.002e-01  6.002e-01  6.002e-01  6.002e-01  6.002e-01  6.002e-01  6.002e-01  6.002e-01  6.002e-01  6.002e-01  6.002e-01  6.002e-01  6.002e-01  6.002e-01  6.002e-01  6.002e-01  6.002e-01  6.002e-01  6.002e-01  6.002e-01  6.002e-01  6.002e-01 	
 5.950e-01  5.950e-01  5.950e-01  5.950e-01  5.950e-01  5.950e-01  5.950e-01  5.950e-01  5.950e-01  5.950e-01  5.950e-01  5.950e-01  5.950e-01  5.950e-01  5.950e-01  5.950e-01  5.950e-01  5.950e-01  5.950e-01  5.950e-01  5.950e-01  5.950e-01  5.950e-01  5.950e-01  5.950e-01  5.950e-01  5.950e-01  5.950e-01  5.950e-01  5.950e-01  5.950e-01  5.950e-01  5.950e-01  5.950e-01  5.950e-01  5.950e-01  5.950e-01  5.950e-01  5.950e-01  5.950e-01  5.950e-01  5.950e-01  5.950e-01  5.950e-01  5.950e-01  5.950e-01  5.950e-01  5.950e-01  5.950e-01  5.950e-01 	
 5.869e-01  5.869e-01  5.869e-01  5.869e-01  5.869e-01  5.869e-01  5.869e-01  5.869e-01  5.869e-01  5.869e-01  5.869e-01  5.869e-01  5.869e-01  5.869e-01  5.869e-01  5.869e-01  5.869e-01  5.869e-01  5.869e-01  5.869e-01  5.869e-01  5.869e-01  5.869e-01  5.869e-01  5.869e-01  5.869e-01  5.869e-01  5.869e-01  5.869e-01  5.869e-01  5.869e-01  5.869e-01  5.869e-01  5.869e-01  5.869e-01  5.869e-01  5.869e-01  5.869e-01  5.869e-01  5.869e-01  5.869e-01  5.869e-01  5.869e-01  5.869e-01  5.869e-01  5.869e-01  5.869e-01  5.869e-01  5.869e-01  5.869e-01 	
 5.769e-01  5.769e-01  5.769e-01  5.769e-01  5.769e-01  5.769e-01  5.769e-01  5.769e-01  5.769e-01  5.769e-01  5.769e-01  5.769e-01  5.769e-01  5.769e-01  5.769e-01  5.769e-01  5.769e-01  5.769e-01  5.769e-01  5.769e-01  5.769e-01  5.769e-01  5.769e-01  5.769e-01  5.769e-01  5.769e-01  5.769e-01  5.769e-01  5.769e-01  5.769e-01  5.769e-01  5.769e-01  5.769e-01  5.769e-01  5.769e-01  5.769e-01  5.769e-01  5.769e-01  5.769e-01  5.769e-01  5.769e-01  5.769e-01  5.769e-01  5.769e-01  5.769e-01  5.769e-01  5.769e-01  5.769e-01  5.769e-01  5.769e-01 	
 5.673e-01  5.673e-01  5.673e-01  5.673e-01  5.673e-01  5.673e-01  5.673e-01  5.673e-01  5.673e-01  5.673e-01  5.673e-01  5.673e-01  5.673e-01  5.673e-01  5.673e-01  5.673e-01  5.673e-01  5.673e-01  5.673e-01  5.673e-01  5.673e-01  5.673e-01  5.673e-01  5.673e-01  5.673e-01  5.673e-01  5.673e-01  5.673e-01  5.673e-01  5.673e-01  5.673e-01  5.673e-01  5.673e-01  5.673e-01  5.673e-01  5.673e-01  5.673e-01  5.673e-01  5.673e-01  5.673e-01  5.673e-01  5.673e-01  5.673e-01  5.673e-01  5.673e-01  5.673e-01  5.673e-01  5.673e-01  5.673e-01  5.673e-01 	
 5.650e-01  5.650e-01  5.650e-01  5.650e-01  5.650e-01  5.650e-01  5.650e-01  5.650e-01  5.650e-01  5.650e-01  5.650e-01  5.650e-01  5.650e-01  5.650e-01  5.650e-01  5.650e-01  5.650e-01  5.650e-01  5.650e-01  5.650e-01  5.650e-01  5.650e-01  5.650e-01  5.650e-01  5.650e-01  5.650e-01  5.650e-01  5.650e-01  5.650e-01  5.650e-01  5.650e-01  5.650e-01  5.650e-01  5.650e-01  5.650e-01  5.650e-01  5.650e-01  5.650e-01  5.650e-01  5.650e-01  5.650e-01  5.650e-01  5.650e-01  5.650e-01  5.650e-01  5.650e-01  5.650e-01  5.650e-01  5.650e-01  5.650e-01 	
 5.623e-01  5.623e-01  5.623e-01  5.623e-01  5.623e-01  5.623e-01  5.623e-01  5.623e-01  5.623e-01  5.623e-01  5.623e-01  5.623e-01  5.623e-01  5.623e-01  5.623e-01  5.623e-01  5.623e-01  5.623e-01  5.623e-01  5.623e-01  5.623e-01  5.623e-01  5.623e-01  5.623e-01  5.623e-01  5.623e-01  5.623e-01  5.623e-01  5.623e-01  5.623e-01  5.623e-01  5.623e-01  5.623e-01  5.623e-01  5.623e-01  5.623e-01  5.623e-01  5.623e-01  5.623e-01  5.623e-01  5.623e-01  5.623e-01  5.623e-01  5.623e-01  5.623e-01  5.623e-01  5.623e-01  5.623e-01  5.623e-01  5.623e-01 	
 5.622e-01  5.622e-01  5.622e-01  5.622e-01  5.622e-01  5.622e-01  5.622e-01  5.622e-01  5.622e-01  5.622e-01  5.622e-01  5.622e-01  5.622e-01  5.622e-01  5.622e-01  5.622e-01  5.622e-01  5.622e-01  5.622e-01  5.622e-01  5.622e-01  5.622e-01  5.622e-01  5.622e-01  5.622e-01  5.622e-01  5.622e-01  5.622e-01  5.622e-01  5.622e-01  5.622e-01  5.622e-01  5.622e-01  5.622e-01  5.622e-01  5.622e-01  5.622e-01  5.622e-01  5.622e-01  5.622e-01  5.622e-01  5.622e-01  5.622e-01  5.622e-01  5.622e-01  5.622e-01  5.622e-01  5.622e-01  5.622e-01  5.622e-01 	
 5.615e-01  5.615e-01  5.615e-01  5.615e-01  5.615e-01  5.615e-01  5.615e-01  5.615e-01  5.615e-01  5.615e-01  5.615e-01  5.615e-01  5.615e-01  5.615e-01  5.615e-01  5.615e-01  5.615e-01  5.615e-01  5.615e-01  5.615e-01  5.615e-01  5.615e-01  5.615e-01  5.615e-01  5.615e-01  5.615e-01  5.615e-01  5.615e-01  5.615e-01  5.615e-01  5.615e-01  5.615e-01  5.615e-01  5.615e-01  5.615e-01  5.615e-01  5.615e-01  5.615e-01  5.615e-01  5.615e-01  5.615e-01  5.615e-01  5.615e-01  5.615e-01  5.615e-01  5.615e-01  5.615e-01  5.615e-01  5.615e-01  5.615e-01 	
 5.618e-01  5.618e-01  5.618e-01  5.618e-01  5.618e-01  5.618e-01  5.618e-01  5.618e-01  5.618e-01  5.618e-01  5.618e-01  5.618e-01  5.618e-01  5.618e-01  5.618e-01  5.618e-01  5.618e-01  5.618e-01  5.618e-01  5.618e-01  5.618e-01  5.618e-01  5.618e-01  5.618e-01  5.618e-01  5.618e-01  5.618e-01  5.618e-01  5.618e-01  5.618e-01  5.618e-01  5.618e-01  5.618e-01  5.618e-01  5.618e-01  5.618e-01  5.618e-01  5.618e-01  5.618e-01  5.618e-01  5.618e-01  5.618e-01  5.618e-01  5.618e-01  5.618e-01  5.618e-01  5.618e-01  5.618e-01  5.618e-01  5.618e-01 	
 5.622e-01  5.622e-01  5.622e-01  5.622e-01  5.622e-01  5.622e-01  5.622e-01  5.622e-01  5.622e-01  5.622e-01  5.622e-01  5.622e-01  5.622e-01  5.622e-01  5.622e-01  5.622e-01  5.622e-01  5.622e-01  5.622e-01  5.622e-01  5.622e-01  5.622e-01  5.622e-01  5.622e-01  5.622e-01  5.622e-01  5.622e-01  5.622e-01  5.622e-01  5.622e-01  5.622e-01  5.622e-01  5.622e-01  5.622e-01  5.622e-01  5.622e-01  5.622e-01  5.622e-01  5.622e-01  5.622e-01  5.622e-01  5.622e-01  5.622e-01  5.622e-01  5.622e-01  5.622e-01  5.622e-01  5.622e-01  5.622e-01  5.622e-01 	
 5.626e-01  5.626e-01  5.626e-01  5.626e-01  5.626e-01  5.626e-01  5.626e-01  5.626e-01  5.626e-01  5.626e-01  5.626e-01  5.626e-01  5.626e-01  5.626e-01  5.626e-01  5.626e-01  5.626e-01  5.626e-01  5.626e-01  5.626e-01  5.626e-01  5.626e-01  5.626e-01  5.626e-01  5.626e-01  5.626e-01  5.626e-01  5.626e-01  5.626e-01  5.626e-01  5.626e-01  5.626e-01  5.626e-01  5.626e-01  5.626e-01  5.626e-01  5.626e-01  5.626e-01  5.626e-01  5.626e-01  5.626e-01  5.626e-01  5.626e-01  5.626e-01  5.626e-01  5.626e-01  5.626e-01  5.626e-01  5.626e-01  5.626e-01 	
 5.630e-01  5.630e-01  5.630e-01  5.630e-01  5.630e-01  5.630e-01  5.630e-01  5.630e-01  5.630e-01  5.630e-01  5.630e-01  5.630e-01  5.630e-01  5.630e-01  5.630e-01  5.630e-01  5.630e-01  5.630e-01  5.630e-01  5.630e-01  5.630e-01  5.630e-01  5.630e-01  5.630e-01  5.630e-01  5.630e-01  5.630e-01  5.630e-01  5.630e-01  5.630e-01  5.630e-01  5.630e-01  5.630e-01  5.630e-01  5.630e-01  5.630e-01  5.630e-01  5.630e-01  5.630e-01  5.630e-01  5.630e-01  5.630e-01  5.630e-01  5.630e-01  5.630e-01  5.630e-01  5.630e-01  5.630e-01  5.630e-01  5.630e-01 	
 5.634e-01  5.634e-01  5.634e-01  5.634e-01  5.634e-01  5.634e-01  5.634e-01  5.634e-01  5.634e-01  5.634e-01  5.634e-01  5.634e-01  5.634e-01  5.634e-01  5.634e-01  5.634e-01  5.634e-01  5.634e-01  5.634e-01  5.634e-01  5.634e-01  5.634e-01  5.634e-01  5.634e-01  5.634e-01  5.634e-01  5.634e-01  5.634e-01  5.634e-01  5.634e-01  5.634e-01  5.634e-01  5.634e-01  5.634e-01  5.634e-01  5.634e-01  5.634e-01  5.634e-01  5.634e-01  5.634e-01  5.634e-01  5.634e-01  5.634e-01  5.634e-01  5.634e-01  5.634e-01  5.634e-01  5.634e-01  5.634e-01  5.634e-01 	
