 8.885e-01  8.885e-01  8.885e-01  8.885e-01  8.885e-01  8.885e-01  8.885e-01  8.885e-01  8.885e-01  8.885e-01  8.885e-01  8.885e-01  8.885e-01  8.885e-01  8.885e-01  8.885e-01  8.885e-01  8.885e-01  8.885e-01  8.885e-01  8.885e-01  8.885e-01  8.885e-01  8.885e-01  8.885e-01  8.885e-01  8.885e-01  8.885e-01  8.885e-01  8.885e-01  8.885e-01  8.885e-01  8.885e-01  8.885e-01  8.885e-01  8.885e-01  8.885e-01  8.885e-01  8.885e-01  8.885e-01  8.885e-01  8.885e-01  8.885e-01  8.885e-01  8.885e-01  8.885e-01  8.885e-01  8.885e-01  8.885e-01  8.885e-01 	
 9.159e-01  9.159e-01  9.159e-01  9.159e-01  9.159e-01  9.159e-01  9.159e-01  9.159e-01  9.159e-01  9.159e-01  9.159e-01  9.159e-01  9.159e-01  9.159e-01  9.159e-01  9.159e-01  9.159e-01  9.159e-01  9.159e-01  9.159e-01  9.159e-01  9.159e-01  9.159e-01  9.159e-01  9.159e-01  9.159e-01  9.159e-01  9.159e-01  9.159e-01  9.159e-01  9.159e-01  9.159e-01  9.159e-01  9.159e-01  9.159e-01  9.159e-01  9.159e-01  9.159e-01  9.159e-01  9.159e-01  9.159e-01  9.159e-01  9.159e-01  9.159e-01  9.159e-01  9.159e-01  9.159e-01  9.159e-01  9.159e-01  9.159e-01 	
 9.338e-01  9.338e-01  9.338e-01  9.338e-01  9.338e-01  9.338e-01  9.338e-01  9.338e-01  9.338e-01  9.338e-01  9.338e-01  9.338e-01  9.338e-01  9.338e-01  9.338e-01  9.338e-01  9.338e-01  9.338e-01  9.338e-01  9.338e-01  9.338e-01  9.338e-01  9.338e-01  9.338e-01  9.338e-01  9.338e-01  9.338e-01  9.338e-01  9.338e-01  9.338e-01  9.338e-01  9.338e-01  9.338e-01  9.338e-01  9.338e-01  9.338e-01  9.338e-01  9.338e-01  9.338e-01  9.338e-01  9.338e-01  9.338e-01  9.338e-01  9.338e-01  9.338e-01  9.338e-01  9.338e-01  9.338e-01  9.338e-01  9.338e-01 	
 9.434e-01  9.434e-01  9.434e-01  9.434e-01  9.434e-01  9.434e-01  9.434e-01  9.434e-01  9.434e-01  9.434e-01  9.434e-01  9.434e-01  9.434e-01  9.434e-01  9.434e-01  9.434e-01  9.434e-01  9.434e-01  9.434e-01  9.434e-01  9.434e-01  9.434e-01  9.434e-01  9.434e-01  9.434e-01  9.434e-01  9.434e-01  9.434e-01  9.434e-01  9.434e-01  9.434e-01  9.434e-01  9.434e-01  9.434e-01  9.434e-01  9.434e-01  9.434e-01  9.434e-01  9.434e-01  9.434e-01  9.434e-01  9.434e-01  9.434e-01  9.434e-01  9.434e-01  9.434e-01  9.434e-01  9.434e-01  9.434e-01  9.434e-01 	
 9.470e-01  9.470e-01  9.470e-01  9.470e-01  9.470e-01  9.470e-01  9.470e-01  9.470e-01  9.470e-01  9.470e-01  9.470e-01  9.470e-01  9.470e-01  9.470e-01  9.470e-01  9.470e-01  9.470e-01  9.470e-01  9.470e-01  9.470e-01  9.470e-01  9.470e-01  9.470e-01  9.470e-01  9.470e-01  9.470e-01  9.470e-01  9.470e-01  9.470e-01  9.470e-01  9.470e-01  9.470e-01  9.470e-01  9.470e-01  9.470e-01  9.470e-01  9.470e-01  9.470e-01  9.470e-01  9.470e-01  9.470e-01  9.470e-01  9.470e-01  9.470e-01  9.470e-01  9.470e-01  9.470e-01  9.470e-01  9.470e-01  9.470e-01 	
 9.539e-01  9.539e-01  9.539e-01  9.539e-01  9.539e-01  9.539e-01  9.539e-01  9.539e-01  9.539e-01  9.539e-01  9.539e-01  9.539e-01  9.539e-01  9.539e-01  9.539e-01  9.539e-01  9.539e-01  9.539e-01  9.539e-01  9.539e-01  9.539e-01  9.539e-01  9.539e-01  9.539e-01  9.539e-01  9.539e-01  9.539e-01  9.539e-01  9.539e-01  9.539e-01  9.539e-01  9.539e-01  9.539e-01  9.539e-01  9.539e-01  9.539e-01  9.539e-01  9.539e-01  9.539e-01  9.539e-01  9.539e-01  9.539e-01  9.539e-01  9.539e-01  9.539e-01  9.539e-01  9.539e-01  9.539e-01  9.539e-01  9.539e-01 	
 9.637e-01  9.637e-01  9.637e-01  9.637e-01  9.637e-01  9.637e-01  9.637e-01  9.637e-01  9.637e-01  9.637e-01  9.637e-01  9.637e-01  9.637e-01  9.637e-01  9.637e-01  9.637e-01  9.637e-01  9.637e-01  9.637e-01  9.637e-01  9.637e-01  9.637e-01  9.637e-01  9.637e-01  9.637e-01  9.637e-01  9.637e-01  9.637e-01  9.637e-01  9.637e-01  9.637e-01  9.637e-01  9.637e-01  9.637e-01  9.637e-01  9.637e-01  9.637e-01  9.637e-01  9.637e-01  9.637e-01  9.637e-01  9.637e-01  9.637e-01  9.637e-01  9.637e-01  9.637e-01  9.637e-01  9.637e-01  9.637e-01  9.637e-01 	
 9.588e-01  9.588e-01  9.588e-01  9.588e-01  9.588e-01  9.588e-01  9.588e-01  9.588e-01  9.588e-01  9.588e-01  9.588e-01  9.588e-01  9.588e-01  9.588e-01  9.588e-01  9.588e-01  9.588e-01  9.588e-01  9.588e-01  9.588e-01  9.588e-01  9.588e-01  9.588e-01  9.588e-01  9.588e-01  9.588e-01  9.588e-01  9.588e-01  9.588e-01  9.588e-01  9.588e-01  9.588e-01  9.588e-01  9.588e-01  9.588e-01  9.588e-01  9.588e-01  9.588e-01  9.588e-01  9.588e-01  9.588e-01  9.588e-01  9.588e-01  9.588e-01  9.588e-01  9.588e-01  9.588e-01  9.588e-01  9.588e-01  9.588e-01 	
 9.570e-01  9.570e-01  9.570e-01  9.570e-01  9.570e-01  9.570e-01  9.570e-01  9.570e-01  9.570e-01  9.570e-01  9.570e-01  9.570e-01  9.570e-01  9.570e-01  9.570e-01  9.570e-01  9.570e-01  9.570e-01  9.570e-01  9.570e-01  9.570e-01  9.570e-01  9.570e-01  9.570e-01  9.570e-01  9.570e-01  9.570e-01  9.570e-01  9.570e-01  9.570e-01  9.570e-01  9.570e-01  9.570e-01  9.570e-01  9.570e-01  9.570e-01  9.570e-01  9.570e-01  9.570e-01  9.570e-01  9.570e-01  9.570e-01  9.570e-01  9.570e-01  9.570e-01  9.570e-01  9.570e-01  9.570e-01  9.570e-01  9.570e-01 	
 9.513e-01  9.513e-01  9.513e-01  9.513e-01  9.513e-01  9.513e-01  9.513e-01  9.513e-01  9.513e-01  9.513e-01  9.513e-01  9.513e-01  9.513e-01  9.513e-01  9.513e-01  9.513e-01  9.513e-01  9.513e-01  9.513e-01  9.513e-01  9.513e-01  9.513e-01  9.513e-01  9.513e-01  9.513e-01  9.513e-01  9.513e-01  9.513e-01  9.513e-01  9.513e-01  9.513e-01  9.513e-01  9.513e-01  9.513e-01  9.513e-01  9.513e-01  9.513e-01  9.513e-01  9.513e-01  9.513e-01  9.513e-01  9.513e-01  9.513e-01  9.513e-01  9.513e-01  9.513e-01  9.513e-01  9.513e-01  9.513e-01  9.513e-01 	
 9.427e-01  9.427e-01  9.427e-01  9.427e-01  9.427e-01  9.427e-01  9.427e-01  9.427e-01  9.427e-01  9.427e-01  9.427e-01  9.427e-01  9.427e-01  9.427e-01  9.427e-01  9.427e-01  9.427e-01  9.427e-01  9.427e-01  9.427e-01  9.427e-01  9.427e-01  9.427e-01  9.427e-01  9.427e-01  9.427e-01  9.427e-01  9.427e-01  9.427e-01  9.427e-01  9.427e-01  9.427e-01  9.427e-01  9.427e-01  9.427e-01  9.427e-01  9.427e-01  9.427e-01  9.427e-01  9.427e-01  9.427e-01  9.427e-01  9.427e-01  9.427e-01  9.427e-01  9.427e-01  9.427e-01  9.427e-01  9.427e-01  9.427e-01 	
 9.020e-01  9.020e-01  9.020e-01  9.020e-01  9.020e-01  9.020e-01  9.020e-01  9.020e-01  9.020e-01  9.020e-01  9.020e-01  9.020e-01  9.020e-01  9.020e-01  9.020e-01  9.020e-01  9.020e-01  9.020e-01  9.020e-01  9.020e-01  9.020e-01  9.020e-01  9.020e-01  9.020e-01  9.020e-01  9.020e-01  9.020e-01  9.020e-01  9.020e-01  9.020e-01  9.020e-01  9.020e-01  9.020e-01  9.020e-01  9.020e-01  9.020e-01  9.020e-01  9.020e-01  9.020e-01  9.020e-01  9.020e-01  9.020e-01  9.020e-01  9.020e-01  9.020e-01  9.020e-01  9.020e-01  9.020e-01  9.020e-01  9.020e-01 	
 8.371e-01  8.371e-01  8.371e-01  8.371e-01  8.371e-01  8.371e-01  8.371e-01  8.371e-01  8.371e-01  8.371e-01  8.371e-01  8.371e-01  8.371e-01  8.371e-01  8.371e-01  8.371e-01  8.371e-01  8.371e-01  8.371e-01  8.371e-01  8.371e-01  8.371e-01  8.371e-01  8.371e-01  8.371e-01  8.371e-01  8.371e-01  8.371e-01  8.371e-01  8.371e-01  8.371e-01  8.371e-01  8.371e-01  8.371e-01  8.371e-01  8.371e-01  8.371e-01  8.371e-01  8.371e-01  8.371e-01  8.371e-01  8.371e-01  8.371e-01  8.371e-01  8.371e-01  8.371e-01  8.371e-01  8.371e-01  8.371e-01  8.371e-01 	
 7.811e-01  7.811e-01  7.811e-01  7.811e-01  7.811e-01  7.811e-01  7.811e-01  7.811e-01  7.811e-01  7.811e-01  7.811e-01  7.811e-01  7.811e-01  7.811e-01  7.811e-01  7.811e-01  7.811e-01  7.811e-01  7.811e-01  7.811e-01  7.811e-01  7.811e-01  7.811e-01  7.811e-01  7.811e-01  7.811e-01  7.811e-01  7.811e-01  7.811e-01  7.811e-01  7.811e-01  7.811e-01  7.811e-01  7.811e-01  7.811e-01  7.811e-01  7.811e-01  7.811e-01  7.811e-01  7.811e-01  7.811e-01  7.811e-01  7.811e-01  7.811e-01  7.811e-01  7.811e-01  7.811e-01  7.811e-01  7.811e-01  7.811e-01 	
 7.769e-01  7.769e-01  7.769e-01  7.769e-01  7.769e-01  7.769e-01  7.769e-01  7.769e-01  7.769e-01  7.769e-01  7.769e-01  7.769e-01  7.769e-01  7.769e-01  7.769e-01  7.769e-01  7.769e-01  7.769e-01  7.769e-01  7.769e-01  7.769e-01  7.769e-01  7.769e-01  7.769e-01  7.769e-01  7.769e-01  7.769e-01  7.769e-01  7.769e-01  7.769e-01  7.769e-01  7.769e-01  7.769e-01  7.769e-01  7.769e-01  7.769e-01  7.769e-01  7.769e-01  7.769e-01  7.769e-01  7.769e-01  7.769e-01  7.769e-01  7.769e-01  7.769e-01  7.769e-01  7.769e-01  7.769e-01  7.769e-01  7.769e-01 	
 8.680e-01  8.680e-01  8.680e-01  8.680e-01  8.680e-01  8.680e-01  8.680e-01  8.680e-01  8.680e-01  8.680e-01  8.680e-01  8.680e-01  8.680e-01  8.680e-01  8.680e-01  8.680e-01  8.680e-01  8.680e-01  8.680e-01  8.680e-01  8.680e-01  8.680e-01  8.680e-01  8.680e-01  8.680e-01  8.680e-01  8.680e-01  8.680e-01  8.680e-01  8.680e-01  8.680e-01  8.680e-01  8.680e-01  8.680e-01  8.680e-01  8.680e-01  8.680e-01  8.680e-01  8.680e-01  8.680e-01  8.680e-01  8.680e-01  8.680e-01  8.680e-01  8.680e-01  8.680e-01  8.680e-01  8.680e-01  8.680e-01  8.680e-01 	
 8.447e-01  8.447e-01  8.447e-01  8.447e-01  8.447e-01  8.447e-01  8.447e-01  8.447e-01  8.447e-01  8.447e-01  8.447e-01  8.447e-01  8.447e-01  8.447e-01  8.447e-01  8.447e-01  8.447e-01  8.447e-01  8.447e-01  8.447e-01  8.447e-01  8.447e-01  8.447e-01  8.447e-01  8.447e-01  8.447e-01  8.447e-01  8.447e-01  8.447e-01  8.447e-01  8.447e-01  8.447e-01  8.447e-01  8.447e-01  8.447e-01  8.447e-01  8.447e-01  8.447e-01  8.447e-01  8.447e-01  8.447e-01  8.447e-01  8.447e-01  8.447e-01  8.447e-01  8.447e-01  8.447e-01  8.447e-01  8.447e-01  8.447e-01 	
 7.847e-01  7.847e-01  7.847e-01  7.847e-01  7.847e-01  7.847e-01  7.847e-01  7.847e-01  7.847e-01  7.847e-01  7.847e-01  7.847e-01  7.847e-01  7.847e-01  7.847e-01  7.847e-01  7.847e-01  7.847e-01  7.847e-01  7.847e-01  7.847e-01  7.847e-01  7.847e-01  7.847e-01  7.847e-01  7.847e-01  7.847e-01  7.847e-01  7.847e-01  7.847e-01  7.847e-01  7.847e-01  7.847e-01  7.847e-01  7.847e-01  7.847e-01  7.847e-01  7.847e-01  7.847e-01  7.847e-01  7.847e-01  7.847e-01  7.847e-01  7.847e-01  7.847e-01  7.847e-01  7.847e-01  7.847e-01  7.847e-01  7.847e-01 	
 7.874e-01  7.874e-01  7.874e-01  7.874e-01  7.874e-01  7.874e-01  7.874e-01  7.874e-01  7.874e-01  7.874e-01  7.874e-01  7.874e-01  7.874e-01  7.874e-01  7.874e-01  7.874e-01  7.874e-01  7.874e-01  7.874e-01  7.874e-01  7.874e-01  7.874e-01  7.874e-01  7.874e-01  7.874e-01  7.874e-01  7.874e-01  7.874e-01  7.874e-01  7.874e-01  7.874e-01  7.874e-01  7.874e-01  7.874e-01  7.874e-01  7.874e-01  7.874e-01  7.874e-01  7.874e-01  7.874e-01  7.874e-01  7.874e-01  7.874e-01  7.874e-01  7.874e-01  7.874e-01  7.874e-01  7.874e-01  7.874e-01  7.874e-01 	
 8.034e-01  8.034e-01  8.034e-01  8.034e-01  8.034e-01  8.034e-01  8.034e-01  8.034e-01  8.034e-01  8.034e-01  8.034e-01  8.034e-01  8.034e-01  8.034e-01  8.034e-01  8.034e-01  8.034e-01  8.034e-01  8.034e-01  8.034e-01  8.034e-01  8.034e-01  8.034e-01  8.034e-01  8.034e-01  8.034e-01  8.034e-01  8.034e-01  8.034e-01  8.034e-01  8.034e-01  8.034e-01  8.034e-01  8.034e-01  8.034e-01  8.034e-01  8.034e-01  8.034e-01  8.034e-01  8.034e-01  8.034e-01  8.034e-01  8.034e-01  8.034e-01  8.034e-01  8.034e-01  8.034e-01  8.034e-01  8.034e-01  8.034e-01 	
 7.192e-01  7.192e-01  7.192e-01  7.192e-01  7.192e-01  7.192e-01  7.192e-01  7.192e-01  7.192e-01  7.192e-01  7.192e-01  7.192e-01  7.192e-01  7.192e-01  7.192e-01  7.192e-01  7.192e-01  7.192e-01  7.192e-01  7.192e-01  7.192e-01  7.192e-01  7.192e-01  7.192e-01  7.192e-01  7.192e-01  7.192e-01  7.192e-01  7.192e-01  7.192e-01  7.192e-01  7.192e-01  7.192e-01  7.192e-01  7.192e-01  7.192e-01  7.192e-01  7.192e-01  7.192e-01  7.192e-01  7.192e-01  7.192e-01  7.192e-01  7.192e-01  7.192e-01  7.192e-01  7.192e-01  7.192e-01  7.192e-01  7.192e-01 	
 7.517e-01  7.517e-01  7.517e-01  7.517e-01  7.517e-01  7.517e-01  7.517e-01  7.517e-01  7.517e-01  7.517e-01  7.517e-01  7.517e-01  7.517e-01  7.517e-01  7.517e-01  7.517e-01  7.517e-01  7.517e-01  7.517e-01  7.517e-01  7.517e-01  7.517e-01  7.517e-01  7.517e-01  7.517e-01  7.517e-01  7.517e-01  7.517e-01  7.517e-01  7.517e-01  7.517e-01  7.517e-01  7.517e-01  7.517e-01  7.517e-01  7.517e-01  7.517e-01  7.517e-01  7.517e-01  7.517e-01  7.517e-01  7.517e-01  7.517e-01  7.517e-01  7.517e-01  7.517e-01  7.517e-01  7.517e-01  7.517e-01  7.517e-01 	
 7.043e-01  7.043e-01  7.043e-01  7.043e-01  7.043e-01  7.043e-01  7.043e-01  7.043e-01  7.043e-01  7.043e-01  7.043e-01  7.043e-01  7.043e-01  7.043e-01  7.043e-01  7.043e-01  7.043e-01  7.043e-01  7.043e-01  7.043e-01  7.043e-01  7.043e-01  7.043e-01  7.043e-01  7.043e-01  7.043e-01  7.043e-01  7.043e-01  7.043e-01  7.043e-01  7.043e-01  7.043e-01  7.043e-01  7.043e-01  7.043e-01  7.043e-01  7.043e-01  7.043e-01  7.043e-01  7.043e-01  7.043e-01  7.043e-01  7.043e-01  7.043e-01  7.043e-01  7.043e-01  7.043e-01  7.043e-01  7.043e-01  7.043e-01 	
 7.003e-01  7.003e-01  7.003e-01  7.003e-01  7.003e-01  7.003e-01  7.003e-01  7.003e-01  7.003e-01  7.003e-01  7.003e-01  7.003e-01  7.003e-01  7.003e-01  7.003e-01  7.003e-01  7.003e-01  7.003e-01  7.003e-01  7.003e-01  7.003e-01  7.003e-01  7.003e-01  7.003e-01  7.003e-01  7.003e-01  7.003e-01  7.003e-01  7.003e-01  7.003e-01  7.003e-01  7.003e-01  7.003e-01  7.003e-01  7.003e-01  7.003e-01  7.003e-01  7.003e-01  7.003e-01  7.003e-01  7.003e-01  7.003e-01  7.003e-01  7.003e-01  7.003e-01  7.003e-01  7.003e-01  7.003e-01  7.003e-01  7.003e-01 	
 6.916e-01  6.916e-01  6.916e-01  6.916e-01  6.916e-01  6.916e-01  6.916e-01  6.916e-01  6.916e-01  6.916e-01  6.916e-01  6.916e-01  6.916e-01  6.916e-01  6.916e-01  6.916e-01  6.916e-01  6.916e-01  6.916e-01  6.916e-01  6.916e-01  6.916e-01  6.916e-01  6.916e-01  6.916e-01  6.916e-01  6.916e-01  6.916e-01  6.916e-01  6.916e-01  6.916e-01  6.916e-01  6.916e-01  6.916e-01  6.916e-01  6.916e-01  6.916e-01  6.916e-01  6.916e-01  6.916e-01  6.916e-01  6.916e-01  6.916e-01  6.916e-01  6.916e-01  6.916e-01  6.916e-01  6.916e-01  6.916e-01  6.916e-01 	
 6.604e-01  6.604e-01  6.604e-01  6.604e-01  6.604e-01  6.604e-01  6.604e-01  6.604e-01  6.604e-01  6.604e-01  6.604e-01  6.604e-01  6.604e-01  6.604e-01  6.604e-01  6.604e-01  6.604e-01  6.604e-01  6.604e-01  6.604e-01  6.604e-01  6.604e-01  6.604e-01  6.604e-01  6.604e-01  6.604e-01  6.604e-01  6.604e-01  6.604e-01  6.604e-01  6.604e-01  6.604e-01  6.604e-01  6.604e-01  6.604e-01  6.604e-01  6.604e-01  6.604e-01  6.604e-01  6.604e-01  6.604e-01  6.604e-01  6.604e-01  6.604e-01  6.604e-01  6.604e-01  6.604e-01  6.604e-01  6.604e-01  6.604e-01 	
 6.431e-01  6.431e-01  6.431e-01  6.431e-01  6.431e-01  6.431e-01  6.431e-01  6.431e-01  6.431e-01  6.431e-01  6.431e-01  6.431e-01  6.431e-01  6.431e-01  6.431e-01  6.431e-01  6.431e-01  6.431e-01  6.431e-01  6.431e-01  6.431e-01  6.431e-01  6.431e-01  6.431e-01  6.431e-01  6.431e-01  6.431e-01  6.431e-01  6.431e-01  6.431e-01  6.431e-01  6.431e-01  6.431e-01  6.431e-01  6.431e-01  6.431e-01  6.431e-01  6.431e-01  6.431e-01  6.431e-01  6.431e-01  6.431e-01  6.431e-01  6.431e-01  6.431e-01  6.431e-01  6.431e-01  6.431e-01  6.431e-01  6.431e-01 	
 6.336e-01  6.336e-01  6.336e-01  6.336e-01  6.336e-01  6.336e-01  6.336e-01  6.336e-01  6.336e-01  6.336e-01  6.336e-01  6.336e-01  6.336e-01  6.336e-01  6.336e-01  6.336e-01  6.336e-01  6.336e-01  6.336e-01  6.336e-01  6.336e-01  6.336e-01  6.336e-01  6.336e-01  6.336e-01  6.336e-01  6.336e-01  6.336e-01  6.336e-01  6.336e-01  6.336e-01  6.336e-01  6.336e-01  6.336e-01  6.336e-01  6.336e-01  6.336e-01  6.336e-01  6.336e-01  6.336e-01  6.336e-01  6.336e-01  6.336e-01  6.336e-01  6.336e-01  6.336e-01  6.336e-01  6.336e-01  6.336e-01  6.336e-01 	
 6.098e-01  6.098e-01  6.098e-01  6.098e-01  6.098e-01  6.098e-01  6.098e-01  6.098e-01  6.098e-01  6.098e-01  6.098e-01  6.098e-01  6.098e-01  6.098e-01  6.098e-01  6.098e-01  6.098e-01  6.098e-01  6.098e-01  6.098e-01  6.098e-01  6.098e-01  6.098e-01  6.098e-01  6.098e-01  6.098e-01  6.098e-01  6.098e-01  6.098e-01  6.098e-01  6.098e-01  6.098e-01  6.098e-01  6.098e-01  6.098e-01  6.098e-01  6.098e-01  6.098e-01  6.098e-01  6.098e-01  6.098e-01  6.098e-01  6.098e-01  6.098e-01  6.098e-01  6.098e-01  6.098e-01  6.098e-01  6.098e-01  6.098e-01 	
 5.997e-01  5.997e-01  5.997e-01  5.997e-01  5.997e-01  5.997e-01  5.997e-01  5.997e-01  5.997e-01  5.997e-01  5.997e-01  5.997e-01  5.997e-01  5.997e-01  5.997e-01  5.997e-01  5.997e-01  5.997e-01  5.997e-01  5.997e-01  5.997e-01  5.997e-01  5.997e-01  5.997e-01  5.997e-01  5.997e-01  5.997e-01  5.997e-01  5.997e-01  5.997e-01  5.997e-01  5.997e-01  5.997e-01  5.997e-01  5.997e-01  5.997e-01  5.997e-01  5.997e-01  5.997e-01  5.997e-01  5.997e-01  5.997e-01  5.997e-01  5.997e-01  5.997e-01  5.997e-01  5.997e-01  5.997e-01  5.997e-01  5.997e-01 	
 5.816e-01  5.816e-01  5.816e-01  5.816e-01  5.816e-01  5.816e-01  5.816e-01  5.816e-01  5.816e-01  5.816e-01  5.816e-01  5.816e-01  5.816e-01  5.816e-01  5.816e-01  5.816e-01  5.816e-01  5.816e-01  5.816e-01  5.816e-01  5.816e-01  5.816e-01  5.816e-01  5.816e-01  5.816e-01  5.816e-01  5.816e-01  5.816e-01  5.816e-01  5.816e-01  5.816e-01  5.816e-01  5.816e-01  5.816e-01  5.816e-01  5.816e-01  5.816e-01  5.816e-01  5.816e-01  5.816e-01  5.816e-01  5.816e-01  5.816e-01  5.816e-01  5.816e-01  5.816e-01  5.816e-01  5.816e-01  5.816e-01  5.816e-01 	
 5.748e-01  5.748e-01  5.748e-01  5.748e-01  5.748e-01  5.748e-01  5.748e-01  5.748e-01  5.748e-01  5.748e-01  5.748e-01  5.748e-01  5.748e-01  5.748e-01  5.748e-01  5.748e-01  5.748e-01  5.748e-01  5.748e-01  5.748e-01  5.748e-01  5.748e-01  5.748e-01  5.748e-01  5.748e-01  5.748e-01  5.748e-01  5.748e-01  5.748e-01  5.748e-01  5.748e-01  5.748e-01  5.748e-01  5.748e-01  5.748e-01  5.748e-01  5.748e-01  5.748e-01  5.748e-01  5.748e-01  5.748e-01  5.748e-01  5.748e-01  5.748e-01  5.748e-01  5.748e-01  5.748e-01  5.748e-01  5.748e-01  5.748e-01 	
 5.729e-01  5.729e-01  5.729e-01  5.729e-01  5.729e-01  5.729e-01  5.729e-01  5.729e-01  5.729e-01  5.729e-01  5.729e-01  5.729e-01  5.729e-01  5.729e-01  5.729e-01  5.729e-01  5.729e-01  5.729e-01  5.729e-01  5.729e-01  5.729e-01  5.729e-01  5.729e-01  5.729e-01  5.729e-01  5.729e-01  5.729e-01  5.729e-01  5.729e-01  5.729e-01  5.729e-01  5.729e-01  5.729e-01  5.729e-01  5.729e-01  5.729e-01  5.729e-01  5.729e-01  5.729e-01  5.729e-01  5.729e-01  5.729e-01  5.729e-01  5.729e-01  5.729e-01  5.729e-01  5.729e-01  5.729e-01  5.729e-01  5.729e-01 	
 5.662e-01  5.662e-01  5.662e-01  5.662e-01  5.662e-01  5.662e-01  5.662e-01  5.662e-01  5.662e-01  5.662e-01  5.662e-01  5.662e-01  5.662e-01  5.662e-01  5.662e-01  5.662e-01  5.662e-01  5.662e-01  5.662e-01  5.662e-01  5.662e-01  5.662e-01  5.662e-01  5.662e-01  5.662e-01  5.662e-01  5.662e-01  5.662e-01  5.662e-01  5.662e-01  5.662e-01  5.662e-01  5.662e-01  5.662e-01  5.662e-01  5.662e-01  5.662e-01  5.662e-01  5.662e-01  5.662e-01  5.662e-01  5.662e-01  5.662e-01  5.662e-01  5.662e-01  5.662e-01  5.662e-01  5.662e-01  5.662e-01  5.662e-01 	
 5.644e-01  5.644e-01  5.644e-01  5.644e-01  5.644e-01  5.644e-01  5.644e-01  5.644e-01  5.644e-01  5.644e-01  5.644e-01  5.644e-01  5.644e-01  5.644e-01  5.644e-01  5.644e-01  5.644e-01  5.644e-01  5.644e-01  5.644e-01  5.644e-01  5.644e-01  5.644e-01  5.644e-01  5.644e-01  5.644e-01  5.644e-01  5.644e-01  5.644e-01  5.644e-01  5.644e-01  5.644e-01  5.644e-01  5.644e-01  5.644e-01  5.644e-01  5.644e-01  5.644e-01  5.644e-01  5.644e-01  5.644e-01  5.644e-01  5.644e-01  5.644e-01  5.644e-01  5.644e-01  5.644e-01  5.644e-01  5.644e-01  5.644e-01 	
 5.639e-01  5.639e-01  5.639e-01  5.639e-01  5.639e-01  5.639e-01  5.639e-01  5.639e-01  5.639e-01  5.639e-01  5.639e-01  5.639e-01  5.639e-01  5.639e-01  5.639e-01  5.639e-01  5.639e-01  5.639e-01  5.639e-01  5.639e-01  5.639e-01  5.639e-01  5.639e-01  5.639e-01  5.639e-01  5.639e-01  5.639e-01  5.639e-01  5.639e-01  5.639e-01  5.639e-01  5.639e-01  5.639e-01  5.639e-01  5.639e-01  5.639e-01  5.639e-01  5.639e-01  5.639e-01  5.639e-01  5.639e-01  5.639e-01  5.639e-01  5.639e-01  5.639e-01  5.639e-01  5.639e-01  5.639e-01  5.639e-01  5.639e-01 	
 5.633e-01  5.633e-01  5.633e-01  5.633e-01  5.633e-01  5.633e-01  5.633e-01  5.633e-01  5.633e-01  5.633e-01  5.633e-01  5.633e-01  5.633e-01  5.633e-01  5.633e-01  5.633e-01  5.633e-01  5.633e-01  5.633e-01  5.633e-01  5.633e-01  5.633e-01  5.633e-01  5.633e-01  5.633e-01  5.633e-01  5.633e-01  5.633e-01  5.633e-01  5.633e-01  5.633e-01  5.633e-01  5.633e-01  5.633e-01  5.633e-01  5.633e-01  5.633e-01  5.633e-01  5.633e-01  5.633e-01  5.633e-01  5.633e-01  5.633e-01  5.633e-01  5.633e-01  5.633e-01  5.633e-01  5.633e-01  5.633e-01  5.633e-01 	
 5.636e-01  5.636e-01  5.636e-01  5.636e-01  5.636e-01  5.636e-01  5.636e-01  5.636e-01  5.636e-01  5.636e-01  5.636e-01  5.636e-01  5.636e-01  5.636e-01  5.636e-01  5.636e-01  5.636e-01  5.636e-01  5.636e-01  5.636e-01  5.636e-01  5.636e-01  5.636e-01  5.636e-01  5.636e-01  5.636e-01  5.636e-01  5.636e-01  5.636e-01  5.636e-01  5.636e-01  5.636e-01  5.636e-01  5.636e-01  5.636e-01  5.636e-01  5.636e-01  5.636e-01  5.636e-01  5.636e-01  5.636e-01  5.636e-01  5.636e-01  5.636e-01  5.636e-01  5.636e-01  5.636e-01  5.636e-01  5.636e-01  5.636e-01 	
 5.637e-01  5.637e-01  5.637e-01  5.637e-01  5.637e-01  5.637e-01  5.637e-01  5.637e-01  5.637e-01  5.637e-01  5.637e-01  5.637e-01  5.637e-01  5.637e-01  5.637e-01  5.637e-01  5.637e-01  5.637e-01  5.637e-01  5.637e-01  5.637e-01  5.637e-01  5.637e-01  5.637e-01  5.637e-01  5.637e-01  5.637e-01  5.637e-01  5.637e-01  5.637e-01  5.637e-01  5.637e-01  5.637e-01  5.637e-01  5.637e-01  5.637e-01  5.637e-01  5.637e-01  5.637e-01  5.637e-01  5.637e-01  5.637e-01  5.637e-01  5.637e-01  5.637e-01  5.637e-01  5.637e-01  5.637e-01  5.637e-01  5.637e-01 	
 5.642e-01  5.642e-01  5.642e-01  5.642e-01  5.642e-01  5.642e-01  5.642e-01  5.642e-01  5.642e-01  5.642e-01  5.642e-01  5.642e-01  5.642e-01  5.642e-01  5.642e-01  5.642e-01  5.642e-01  5.642e-01  5.642e-01  5.642e-01  5.642e-01  5.642e-01  5.642e-01  5.642e-01  5.642e-01  5.642e-01  5.642e-01  5.642e-01  5.642e-01  5.642e-01  5.642e-01  5.642e-01  5.642e-01  5.642e-01  5.642e-01  5.642e-01  5.642e-01  5.642e-01  5.642e-01  5.642e-01  5.642e-01  5.642e-01  5.642e-01  5.642e-01  5.642e-01  5.642e-01  5.642e-01  5.642e-01  5.642e-01  5.642e-01 	
 5.646e-01  5.646e-01  5.646e-01  5.646e-01  5.646e-01  5.646e-01  5.646e-01  5.646e-01  5.646e-01  5.646e-01  5.646e-01  5.646e-01  5.646e-01  5.646e-01  5.646e-01  5.646e-01  5.646e-01  5.646e-01  5.646e-01  5.646e-01  5.646e-01  5.646e-01  5.646e-01  5.646e-01  5.646e-01  5.646e-01  5.646e-01  5.646e-01  5.646e-01  5.646e-01  5.646e-01  5.646e-01  5.646e-01  5.646e-01  5.646e-01  5.646e-01  5.646e-01  5.646e-01  5.646e-01  5.646e-01  5.646e-01  5.646e-01  5.646e-01  5.646e-01  5.646e-01  5.646e-01  5.646e-01  5.646e-01  5.646e-01  5.646e-01 	
 5.650e-01  5.650e-01  5.650e-01  5.650e-01  5.650e-01  5.650e-01  5.650e-01  5.650e-01  5.650e-01  5.650e-01  5.650e-01  5.650e-01  5.650e-01  5.650e-01  5.650e-01  5.650e-01  5.650e-01  5.650e-01  5.650e-01  5.650e-01  5.650e-01  5.650e-01  5.650e-01  5.650e-01  5.650e-01  5.650e-01  5.650e-01  5.650e-01  5.650e-01  5.650e-01  5.650e-01  5.650e-01  5.650e-01  5.650e-01  5.650e-01  5.650e-01  5.650e-01  5.650e-01  5.650e-01  5.650e-01  5.650e-01  5.650e-01  5.650e-01  5.650e-01  5.650e-01  5.650e-01  5.650e-01  5.650e-01  5.650e-01  5.650e-01 	
 5.654e-01  5.654e-01  5.654e-01  5.654e-01  5.654e-01  5.654e-01  5.654e-01  5.654e-01  5.654e-01  5.654e-01  5.654e-01  5.654e-01  5.654e-01  5.654e-01  5.654e-01  5.654e-01  5.654e-01  5.654e-01  5.654e-01  5.654e-01  5.654e-01  5.654e-01  5.654e-01  5.654e-01  5.654e-01  5.654e-01  5.654e-01  5.654e-01  5.654e-01  5.654e-01  5.654e-01  5.654e-01  5.654e-01  5.654e-01  5.654e-01  5.654e-01  5.654e-01  5.654e-01  5.654e-01  5.654e-01  5.654e-01  5.654e-01  5.654e-01  5.654e-01  5.654e-01  5.654e-01  5.654e-01  5.654e-01  5.654e-01  5.654e-01 	
 5.656e-01  5.656e-01  5.656e-01  5.656e-01  5.656e-01  5.656e-01  5.656e-01  5.656e-01  5.656e-01  5.656e-01  5.656e-01  5.656e-01  5.656e-01  5.656e-01  5.656e-01  5.656e-01  5.656e-01  5.656e-01  5.656e-01  5.656e-01  5.656e-01  5.656e-01  5.656e-01  5.656e-01  5.656e-01  5.656e-01  5.656e-01  5.656e-01  5.656e-01  5.656e-01  5.656e-01  5.656e-01  5.656e-01  5.656e-01  5.656e-01  5.656e-01  5.656e-01  5.656e-01  5.656e-01  5.656e-01  5.656e-01  5.656e-01  5.656e-01  5.656e-01  5.656e-01  5.656e-01  5.656e-01  5.656e-01  5.656e-01  5.656e-01 	
 5.658e-01  5.658e-01  5.658e-01  5.658e-01  5.658e-01  5.658e-01  5.658e-01  5.658e-01  5.658e-01  5.658e-01  5.658e-01  5.658e-01  5.658e-01  5.658e-01  5.658e-01  5.658e-01  5.658e-01  5.658e-01  5.658e-01  5.658e-01  5.658e-01  5.658e-01  5.658e-01  5.658e-01  5.658e-01  5.658e-01  5.658e-01  5.658e-01  5.658e-01  5.658e-01  5.658e-01  5.658e-01  5.658e-01  5.658e-01  5.658e-01  5.658e-01  5.658e-01  5.658e-01  5.658e-01  5.658e-01  5.658e-01  5.658e-01  5.658e-01  5.658e-01  5.658e-01  5.658e-01  5.658e-01  5.658e-01  5.658e-01  5.658e-01 	
 5.660e-01  5.660e-01  5.660e-01  5.660e-01  5.660e-01  5.660e-01  5.660e-01  5.660e-01  5.660e-01  5.660e-01  5.660e-01  5.660e-01  5.660e-01  5.660e-01  5.660e-01  5.660e-01  5.660e-01  5.660e-01  5.660e-01  5.660e-01  5.660e-01  5.660e-01  5.660e-01  5.660e-01  5.660e-01  5.660e-01  5.660e-01  5.660e-01  5.660e-01  5.660e-01  5.660e-01  5.660e-01  5.660e-01  5.660e-01  5.660e-01  5.660e-01  5.660e-01  5.660e-01  5.660e-01  5.660e-01  5.660e-01  5.660e-01  5.660e-01  5.660e-01  5.660e-01  5.660e-01  5.660e-01  5.660e-01  5.660e-01  5.660e-01 	
 5.662e-01  5.662e-01  5.662e-01  5.662e-01  5.662e-01  5.662e-01  5.662e-01  5.662e-01  5.662e-01  5.662e-01  5.662e-01  5.662e-01  5.662e-01  5.662e-01  5.662e-01  5.662e-01  5.662e-01  5.662e-01  5.662e-01  5.662e-01  5.662e-01  5.662e-01  5.662e-01  5.662e-01  5.662e-01  5.662e-01  5.662e-01  5.662e-01  5.662e-01  5.662e-01  5.662e-01  5.662e-01  5.662e-01  5.662e-01  5.662e-01  5.662e-01  5.662e-01  5.662e-01  5.662e-01  5.662e-01  5.662e-01  5.662e-01  5.662e-01  5.662e-01  5.662e-01  5.662e-01  5.662e-01  5.662e-01  5.662e-01  5.662e-01 	
 5.663e-01  5.663e-01  5.663e-01  5.663e-01  5.663e-01  5.663e-01  5.663e-01  5.663e-01  5.663e-01  5.663e-01  5.663e-01  5.663e-01  5.663e-01  5.663e-01  5.663e-01  5.663e-01  5.663e-01  5.663e-01  5.663e-01  5.663e-01  5.663e-01  5.663e-01  5.663e-01  5.663e-01  5.663e-01  5.663e-01  5.663e-01  5.663e-01  5.663e-01  5.663e-01  5.663e-01  5.663e-01  5.663e-01  5.663e-01  5.663e-01  5.663e-01  5.663e-01  5.663e-01  5.663e-01  5.663e-01  5.663e-01  5.663e-01  5.663e-01  5.663e-01  5.663e-01  5.663e-01  5.663e-01  5.663e-01  5.663e-01  5.663e-01 	
 5.663e-01  5.663e-01  5.663e-01  5.663e-01  5.663e-01  5.663e-01  5.663e-01  5.663e-01  5.663e-01  5.663e-01  5.663e-01  5.663e-01  5.663e-01  5.663e-01  5.663e-01  5.663e-01  5.663e-01  5.663e-01  5.663e-01  5.663e-01  5.663e-01  5.663e-01  5.663e-01  5.663e-01  5.663e-01  5.663e-01  5.663e-01  5.663e-01  5.663e-01  5.663e-01  5.663e-01  5.663e-01  5.663e-01  5.663e-01  5.663e-01  5.663e-01  5.663e-01  5.663e-01  5.663e-01  5.663e-01  5.663e-01  5.663e-01  5.663e-01  5.663e-01  5.663e-01  5.663e-01  5.663e-01  5.663e-01  5.663e-01  5.663e-01 	
 5.664e-01  5.664e-01  5.664e-01  5.664e-01  5.664e-01  5.664e-01  5.664e-01  5.664e-01  5.664e-01  5.664e-01  5.664e-01  5.664e-01  5.664e-01  5.664e-01  5.664e-01  5.664e-01  5.664e-01  5.664e-01  5.664e-01  5.664e-01  5.664e-01  5.664e-01  5.664e-01  5.664e-01  5.664e-01  5.664e-01  5.664e-01  5.664e-01  5.664e-01  5.664e-01  5.664e-01  5.664e-01  5.664e-01  5.664e-01  5.664e-01  5.664e-01  5.664e-01  5.664e-01  5.664e-01  5.664e-01  5.664e-01  5.664e-01  5.664e-01  5.664e-01  5.664e-01  5.664e-01  5.664e-01  5.664e-01  5.664e-01  5.664e-01 	
