 5.349e-02  5.349e-02  5.349e-02  5.349e-02  5.349e-02  5.349e-02  5.349e-02  5.349e-02  5.349e-02  5.349e-02  5.349e-02  5.349e-02  5.349e-02  5.349e-02  5.349e-02  5.349e-02  5.349e-02  5.349e-02  5.349e-02  5.349e-02  5.349e-02  5.349e-02  5.349e-02  5.349e-02  5.349e-02  5.349e-02  5.349e-02  5.349e-02  5.349e-02  5.349e-02  5.349e-02  5.349e-02  5.349e-02  5.349e-02  5.349e-02  5.349e-02  5.349e-02  5.349e-02  5.349e-02  5.349e-02  5.349e-02  5.349e-02  5.349e-02  5.349e-02  5.349e-02  5.349e-02  5.349e-02  5.349e-02  5.349e-02  5.349e-02 	
 7.130e-02  7.130e-02  7.130e-02  7.130e-02  7.130e-02  7.130e-02  7.130e-02  7.130e-02  7.130e-02  7.130e-02  7.130e-02  7.130e-02  7.130e-02  7.130e-02  7.130e-02  7.130e-02  7.130e-02  7.130e-02  7.130e-02  7.130e-02  7.130e-02  7.130e-02  7.130e-02  7.130e-02  7.130e-02  7.130e-02  7.130e-02  7.130e-02  7.130e-02  7.130e-02  7.130e-02  7.130e-02  7.130e-02  7.130e-02  7.130e-02  7.130e-02  7.130e-02  7.130e-02  7.130e-02  7.130e-02  7.130e-02  7.130e-02  7.130e-02  7.130e-02  7.130e-02  7.130e-02  7.130e-02  7.130e-02  7.130e-02  7.130e-02 	
 1.046e-01  1.046e-01  1.046e-01  1.046e-01  1.046e-01  1.046e-01  1.046e-01  1.046e-01  1.046e-01  1.046e-01  1.046e-01  1.046e-01  1.046e-01  1.046e-01  1.046e-01  1.046e-01  1.046e-01  1.046e-01  1.046e-01  1.046e-01  1.046e-01  1.046e-01  1.046e-01  1.046e-01  1.046e-01  1.046e-01  1.046e-01  1.046e-01  1.046e-01  1.046e-01  1.046e-01  1.046e-01  1.046e-01  1.046e-01  1.046e-01  1.046e-01  1.046e-01  1.046e-01  1.046e-01  1.046e-01  1.046e-01  1.046e-01  1.046e-01  1.046e-01  1.046e-01  1.046e-01  1.046e-01  1.046e-01  1.046e-01  1.046e-01 	
 1.626e-01  1.626e-01  1.626e-01  1.626e-01  1.626e-01  1.626e-01  1.626e-01  1.626e-01  1.626e-01  1.626e-01  1.626e-01  1.626e-01  1.626e-01  1.626e-01  1.626e-01  1.626e-01  1.626e-01  1.626e-01  1.626e-01  1.626e-01  1.626e-01  1.626e-01  1.626e-01  1.626e-01  1.626e-01  1.626e-01  1.626e-01  1.626e-01  1.626e-01  1.626e-01  1.626e-01  1.626e-01  1.626e-01  1.626e-01  1.626e-01  1.626e-01  1.626e-01  1.626e-01  1.626e-01  1.626e-01  1.626e-01  1.626e-01  1.626e-01  1.626e-01  1.626e-01  1.626e-01  1.626e-01  1.626e-01  1.626e-01  1.626e-01 	
 2.462e-01  2.462e-01  2.462e-01  2.462e-01  2.462e-01  2.462e-01  2.462e-01  2.462e-01  2.462e-01  2.462e-01  2.462e-01  2.462e-01  2.462e-01  2.462e-01  2.462e-01  2.462e-01  2.462e-01  2.462e-01  2.462e-01  2.462e-01  2.462e-01  2.462e-01  2.462e-01  2.462e-01  2.462e-01  2.462e-01  2.462e-01  2.462e-01  2.462e-01  2.462e-01  2.462e-01  2.462e-01  2.462e-01  2.462e-01  2.462e-01  2.462e-01  2.462e-01  2.462e-01  2.462e-01  2.462e-01  2.462e-01  2.462e-01  2.462e-01  2.462e-01  2.462e-01  2.462e-01  2.462e-01  2.462e-01  2.462e-01  2.462e-01 	
 3.457e-01  3.457e-01  3.457e-01  3.457e-01  3.457e-01  3.457e-01  3.457e-01  3.457e-01  3.457e-01  3.457e-01  3.457e-01  3.457e-01  3.457e-01  3.457e-01  3.457e-01  3.457e-01  3.457e-01  3.457e-01  3.457e-01  3.457e-01  3.457e-01  3.457e-01  3.457e-01  3.457e-01  3.457e-01  3.457e-01  3.457e-01  3.457e-01  3.457e-01  3.457e-01  3.457e-01  3.457e-01  3.457e-01  3.457e-01  3.457e-01  3.457e-01  3.457e-01  3.457e-01  3.457e-01  3.457e-01  3.457e-01  3.457e-01  3.457e-01  3.457e-01  3.457e-01  3.457e-01  3.457e-01  3.457e-01  3.457e-01  3.457e-01 	
 4.493e-01  4.493e-01  4.493e-01  4.493e-01  4.493e-01  4.493e-01  4.493e-01  4.493e-01  4.493e-01  4.493e-01  4.493e-01  4.493e-01  4.493e-01  4.493e-01  4.493e-01  4.493e-01  4.493e-01  4.493e-01  4.493e-01  4.493e-01  4.493e-01  4.493e-01  4.493e-01  4.493e-01  4.493e-01  4.493e-01  4.493e-01  4.493e-01  4.493e-01  4.493e-01  4.493e-01  4.493e-01  4.493e-01  4.493e-01  4.493e-01  4.493e-01  4.493e-01  4.493e-01  4.493e-01  4.493e-01  4.493e-01  4.493e-01  4.493e-01  4.493e-01  4.493e-01  4.493e-01  4.493e-01  4.493e-01  4.493e-01  4.493e-01 	
 5.451e-01  5.451e-01  5.451e-01  5.451e-01  5.451e-01  5.451e-01  5.451e-01  5.451e-01  5.451e-01  5.451e-01  5.451e-01  5.451e-01  5.451e-01  5.451e-01  5.451e-01  5.451e-01  5.451e-01  5.451e-01  5.451e-01  5.451e-01  5.451e-01  5.451e-01  5.451e-01  5.451e-01  5.451e-01  5.451e-01  5.451e-01  5.451e-01  5.451e-01  5.451e-01  5.451e-01  5.451e-01  5.451e-01  5.451e-01  5.451e-01  5.451e-01  5.451e-01  5.451e-01  5.451e-01  5.451e-01  5.451e-01  5.451e-01  5.451e-01  5.451e-01  5.451e-01  5.451e-01  5.451e-01  5.451e-01  5.451e-01  5.451e-01 	
 6.218e-01  6.218e-01  6.218e-01  6.218e-01  6.218e-01  6.218e-01  6.218e-01  6.218e-01  6.218e-01  6.218e-01  6.218e-01  6.218e-01  6.218e-01  6.218e-01  6.218e-01  6.218e-01  6.218e-01  6.218e-01  6.218e-01  6.218e-01  6.218e-01  6.218e-01  6.218e-01  6.218e-01  6.218e-01  6.218e-01  6.218e-01  6.218e-01  6.218e-01  6.218e-01  6.218e-01  6.218e-01  6.218e-01  6.218e-01  6.218e-01  6.218e-01  6.218e-01  6.218e-01  6.218e-01  6.218e-01  6.218e-01  6.218e-01  6.218e-01  6.218e-01  6.218e-01  6.218e-01  6.218e-01  6.218e-01  6.218e-01  6.218e-01 	
 6.758e-01  6.758e-01  6.758e-01  6.758e-01  6.758e-01  6.758e-01  6.758e-01  6.758e-01  6.758e-01  6.758e-01  6.758e-01  6.758e-01  6.758e-01  6.758e-01  6.758e-01  6.758e-01  6.758e-01  6.758e-01  6.758e-01  6.758e-01  6.758e-01  6.758e-01  6.758e-01  6.758e-01  6.758e-01  6.758e-01  6.758e-01  6.758e-01  6.758e-01  6.758e-01  6.758e-01  6.758e-01  6.758e-01  6.758e-01  6.758e-01  6.758e-01  6.758e-01  6.758e-01  6.758e-01  6.758e-01  6.758e-01  6.758e-01  6.758e-01  6.758e-01  6.758e-01  6.758e-01  6.758e-01  6.758e-01  6.758e-01  6.758e-01 	
 7.092e-01  7.092e-01  7.092e-01  7.092e-01  7.092e-01  7.092e-01  7.092e-01  7.092e-01  7.092e-01  7.092e-01  7.092e-01  7.092e-01  7.092e-01  7.092e-01  7.092e-01  7.092e-01  7.092e-01  7.092e-01  7.092e-01  7.092e-01  7.092e-01  7.092e-01  7.092e-01  7.092e-01  7.092e-01  7.092e-01  7.092e-01  7.092e-01  7.092e-01  7.092e-01  7.092e-01  7.092e-01  7.092e-01  7.092e-01  7.092e-01  7.092e-01  7.092e-01  7.092e-01  7.092e-01  7.092e-01  7.092e-01  7.092e-01  7.092e-01  7.092e-01  7.092e-01  7.092e-01  7.092e-01  7.092e-01  7.092e-01  7.092e-01 	
 7.252e-01  7.252e-01  7.252e-01  7.252e-01  7.252e-01  7.252e-01  7.252e-01  7.252e-01  7.252e-01  7.252e-01  7.252e-01  7.252e-01  7.252e-01  7.252e-01  7.252e-01  7.252e-01  7.252e-01  7.252e-01  7.252e-01  7.252e-01  7.252e-01  7.252e-01  7.252e-01  7.252e-01  7.252e-01  7.252e-01  7.252e-01  7.252e-01  7.252e-01  7.252e-01  7.252e-01  7.252e-01  7.252e-01  7.252e-01  7.252e-01  7.252e-01  7.252e-01  7.252e-01  7.252e-01  7.252e-01  7.252e-01  7.252e-01  7.252e-01  7.252e-01  7.252e-01  7.252e-01  7.252e-01  7.252e-01  7.252e-01  7.252e-01 	
 7.287e-01  7.287e-01  7.287e-01  7.287e-01  7.287e-01  7.287e-01  7.287e-01  7.287e-01  7.287e-01  7.287e-01  7.287e-01  7.287e-01  7.287e-01  7.287e-01  7.287e-01  7.287e-01  7.287e-01  7.287e-01  7.287e-01  7.287e-01  7.287e-01  7.287e-01  7.287e-01  7.287e-01  7.287e-01  7.287e-01  7.287e-01  7.287e-01  7.287e-01  7.287e-01  7.287e-01  7.287e-01  7.287e-01  7.287e-01  7.287e-01  7.287e-01  7.287e-01  7.287e-01  7.287e-01  7.287e-01  7.287e-01  7.287e-01  7.287e-01  7.287e-01  7.287e-01  7.287e-01  7.287e-01  7.287e-01  7.287e-01  7.287e-01 	
 7.313e-01  7.313e-01  7.313e-01  7.313e-01  7.313e-01  7.313e-01  7.313e-01  7.313e-01  7.313e-01  7.313e-01  7.313e-01  7.313e-01  7.313e-01  7.313e-01  7.313e-01  7.313e-01  7.313e-01  7.313e-01  7.313e-01  7.313e-01  7.313e-01  7.313e-01  7.313e-01  7.313e-01  7.313e-01  7.313e-01  7.313e-01  7.313e-01  7.313e-01  7.313e-01  7.313e-01  7.313e-01  7.313e-01  7.313e-01  7.313e-01  7.313e-01  7.313e-01  7.313e-01  7.313e-01  7.313e-01  7.313e-01  7.313e-01  7.313e-01  7.313e-01  7.313e-01  7.313e-01  7.313e-01  7.313e-01  7.313e-01  7.313e-01 	
 7.422e-01  7.422e-01  7.422e-01  7.422e-01  7.422e-01  7.422e-01  7.422e-01  7.422e-01  7.422e-01  7.422e-01  7.422e-01  7.422e-01  7.422e-01  7.422e-01  7.422e-01  7.422e-01  7.422e-01  7.422e-01  7.422e-01  7.422e-01  7.422e-01  7.422e-01  7.422e-01  7.422e-01  7.422e-01  7.422e-01  7.422e-01  7.422e-01  7.422e-01  7.422e-01  7.422e-01  7.422e-01  7.422e-01  7.422e-01  7.422e-01  7.422e-01  7.422e-01  7.422e-01  7.422e-01  7.422e-01  7.422e-01  7.422e-01  7.422e-01  7.422e-01  7.422e-01  7.422e-01  7.422e-01  7.422e-01  7.422e-01  7.422e-01 	
 7.524e-01  7.524e-01  7.524e-01  7.524e-01  7.524e-01  7.524e-01  7.524e-01  7.524e-01  7.524e-01  7.524e-01  7.524e-01  7.524e-01  7.524e-01  7.524e-01  7.524e-01  7.524e-01  7.524e-01  7.524e-01  7.524e-01  7.524e-01  7.524e-01  7.524e-01  7.524e-01  7.524e-01  7.524e-01  7.524e-01  7.524e-01  7.524e-01  7.524e-01  7.524e-01  7.524e-01  7.524e-01  7.524e-01  7.524e-01  7.524e-01  7.524e-01  7.524e-01  7.524e-01  7.524e-01  7.524e-01  7.524e-01  7.524e-01  7.524e-01  7.524e-01  7.524e-01  7.524e-01  7.524e-01  7.524e-01  7.524e-01  7.524e-01 	
 7.557e-01  7.557e-01  7.557e-01  7.557e-01  7.557e-01  7.557e-01  7.557e-01  7.557e-01  7.557e-01  7.557e-01  7.557e-01  7.557e-01  7.557e-01  7.557e-01  7.557e-01  7.557e-01  7.557e-01  7.557e-01  7.557e-01  7.557e-01  7.557e-01  7.557e-01  7.557e-01  7.557e-01  7.557e-01  7.557e-01  7.557e-01  7.557e-01  7.557e-01  7.557e-01  7.557e-01  7.557e-01  7.557e-01  7.557e-01  7.557e-01  7.557e-01  7.557e-01  7.557e-01  7.557e-01  7.557e-01  7.557e-01  7.557e-01  7.557e-01  7.557e-01  7.557e-01  7.557e-01  7.557e-01  7.557e-01  7.557e-01  7.557e-01 	
 7.623e-01  7.623e-01  7.623e-01  7.623e-01  7.623e-01  7.623e-01  7.623e-01  7.623e-01  7.623e-01  7.623e-01  7.623e-01  7.623e-01  7.623e-01  7.623e-01  7.623e-01  7.623e-01  7.623e-01  7.623e-01  7.623e-01  7.623e-01  7.623e-01  7.623e-01  7.623e-01  7.623e-01  7.623e-01  7.623e-01  7.623e-01  7.623e-01  7.623e-01  7.623e-01  7.623e-01  7.623e-01  7.623e-01  7.623e-01  7.623e-01  7.623e-01  7.623e-01  7.623e-01  7.623e-01  7.623e-01  7.623e-01  7.623e-01  7.623e-01  7.623e-01  7.623e-01  7.623e-01  7.623e-01  7.623e-01  7.623e-01  7.623e-01 	
 7.671e-01  7.671e-01  7.671e-01  7.671e-01  7.671e-01  7.671e-01  7.671e-01  7.671e-01  7.671e-01  7.671e-01  7.671e-01  7.671e-01  7.671e-01  7.671e-01  7.671e-01  7.671e-01  7.671e-01  7.671e-01  7.671e-01  7.671e-01  7.671e-01  7.671e-01  7.671e-01  7.671e-01  7.671e-01  7.671e-01  7.671e-01  7.671e-01  7.671e-01  7.671e-01  7.671e-01  7.671e-01  7.671e-01  7.671e-01  7.671e-01  7.671e-01  7.671e-01  7.671e-01  7.671e-01  7.671e-01  7.671e-01  7.671e-01  7.671e-01  7.671e-01  7.671e-01  7.671e-01  7.671e-01  7.671e-01  7.671e-01  7.671e-01 	
 7.718e-01  7.718e-01  7.718e-01  7.718e-01  7.718e-01  7.718e-01  7.718e-01  7.718e-01  7.718e-01  7.718e-01  7.718e-01  7.718e-01  7.718e-01  7.718e-01  7.718e-01  7.718e-01  7.718e-01  7.718e-01  7.718e-01  7.718e-01  7.718e-01  7.718e-01  7.718e-01  7.718e-01  7.718e-01  7.718e-01  7.718e-01  7.718e-01  7.718e-01  7.718e-01  7.718e-01  7.718e-01  7.718e-01  7.718e-01  7.718e-01  7.718e-01  7.718e-01  7.718e-01  7.718e-01  7.718e-01  7.718e-01  7.718e-01  7.718e-01  7.718e-01  7.718e-01  7.718e-01  7.718e-01  7.718e-01  7.718e-01  7.718e-01 	
 7.755e-01  7.755e-01  7.755e-01  7.755e-01  7.755e-01  7.755e-01  7.755e-01  7.755e-01  7.755e-01  7.755e-01  7.755e-01  7.755e-01  7.755e-01  7.755e-01  7.755e-01  7.755e-01  7.755e-01  7.755e-01  7.755e-01  7.755e-01  7.755e-01  7.755e-01  7.755e-01  7.755e-01  7.755e-01  7.755e-01  7.755e-01  7.755e-01  7.755e-01  7.755e-01  7.755e-01  7.755e-01  7.755e-01  7.755e-01  7.755e-01  7.755e-01  7.755e-01  7.755e-01  7.755e-01  7.755e-01  7.755e-01  7.755e-01  7.755e-01  7.755e-01  7.755e-01  7.755e-01  7.755e-01  7.755e-01  7.755e-01  7.755e-01 	
 7.796e-01  7.796e-01  7.796e-01  7.796e-01  7.796e-01  7.796e-01  7.796e-01  7.796e-01  7.796e-01  7.796e-01  7.796e-01  7.796e-01  7.796e-01  7.796e-01  7.796e-01  7.796e-01  7.796e-01  7.796e-01  7.796e-01  7.796e-01  7.796e-01  7.796e-01  7.796e-01  7.796e-01  7.796e-01  7.796e-01  7.796e-01  7.796e-01  7.796e-01  7.796e-01  7.796e-01  7.796e-01  7.796e-01  7.796e-01  7.796e-01  7.796e-01  7.796e-01  7.796e-01  7.796e-01  7.796e-01  7.796e-01  7.796e-01  7.796e-01  7.796e-01  7.796e-01  7.796e-01  7.796e-01  7.796e-01  7.796e-01  7.796e-01 	
 7.829e-01  7.829e-01  7.829e-01  7.829e-01  7.829e-01  7.829e-01  7.829e-01  7.829e-01  7.829e-01  7.829e-01  7.829e-01  7.829e-01  7.829e-01  7.829e-01  7.829e-01  7.829e-01  7.829e-01  7.829e-01  7.829e-01  7.829e-01  7.829e-01  7.829e-01  7.829e-01  7.829e-01  7.829e-01  7.829e-01  7.829e-01  7.829e-01  7.829e-01  7.829e-01  7.829e-01  7.829e-01  7.829e-01  7.829e-01  7.829e-01  7.829e-01  7.829e-01  7.829e-01  7.829e-01  7.829e-01  7.829e-01  7.829e-01  7.829e-01  7.829e-01  7.829e-01  7.829e-01  7.829e-01  7.829e-01  7.829e-01  7.829e-01 	
 7.859e-01  7.859e-01  7.859e-01  7.859e-01  7.859e-01  7.859e-01  7.859e-01  7.859e-01  7.859e-01  7.859e-01  7.859e-01  7.859e-01  7.859e-01  7.859e-01  7.859e-01  7.859e-01  7.859e-01  7.859e-01  7.859e-01  7.859e-01  7.859e-01  7.859e-01  7.859e-01  7.859e-01  7.859e-01  7.859e-01  7.859e-01  7.859e-01  7.859e-01  7.859e-01  7.859e-01  7.859e-01  7.859e-01  7.859e-01  7.859e-01  7.859e-01  7.859e-01  7.859e-01  7.859e-01  7.859e-01  7.859e-01  7.859e-01  7.859e-01  7.859e-01  7.859e-01  7.859e-01  7.859e-01  7.859e-01  7.859e-01  7.859e-01 	
 7.887e-01  7.887e-01  7.887e-01  7.887e-01  7.887e-01  7.887e-01  7.887e-01  7.887e-01  7.887e-01  7.887e-01  7.887e-01  7.887e-01  7.887e-01  7.887e-01  7.887e-01  7.887e-01  7.887e-01  7.887e-01  7.887e-01  7.887e-01  7.887e-01  7.887e-01  7.887e-01  7.887e-01  7.887e-01  7.887e-01  7.887e-01  7.887e-01  7.887e-01  7.887e-01  7.887e-01  7.887e-01  7.887e-01  7.887e-01  7.887e-01  7.887e-01  7.887e-01  7.887e-01  7.887e-01  7.887e-01  7.887e-01  7.887e-01  7.887e-01  7.887e-01  7.887e-01  7.887e-01  7.887e-01  7.887e-01  7.887e-01  7.887e-01 	
 7.911e-01  7.911e-01  7.911e-01  7.911e-01  7.911e-01  7.911e-01  7.911e-01  7.911e-01  7.911e-01  7.911e-01  7.911e-01  7.911e-01  7.911e-01  7.911e-01  7.911e-01  7.911e-01  7.911e-01  7.911e-01  7.911e-01  7.911e-01  7.911e-01  7.911e-01  7.911e-01  7.911e-01  7.911e-01  7.911e-01  7.911e-01  7.911e-01  7.911e-01  7.911e-01  7.911e-01  7.911e-01  7.911e-01  7.911e-01  7.911e-01  7.911e-01  7.911e-01  7.911e-01  7.911e-01  7.911e-01  7.911e-01  7.911e-01  7.911e-01  7.911e-01  7.911e-01  7.911e-01  7.911e-01  7.911e-01  7.911e-01  7.911e-01 	
 7.934e-01  7.934e-01  7.934e-01  7.934e-01  7.934e-01  7.934e-01  7.934e-01  7.934e-01  7.934e-01  7.934e-01  7.934e-01  7.934e-01  7.934e-01  7.934e-01  7.934e-01  7.934e-01  7.934e-01  7.934e-01  7.934e-01  7.934e-01  7.934e-01  7.934e-01  7.934e-01  7.934e-01  7.934e-01  7.934e-01  7.934e-01  7.934e-01  7.934e-01  7.934e-01  7.934e-01  7.934e-01  7.934e-01  7.934e-01  7.934e-01  7.934e-01  7.934e-01  7.934e-01  7.934e-01  7.934e-01  7.934e-01  7.934e-01  7.934e-01  7.934e-01  7.934e-01  7.934e-01  7.934e-01  7.934e-01  7.934e-01  7.934e-01 	
 7.955e-01  7.955e-01  7.955e-01  7.955e-01  7.955e-01  7.955e-01  7.955e-01  7.955e-01  7.955e-01  7.955e-01  7.955e-01  7.955e-01  7.955e-01  7.955e-01  7.955e-01  7.955e-01  7.955e-01  7.955e-01  7.955e-01  7.955e-01  7.955e-01  7.955e-01  7.955e-01  7.955e-01  7.955e-01  7.955e-01  7.955e-01  7.955e-01  7.955e-01  7.955e-01  7.955e-01  7.955e-01  7.955e-01  7.955e-01  7.955e-01  7.955e-01  7.955e-01  7.955e-01  7.955e-01  7.955e-01  7.955e-01  7.955e-01  7.955e-01  7.955e-01  7.955e-01  7.955e-01  7.955e-01  7.955e-01  7.955e-01  7.955e-01 	
 7.974e-01  7.974e-01  7.974e-01  7.974e-01  7.974e-01  7.974e-01  7.974e-01  7.974e-01  7.974e-01  7.974e-01  7.974e-01  7.974e-01  7.974e-01  7.974e-01  7.974e-01  7.974e-01  7.974e-01  7.974e-01  7.974e-01  7.974e-01  7.974e-01  7.974e-01  7.974e-01  7.974e-01  7.974e-01  7.974e-01  7.974e-01  7.974e-01  7.974e-01  7.974e-01  7.974e-01  7.974e-01  7.974e-01  7.974e-01  7.974e-01  7.974e-01  7.974e-01  7.974e-01  7.974e-01  7.974e-01  7.974e-01  7.974e-01  7.974e-01  7.974e-01  7.974e-01  7.974e-01  7.974e-01  7.974e-01  7.974e-01  7.974e-01 	
 7.992e-01  7.992e-01  7.992e-01  7.992e-01  7.992e-01  7.992e-01  7.992e-01  7.992e-01  7.992e-01  7.992e-01  7.992e-01  7.992e-01  7.992e-01  7.992e-01  7.992e-01  7.992e-01  7.992e-01  7.992e-01  7.992e-01  7.992e-01  7.992e-01  7.992e-01  7.992e-01  7.992e-01  7.992e-01  7.992e-01  7.992e-01  7.992e-01  7.992e-01  7.992e-01  7.992e-01  7.992e-01  7.992e-01  7.992e-01  7.992e-01  7.992e-01  7.992e-01  7.992e-01  7.992e-01  7.992e-01  7.992e-01  7.992e-01  7.992e-01  7.992e-01  7.992e-01  7.992e-01  7.992e-01  7.992e-01  7.992e-01  7.992e-01 	
 8.008e-01  8.008e-01  8.008e-01  8.008e-01  8.008e-01  8.008e-01  8.008e-01  8.008e-01  8.008e-01  8.008e-01  8.008e-01  8.008e-01  8.008e-01  8.008e-01  8.008e-01  8.008e-01  8.008e-01  8.008e-01  8.008e-01  8.008e-01  8.008e-01  8.008e-01  8.008e-01  8.008e-01  8.008e-01  8.008e-01  8.008e-01  8.008e-01  8.008e-01  8.008e-01  8.008e-01  8.008e-01  8.008e-01  8.008e-01  8.008e-01  8.008e-01  8.008e-01  8.008e-01  8.008e-01  8.008e-01  8.008e-01  8.008e-01  8.008e-01  8.008e-01  8.008e-01  8.008e-01  8.008e-01  8.008e-01  8.008e-01  8.008e-01 	
 8.023e-01  8.023e-01  8.023e-01  8.023e-01  8.023e-01  8.023e-01  8.023e-01  8.023e-01  8.023e-01  8.023e-01  8.023e-01  8.023e-01  8.023e-01  8.023e-01  8.023e-01  8.023e-01  8.023e-01  8.023e-01  8.023e-01  8.023e-01  8.023e-01  8.023e-01  8.023e-01  8.023e-01  8.023e-01  8.023e-01  8.023e-01  8.023e-01  8.023e-01  8.023e-01  8.023e-01  8.023e-01  8.023e-01  8.023e-01  8.023e-01  8.023e-01  8.023e-01  8.023e-01  8.023e-01  8.023e-01  8.023e-01  8.023e-01  8.023e-01  8.023e-01  8.023e-01  8.023e-01  8.023e-01  8.023e-01  8.023e-01  8.023e-01 	
 8.037e-01  8.037e-01  8.037e-01  8.037e-01  8.037e-01  8.037e-01  8.037e-01  8.037e-01  8.037e-01  8.037e-01  8.037e-01  8.037e-01  8.037e-01  8.037e-01  8.037e-01  8.037e-01  8.037e-01  8.037e-01  8.037e-01  8.037e-01  8.037e-01  8.037e-01  8.037e-01  8.037e-01  8.037e-01  8.037e-01  8.037e-01  8.037e-01  8.037e-01  8.037e-01  8.037e-01  8.037e-01  8.037e-01  8.037e-01  8.037e-01  8.037e-01  8.037e-01  8.037e-01  8.037e-01  8.037e-01  8.037e-01  8.037e-01  8.037e-01  8.037e-01  8.037e-01  8.037e-01  8.037e-01  8.037e-01  8.037e-01  8.037e-01 	
 8.050e-01  8.050e-01  8.050e-01  8.050e-01  8.050e-01  8.050e-01  8.050e-01  8.050e-01  8.050e-01  8.050e-01  8.050e-01  8.050e-01  8.050e-01  8.050e-01  8.050e-01  8.050e-01  8.050e-01  8.050e-01  8.050e-01  8.050e-01  8.050e-01  8.050e-01  8.050e-01  8.050e-01  8.050e-01  8.050e-01  8.050e-01  8.050e-01  8.050e-01  8.050e-01  8.050e-01  8.050e-01  8.050e-01  8.050e-01  8.050e-01  8.050e-01  8.050e-01  8.050e-01  8.050e-01  8.050e-01  8.050e-01  8.050e-01  8.050e-01  8.050e-01  8.050e-01  8.050e-01  8.050e-01  8.050e-01  8.050e-01  8.050e-01 	
 8.061e-01  8.061e-01  8.061e-01  8.061e-01  8.061e-01  8.061e-01  8.061e-01  8.061e-01  8.061e-01  8.061e-01  8.061e-01  8.061e-01  8.061e-01  8.061e-01  8.061e-01  8.061e-01  8.061e-01  8.061e-01  8.061e-01  8.061e-01  8.061e-01  8.061e-01  8.061e-01  8.061e-01  8.061e-01  8.061e-01  8.061e-01  8.061e-01  8.061e-01  8.061e-01  8.061e-01  8.061e-01  8.061e-01  8.061e-01  8.061e-01  8.061e-01  8.061e-01  8.061e-01  8.061e-01  8.061e-01  8.061e-01  8.061e-01  8.061e-01  8.061e-01  8.061e-01  8.061e-01  8.061e-01  8.061e-01  8.061e-01  8.061e-01 	
 8.073e-01  8.073e-01  8.073e-01  8.073e-01  8.073e-01  8.073e-01  8.073e-01  8.073e-01  8.073e-01  8.073e-01  8.073e-01  8.073e-01  8.073e-01  8.073e-01  8.073e-01  8.073e-01  8.073e-01  8.073e-01  8.073e-01  8.073e-01  8.073e-01  8.073e-01  8.073e-01  8.073e-01  8.073e-01  8.073e-01  8.073e-01  8.073e-01  8.073e-01  8.073e-01  8.073e-01  8.073e-01  8.073e-01  8.073e-01  8.073e-01  8.073e-01  8.073e-01  8.073e-01  8.073e-01  8.073e-01  8.073e-01  8.073e-01  8.073e-01  8.073e-01  8.073e-01  8.073e-01  8.073e-01  8.073e-01  8.073e-01  8.073e-01 	
 8.083e-01  8.083e-01  8.083e-01  8.083e-01  8.083e-01  8.083e-01  8.083e-01  8.083e-01  8.083e-01  8.083e-01  8.083e-01  8.083e-01  8.083e-01  8.083e-01  8.083e-01  8.083e-01  8.083e-01  8.083e-01  8.083e-01  8.083e-01  8.083e-01  8.083e-01  8.083e-01  8.083e-01  8.083e-01  8.083e-01  8.083e-01  8.083e-01  8.083e-01  8.083e-01  8.083e-01  8.083e-01  8.083e-01  8.083e-01  8.083e-01  8.083e-01  8.083e-01  8.083e-01  8.083e-01  8.083e-01  8.083e-01  8.083e-01  8.083e-01  8.083e-01  8.083e-01  8.083e-01  8.083e-01  8.083e-01  8.083e-01  8.083e-01 	
 8.093e-01  8.093e-01  8.093e-01  8.093e-01  8.093e-01  8.093e-01  8.093e-01  8.093e-01  8.093e-01  8.093e-01  8.093e-01  8.093e-01  8.093e-01  8.093e-01  8.093e-01  8.093e-01  8.093e-01  8.093e-01  8.093e-01  8.093e-01  8.093e-01  8.093e-01  8.093e-01  8.093e-01  8.093e-01  8.093e-01  8.093e-01  8.093e-01  8.093e-01  8.093e-01  8.093e-01  8.093e-01  8.093e-01  8.093e-01  8.093e-01  8.093e-01  8.093e-01  8.093e-01  8.093e-01  8.093e-01  8.093e-01  8.093e-01  8.093e-01  8.093e-01  8.093e-01  8.093e-01  8.093e-01  8.093e-01  8.093e-01  8.093e-01 	
 8.102e-01  8.102e-01  8.102e-01  8.102e-01  8.102e-01  8.102e-01  8.102e-01  8.102e-01  8.102e-01  8.102e-01  8.102e-01  8.102e-01  8.102e-01  8.102e-01  8.102e-01  8.102e-01  8.102e-01  8.102e-01  8.102e-01  8.102e-01  8.102e-01  8.102e-01  8.102e-01  8.102e-01  8.102e-01  8.102e-01  8.102e-01  8.102e-01  8.102e-01  8.102e-01  8.102e-01  8.102e-01  8.102e-01  8.102e-01  8.102e-01  8.102e-01  8.102e-01  8.102e-01  8.102e-01  8.102e-01  8.102e-01  8.102e-01  8.102e-01  8.102e-01  8.102e-01  8.102e-01  8.102e-01  8.102e-01  8.102e-01  8.102e-01 	
 8.111e-01  8.111e-01  8.111e-01  8.111e-01  8.111e-01  8.111e-01  8.111e-01  8.111e-01  8.111e-01  8.111e-01  8.111e-01  8.111e-01  8.111e-01  8.111e-01  8.111e-01  8.111e-01  8.111e-01  8.111e-01  8.111e-01  8.111e-01  8.111e-01  8.111e-01  8.111e-01  8.111e-01  8.111e-01  8.111e-01  8.111e-01  8.111e-01  8.111e-01  8.111e-01  8.111e-01  8.111e-01  8.111e-01  8.111e-01  8.111e-01  8.111e-01  8.111e-01  8.111e-01  8.111e-01  8.111e-01  8.111e-01  8.111e-01  8.111e-01  8.111e-01  8.111e-01  8.111e-01  8.111e-01  8.111e-01  8.111e-01  8.111e-01 	
 8.120e-01  8.120e-01  8.120e-01  8.120e-01  8.120e-01  8.120e-01  8.120e-01  8.120e-01  8.120e-01  8.120e-01  8.120e-01  8.120e-01  8.120e-01  8.120e-01  8.120e-01  8.120e-01  8.120e-01  8.120e-01  8.120e-01  8.120e-01  8.120e-01  8.120e-01  8.120e-01  8.120e-01  8.120e-01  8.120e-01  8.120e-01  8.120e-01  8.120e-01  8.120e-01  8.120e-01  8.120e-01  8.120e-01  8.120e-01  8.120e-01  8.120e-01  8.120e-01  8.120e-01  8.120e-01  8.120e-01  8.120e-01  8.120e-01  8.120e-01  8.120e-01  8.120e-01  8.120e-01  8.120e-01  8.120e-01  8.120e-01  8.120e-01 	
 8.128e-01  8.128e-01  8.128e-01  8.128e-01  8.128e-01  8.128e-01  8.128e-01  8.128e-01  8.128e-01  8.128e-01  8.128e-01  8.128e-01  8.128e-01  8.128e-01  8.128e-01  8.128e-01  8.128e-01  8.128e-01  8.128e-01  8.128e-01  8.128e-01  8.128e-01  8.128e-01  8.128e-01  8.128e-01  8.128e-01  8.128e-01  8.128e-01  8.128e-01  8.128e-01  8.128e-01  8.128e-01  8.128e-01  8.128e-01  8.128e-01  8.128e-01  8.128e-01  8.128e-01  8.128e-01  8.128e-01  8.128e-01  8.128e-01  8.128e-01  8.128e-01  8.128e-01  8.128e-01  8.128e-01  8.128e-01  8.128e-01  8.128e-01 	
 8.135e-01  8.135e-01  8.135e-01  8.135e-01  8.135e-01  8.135e-01  8.135e-01  8.135e-01  8.135e-01  8.135e-01  8.135e-01  8.135e-01  8.135e-01  8.135e-01  8.135e-01  8.135e-01  8.135e-01  8.135e-01  8.135e-01  8.135e-01  8.135e-01  8.135e-01  8.135e-01  8.135e-01  8.135e-01  8.135e-01  8.135e-01  8.135e-01  8.135e-01  8.135e-01  8.135e-01  8.135e-01  8.135e-01  8.135e-01  8.135e-01  8.135e-01  8.135e-01  8.135e-01  8.135e-01  8.135e-01  8.135e-01  8.135e-01  8.135e-01  8.135e-01  8.135e-01  8.135e-01  8.135e-01  8.135e-01  8.135e-01  8.135e-01 	
 8.143e-01  8.143e-01  8.143e-01  8.143e-01  8.143e-01  8.143e-01  8.143e-01  8.143e-01  8.143e-01  8.143e-01  8.143e-01  8.143e-01  8.143e-01  8.143e-01  8.143e-01  8.143e-01  8.143e-01  8.143e-01  8.143e-01  8.143e-01  8.143e-01  8.143e-01  8.143e-01  8.143e-01  8.143e-01  8.143e-01  8.143e-01  8.143e-01  8.143e-01  8.143e-01  8.143e-01  8.143e-01  8.143e-01  8.143e-01  8.143e-01  8.143e-01  8.143e-01  8.143e-01  8.143e-01  8.143e-01  8.143e-01  8.143e-01  8.143e-01  8.143e-01  8.143e-01  8.143e-01  8.143e-01  8.143e-01  8.143e-01  8.143e-01 	
 8.150e-01  8.150e-01  8.150e-01  8.150e-01  8.150e-01  8.150e-01  8.150e-01  8.150e-01  8.150e-01  8.150e-01  8.150e-01  8.150e-01  8.150e-01  8.150e-01  8.150e-01  8.150e-01  8.150e-01  8.150e-01  8.150e-01  8.150e-01  8.150e-01  8.150e-01  8.150e-01  8.150e-01  8.150e-01  8.150e-01  8.150e-01  8.150e-01  8.150e-01  8.150e-01  8.150e-01  8.150e-01  8.150e-01  8.150e-01  8.150e-01  8.150e-01  8.150e-01  8.150e-01  8.150e-01  8.150e-01  8.150e-01  8.150e-01  8.150e-01  8.150e-01  8.150e-01  8.150e-01  8.150e-01  8.150e-01  8.150e-01  8.150e-01 	
 8.156e-01  8.156e-01  8.156e-01  8.156e-01  8.156e-01  8.156e-01  8.156e-01  8.156e-01  8.156e-01  8.156e-01  8.156e-01  8.156e-01  8.156e-01  8.156e-01  8.156e-01  8.156e-01  8.156e-01  8.156e-01  8.156e-01  8.156e-01  8.156e-01  8.156e-01  8.156e-01  8.156e-01  8.156e-01  8.156e-01  8.156e-01  8.156e-01  8.156e-01  8.156e-01  8.156e-01  8.156e-01  8.156e-01  8.156e-01  8.156e-01  8.156e-01  8.156e-01  8.156e-01  8.156e-01  8.156e-01  8.156e-01  8.156e-01  8.156e-01  8.156e-01  8.156e-01  8.156e-01  8.156e-01  8.156e-01  8.156e-01  8.156e-01 	
 8.163e-01  8.163e-01  8.163e-01  8.163e-01  8.163e-01  8.163e-01  8.163e-01  8.163e-01  8.163e-01  8.163e-01  8.163e-01  8.163e-01  8.163e-01  8.163e-01  8.163e-01  8.163e-01  8.163e-01  8.163e-01  8.163e-01  8.163e-01  8.163e-01  8.163e-01  8.163e-01  8.163e-01  8.163e-01  8.163e-01  8.163e-01  8.163e-01  8.163e-01  8.163e-01  8.163e-01  8.163e-01  8.163e-01  8.163e-01  8.163e-01  8.163e-01  8.163e-01  8.163e-01  8.163e-01  8.163e-01  8.163e-01  8.163e-01  8.163e-01  8.163e-01  8.163e-01  8.163e-01  8.163e-01  8.163e-01  8.163e-01  8.163e-01 	
 8.169e-01  8.169e-01  8.169e-01  8.169e-01  8.169e-01  8.169e-01  8.169e-01  8.169e-01  8.169e-01  8.169e-01  8.169e-01  8.169e-01  8.169e-01  8.169e-01  8.169e-01  8.169e-01  8.169e-01  8.169e-01  8.169e-01  8.169e-01  8.169e-01  8.169e-01  8.169e-01  8.169e-01  8.169e-01  8.169e-01  8.169e-01  8.169e-01  8.169e-01  8.169e-01  8.169e-01  8.169e-01  8.169e-01  8.169e-01  8.169e-01  8.169e-01  8.169e-01  8.169e-01  8.169e-01  8.169e-01  8.169e-01  8.169e-01  8.169e-01  8.169e-01  8.169e-01  8.169e-01  8.169e-01  8.169e-01  8.169e-01  8.169e-01 	
 8.175e-01  8.175e-01  8.175e-01  8.175e-01  8.175e-01  8.175e-01  8.175e-01  8.175e-01  8.175e-01  8.175e-01  8.175e-01  8.175e-01  8.175e-01  8.175e-01  8.175e-01  8.175e-01  8.175e-01  8.175e-01  8.175e-01  8.175e-01  8.175e-01  8.175e-01  8.175e-01  8.175e-01  8.175e-01  8.175e-01  8.175e-01  8.175e-01  8.175e-01  8.175e-01  8.175e-01  8.175e-01  8.175e-01  8.175e-01  8.175e-01  8.175e-01  8.175e-01  8.175e-01  8.175e-01  8.175e-01  8.175e-01  8.175e-01  8.175e-01  8.175e-01  8.175e-01  8.175e-01  8.175e-01  8.175e-01  8.175e-01  8.175e-01 	
 8.180e-01  8.180e-01  8.180e-01  8.180e-01  8.180e-01  8.180e-01  8.180e-01  8.180e-01  8.180e-01  8.180e-01  8.180e-01  8.180e-01  8.180e-01  8.180e-01  8.180e-01  8.180e-01  8.180e-01  8.180e-01  8.180e-01  8.180e-01  8.180e-01  8.180e-01  8.180e-01  8.180e-01  8.180e-01  8.180e-01  8.180e-01  8.180e-01  8.180e-01  8.180e-01  8.180e-01  8.180e-01  8.180e-01  8.180e-01  8.180e-01  8.180e-01  8.180e-01  8.180e-01  8.180e-01  8.180e-01  8.180e-01  8.180e-01  8.180e-01  8.180e-01  8.180e-01  8.180e-01  8.180e-01  8.180e-01  8.180e-01  8.180e-01 	
