 9.920e-05  1.075e-04  1.155e-04  1.231e-04  1.304e-04  1.374e-04  1.440e-04  1.503e-04  1.564e-04  1.623e-04  1.679e-04  1.734e-04  1.786e-04  1.838e-04  1.887e-04  1.936e-04  1.984e-04  2.031e-04  2.077e-04  2.123e-04  2.168e-04  2.213e-04  2.257e-04  2.301e-04  2.346e-04  2.390e-04  2.433e-04  2.477e-04  2.521e-04  2.565e-04  2.609e-04  2.652e-04  2.696e-04  2.740e-04  2.784e-04  2.828e-04  2.872e-04  2.916e-04  2.961e-04  3.005e-04  3.049e-04  3.093e-04  3.138e-04  3.182e-04  3.227e-04  3.271e-04  3.316e-04  3.360e-04  3.405e-04  3.450e-04 	
 1.468e-04  1.584e-04  1.694e-04  1.798e-04  1.896e-04  1.989e-04  2.078e-04  2.162e-04  2.243e-04  2.320e-04  2.394e-04  2.465e-04  2.534e-04  2.601e-04  2.666e-04  2.730e-04  2.793e-04  2.854e-04  2.915e-04  2.974e-04  3.034e-04  3.092e-04  3.151e-04  3.209e-04  3.266e-04  3.324e-04  3.381e-04  3.439e-04  3.496e-04  3.553e-04  3.610e-04  3.667e-04  3.724e-04  3.781e-04  3.839e-04  3.896e-04  3.953e-04  4.010e-04  4.068e-04  4.126e-04  4.183e-04  4.241e-04  4.299e-04  4.357e-04  4.415e-04  4.474e-04  4.533e-04  4.591e-04  4.650e-04  4.710e-04 	
 2.157e-04  2.316e-04  2.465e-04  2.605e-04  2.736e-04  2.859e-04  2.975e-04  3.085e-04  3.190e-04  3.289e-04  3.385e-04  3.477e-04  3.567e-04  3.653e-04  3.737e-04  3.820e-04  3.901e-04  3.980e-04  4.059e-04  4.136e-04  4.213e-04  4.289e-04  4.365e-04  4.440e-04  4.515e-04  4.590e-04  4.665e-04  4.739e-04  4.814e-04  4.888e-04  4.962e-04  5.037e-04  5.112e-04  5.186e-04  5.261e-04  5.337e-04  5.412e-04  5.488e-04  5.564e-04  5.641e-04  5.718e-04  5.795e-04  5.873e-04  5.951e-04  6.030e-04  6.109e-04  6.189e-04  6.270e-04  6.351e-04  6.433e-04 	
 3.147e-04  3.362e-04  3.560e-04  3.744e-04  3.914e-04  4.074e-04  4.224e-04  4.365e-04  4.499e-04  4.626e-04  4.748e-04  4.866e-04  4.980e-04  5.090e-04  5.198e-04  5.304e-04  5.408e-04  5.510e-04  5.611e-04  5.710e-04  5.809e-04  5.908e-04  6.006e-04  6.103e-04  6.200e-04  6.298e-04  6.395e-04  6.492e-04  6.590e-04  6.688e-04  6.787e-04  6.885e-04  6.985e-04  7.085e-04  7.186e-04  7.287e-04  7.390e-04  7.493e-04  7.598e-04  7.703e-04  7.810e-04  7.918e-04  8.027e-04  8.137e-04  8.249e-04  8.363e-04  8.477e-04  8.594e-04  8.712e-04  8.832e-04 	
 4.555e-04  4.838e-04  5.097e-04  5.334e-04  5.553e-04  5.756e-04  5.946e-04  6.124e-04  6.293e-04  6.454e-04  6.608e-04  6.757e-04  6.900e-04  7.040e-04  7.177e-04  7.312e-04  7.444e-04  7.575e-04  7.704e-04  7.833e-04  7.961e-04  8.088e-04  8.216e-04  8.343e-04  8.472e-04  8.600e-04  8.729e-04  8.860e-04  8.991e-04  9.124e-04  9.258e-04  9.393e-04  9.531e-04  9.670e-04  9.811e-04  9.954e-04  1.010e-03  1.025e-03  1.040e-03  1.055e-03  1.071e-03  1.087e-03  1.103e-03  1.119e-03  1.136e-03  1.153e-03  1.171e-03  1.189e-03  1.207e-03  1.225e-03 	
 6.537e-04  6.902e-04  7.233e-04  7.533e-04  7.809e-04  8.063e-04  8.300e-04  8.523e-04  8.734e-04  8.935e-04  9.128e-04  9.314e-04  9.496e-04  9.673e-04  9.847e-04  1.002e-03  1.019e-03  1.036e-03  1.052e-03  1.069e-03  1.086e-03  1.103e-03  1.120e-03  1.137e-03  1.155e-03  1.172e-03  1.190e-03  1.208e-03  1.226e-03  1.245e-03  1.264e-03  1.284e-03  1.304e-03  1.324e-03  1.345e-03  1.367e-03  1.388e-03  1.411e-03  1.434e-03  1.457e-03  1.481e-03  1.506e-03  1.531e-03  1.557e-03  1.584e-03  1.612e-03  1.640e-03  1.668e-03  1.698e-03  1.728e-03 	
 9.295e-04  9.757e-04  1.017e-03  1.055e-03  1.089e-03  1.120e-03  1.149e-03  1.177e-03  1.203e-03  1.228e-03  1.252e-03  1.276e-03  1.299e-03  1.322e-03  1.344e-03  1.366e-03  1.388e-03  1.411e-03  1.433e-03  1.456e-03  1.479e-03  1.502e-03  1.525e-03  1.550e-03  1.574e-03  1.600e-03  1.625e-03  1.652e-03  1.679e-03  1.707e-03  1.736e-03  1.766e-03  1.797e-03  1.828e-03  1.861e-03  1.895e-03  1.929e-03  1.965e-03  2.002e-03  2.040e-03  2.079e-03  2.120e-03  2.161e-03  2.204e-03  2.248e-03  2.294e-03  2.341e-03  2.389e-03  2.438e-03  2.490e-03 	
 1.309e-03  1.367e-03  1.418e-03  1.464e-03  1.505e-03  1.544e-03  1.580e-03  1.614e-03  1.647e-03  1.678e-03  1.709e-03  1.739e-03  1.768e-03  1.798e-03  1.828e-03  1.857e-03  1.888e-03  1.918e-03  1.949e-03  1.981e-03  2.014e-03  2.048e-03  2.083e-03  2.119e-03  2.156e-03  2.194e-03  2.234e-03  2.275e-03  2.318e-03  2.362e-03  2.408e-03  2.456e-03  2.506e-03  2.557e-03  2.610e-03  2.666e-03  2.723e-03  2.782e-03  2.844e-03  2.908e-03  2.974e-03  3.042e-03  3.112e-03  3.185e-03  3.261e-03  3.339e-03  3.419e-03  3.502e-03  3.587e-03  3.675e-03 	
 1.827e-03  1.897e-03  1.959e-03  2.015e-03  2.066e-03  2.113e-03  2.158e-03  2.200e-03  2.241e-03  2.282e-03  2.321e-03  2.361e-03  2.401e-03  2.441e-03  2.482e-03  2.524e-03  2.567e-03  2.611e-03  2.657e-03  2.705e-03  2.754e-03  2.806e-03  2.860e-03  2.917e-03  2.975e-03  3.037e-03  3.101e-03  3.168e-03  3.238e-03  3.311e-03  3.388e-03  3.467e-03  3.550e-03  3.637e-03  3.727e-03  3.821e-03  3.919e-03  4.020e-03  4.126e-03  4.235e-03  4.349e-03  4.466e-03  4.588e-03  4.715e-03  4.845e-03  4.981e-03  5.120e-03  5.265e-03  5.414e-03  5.567e-03 	
 2.528e-03  2.612e-03  2.686e-03  2.754e-03  2.816e-03  2.875e-03  2.931e-03  2.985e-03  3.038e-03  3.092e-03  3.145e-03  3.200e-03  3.256e-03  3.313e-03  3.373e-03  3.435e-03  3.501e-03  3.569e-03  3.640e-03  3.716e-03  3.795e-03  3.878e-03  3.966e-03  4.058e-03  4.156e-03  4.258e-03  4.365e-03  4.478e-03  4.597e-03  4.721e-03  4.851e-03  4.988e-03  5.130e-03  5.279e-03  5.435e-03  5.597e-03  5.766e-03  5.943e-03  6.126e-03  6.316e-03  6.514e-03  6.720e-03  6.933e-03  7.154e-03  7.383e-03  7.619e-03  7.864e-03  8.117e-03  8.379e-03  8.649e-03 	
 3.467e-03  3.567e-03  3.657e-03  3.740e-03  3.817e-03  3.891e-03  3.964e-03  4.036e-03  4.109e-03  4.183e-03  4.260e-03  4.339e-03  4.422e-03  4.510e-03  4.602e-03  4.700e-03  4.804e-03  4.914e-03  5.031e-03  5.155e-03  5.286e-03  5.425e-03  5.573e-03  5.730e-03  5.895e-03  6.070e-03  6.254e-03  6.448e-03  6.652e-03  6.867e-03  7.093e-03  7.330e-03  7.578e-03  7.837e-03  8.109e-03  8.392e-03  8.687e-03  8.996e-03  9.316e-03  9.650e-03  9.997e-03  1.036e-02  1.073e-02  1.112e-02  1.152e-02  1.194e-02  1.236e-02  1.281e-02  1.327e-02  1.374e-02 	
 4.718e-03  4.839e-03  4.949e-03  5.053e-03  5.152e-03  5.250e-03  5.349e-03  5.450e-03  5.554e-03  5.664e-03  5.780e-03  5.902e-03  6.033e-03  6.173e-03  6.323e-03  6.483e-03  6.655e-03  6.839e-03  7.035e-03  7.245e-03  7.469e-03  7.708e-03  7.962e-03  8.231e-03  8.517e-03  8.820e-03  9.140e-03  9.478e-03  9.834e-03  1.021e-02  1.060e-02  1.102e-02  1.145e-02  1.190e-02  1.238e-02  1.288e-02  1.339e-02  1.393e-02  1.450e-02  1.508e-02  1.569e-02  1.632e-02  1.697e-02  1.765e-02  1.835e-02  1.908e-02  1.983e-02  2.061e-02  2.141e-02  2.224e-02 	
 6.380e-03  6.528e-03  6.666e-03  6.801e-03  6.935e-03  7.072e-03  7.214e-03  7.363e-03  7.522e-03  7.693e-03  7.877e-03  8.075e-03  8.290e-03  8.522e-03  8.773e-03  9.044e-03  9.336e-03  9.650e-03  9.987e-03  1.035e-02  1.074e-02  1.115e-02  1.159e-02  1.206e-02  1.256e-02  1.309e-02  1.365e-02  1.424e-02  1.486e-02  1.551e-02  1.620e-02  1.693e-02  1.768e-02  1.848e-02  1.931e-02  2.017e-02  2.108e-02  2.202e-02  2.300e-02  2.402e-02  2.508e-02  2.617e-02  2.731e-02  2.849e-02  2.971e-02  3.097e-02  3.227e-02  3.361e-02  3.499e-02  3.642e-02 	
 8.579e-03  8.766e-03  8.949e-03  9.134e-03  9.325e-03  9.527e-03  9.743e-03  9.977e-03  1.023e-02  1.051e-02  1.081e-02  1.115e-02  1.151e-02  1.190e-02  1.233e-02  1.280e-02  1.330e-02  1.384e-02  1.443e-02  1.506e-02  1.573e-02  1.645e-02  1.722e-02  1.804e-02  1.891e-02  1.983e-02  2.080e-02  2.183e-02  2.292e-02  2.406e-02  2.526e-02  2.651e-02  2.783e-02  2.921e-02  3.065e-02  3.215e-02  3.371e-02  3.534e-02  3.703e-02  3.878e-02  4.060e-02  4.248e-02  4.443e-02  4.644e-02  4.852e-02  5.067e-02  5.288e-02  5.516e-02  5.750e-02  5.991e-02 	
 1.149e-02  1.174e-02  1.199e-02  1.226e-02  1.255e-02  1.287e-02  1.321e-02  1.359e-02  1.402e-02  1.448e-02  1.500e-02  1.556e-02  1.618e-02  1.686e-02  1.761e-02  1.841e-02  1.929e-02  2.023e-02  2.125e-02  2.235e-02  2.352e-02  2.477e-02  2.611e-02  2.753e-02  2.904e-02  3.064e-02  3.233e-02  3.411e-02  3.598e-02  3.795e-02  4.001e-02  4.217e-02  4.443e-02  4.678e-02  4.924e-02  5.179e-02  5.445e-02  5.720e-02  6.006e-02  6.301e-02  6.607e-02  6.922e-02  7.247e-02  7.582e-02  7.927e-02  8.281e-02  8.645e-02  9.018e-02  9.401e-02  9.792e-02 	
 1.533e-02  1.569e-02  1.607e-02  1.648e-02  1.694e-02  1.745e-02  1.803e-02  1.867e-02  1.939e-02  2.019e-02  2.107e-02  2.205e-02  2.312e-02  2.430e-02  2.559e-02  2.699e-02  2.851e-02  3.015e-02  3.192e-02  3.381e-02  3.584e-02  3.800e-02  4.031e-02  4.275e-02  4.534e-02  4.807e-02  5.095e-02  5.398e-02  5.715e-02  6.048e-02  6.395e-02  6.758e-02  7.136e-02  7.528e-02  7.936e-02  8.358e-02  8.795e-02  9.246e-02  9.711e-02  1.019e-01  1.068e-01  1.119e-01  1.171e-01  1.224e-01  1.279e-01  1.334e-01  1.391e-01  1.449e-01  1.508e-01  1.568e-01 	
 2.044e-02  2.097e-02  2.156e-02  2.223e-02  2.299e-02  2.385e-02  2.482e-02  2.592e-02  2.715e-02  2.853e-02  3.006e-02  3.175e-02  3.361e-02  3.565e-02  3.787e-02  4.029e-02  4.290e-02  4.572e-02  4.875e-02  5.198e-02  5.543e-02  5.910e-02  6.299e-02  6.711e-02  7.144e-02  7.600e-02  8.078e-02  8.578e-02  9.100e-02  9.643e-02  1.021e-01  1.079e-01  1.140e-01  1.203e-01  1.267e-01  1.333e-01  1.402e-01  1.472e-01  1.543e-01  1.616e-01  1.691e-01  1.767e-01  1.845e-01  1.923e-01  2.003e-01  2.084e-01  2.166e-01  2.248e-01  2.332e-01  2.416e-01 	
 2.724e-02  2.808e-02  2.905e-02  3.016e-02  3.144e-02  3.291e-02  3.458e-02  3.646e-02  3.858e-02  4.095e-02  4.359e-02  4.649e-02  4.969e-02  5.317e-02  5.696e-02  6.107e-02  6.548e-02  7.022e-02  7.528e-02  8.067e-02  8.638e-02  9.242e-02  9.877e-02  1.054e-01  1.124e-01  1.197e-01  1.273e-01  1.351e-01  1.433e-01  1.517e-01  1.603e-01  1.692e-01  1.783e-01  1.876e-01  1.971e-01  2.068e-01  2.166e-01  2.266e-01  2.367e-01  2.469e-01  2.572e-01  2.676e-01  2.780e-01  2.885e-01  2.990e-01  3.095e-01  3.200e-01  3.304e-01  3.409e-01  3.513e-01 	
 3.637e-02  3.775e-02  3.936e-02  4.125e-02  4.343e-02  4.594e-02  4.880e-02  5.203e-02  5.566e-02  5.970e-02  6.418e-02  6.909e-02  7.446e-02  8.029e-02  8.659e-02  9.335e-02  1.006e-01  1.083e-01  1.164e-01  1.250e-01  1.340e-01  1.434e-01  1.533e-01  1.635e-01  1.740e-01  1.849e-01  1.961e-01  2.075e-01  2.192e-01  2.311e-01  2.432e-01  2.555e-01  2.679e-01  2.804e-01  2.930e-01  3.056e-01  3.183e-01  3.309e-01  3.435e-01  3.561e-01  3.686e-01  3.810e-01  3.933e-01  4.054e-01  4.174e-01  4.293e-01  4.410e-01  4.524e-01  4.637e-01  4.748e-01 	
 4.873e-02  5.104e-02  5.377e-02  5.697e-02  6.069e-02  6.496e-02  6.981e-02  7.527e-02  8.136e-02  8.810e-02  9.550e-02  1.036e-01  1.123e-01  1.216e-01  1.317e-01  1.423e-01  1.535e-01  1.653e-01  1.775e-01  1.903e-01  2.035e-01  2.171e-01  2.311e-01  2.453e-01  2.598e-01  2.745e-01  2.894e-01  3.043e-01  3.194e-01  3.344e-01  3.494e-01  3.643e-01  3.792e-01  3.939e-01  4.084e-01  4.227e-01  4.369e-01  4.507e-01  4.644e-01  4.777e-01  4.907e-01  5.035e-01  5.159e-01  5.280e-01  5.398e-01  5.512e-01  5.623e-01  5.730e-01  5.835e-01  5.935e-01 	
 6.563e-02  6.952e-02  7.413e-02  7.954e-02  8.579e-02  9.292e-02  1.010e-01  1.099e-01  1.198e-01  1.306e-01  1.423e-01  1.549e-01  1.682e-01  1.824e-01  1.972e-01  2.127e-01  2.287e-01  2.452e-01  2.620e-01  2.792e-01  2.966e-01  3.141e-01  3.318e-01  3.494e-01  3.669e-01  3.843e-01  4.016e-01  4.186e-01  4.353e-01  4.517e-01  4.678e-01  4.834e-01  4.987e-01  5.136e-01  5.280e-01  5.420e-01  5.555e-01  5.686e-01  5.812e-01  5.934e-01  6.051e-01  6.164e-01  6.272e-01  6.376e-01  6.476e-01  6.572e-01  6.664e-01  6.751e-01  6.835e-01  6.916e-01 	
 8.897e-02  9.547e-02  1.032e-01  1.121e-01  1.223e-01  1.338e-01  1.466e-01  1.606e-01  1.757e-01  1.920e-01  2.092e-01  2.273e-01  2.461e-01  2.655e-01  2.853e-01  3.055e-01  3.258e-01  3.463e-01  3.666e-01  3.869e-01  4.068e-01  4.265e-01  4.457e-01  4.645e-01  4.828e-01  5.006e-01  5.178e-01  5.344e-01  5.504e-01  5.658e-01  5.806e-01  5.948e-01  6.084e-01  6.214e-01  6.338e-01  6.457e-01  6.570e-01  6.678e-01  6.781e-01  6.879e-01  6.973e-01  7.061e-01  7.146e-01  7.226e-01  7.302e-01  7.374e-01  7.443e-01  7.507e-01  7.569e-01  7.627e-01 	
 1.214e-01  1.320e-01  1.444e-01  1.586e-01  1.745e-01  1.920e-01  2.110e-01  2.312e-01  2.526e-01  2.747e-01  2.975e-01  3.208e-01  3.442e-01  3.676e-01  3.908e-01  4.136e-01  4.360e-01  4.579e-01  4.791e-01  4.995e-01  5.192e-01  5.381e-01  5.562e-01  5.735e-01  5.900e-01  6.056e-01  6.205e-01  6.347e-01  6.481e-01  6.608e-01  6.729e-01  6.843e-01  6.951e-01  7.054e-01  7.150e-01  7.242e-01  7.328e-01  7.410e-01  7.487e-01  7.560e-01  7.629e-01  7.694e-01  7.755e-01  7.813e-01  7.868e-01  7.919e-01  7.968e-01  8.014e-01  8.057e-01  8.097e-01 	
 1.663e-01  1.829e-01  2.019e-01  2.230e-01  2.459e-01  2.703e-01  2.958e-01  3.220e-01  3.485e-01  3.751e-01  4.014e-01  4.273e-01  4.524e-01  4.766e-01  4.999e-01  5.221e-01  5.433e-01  5.633e-01  5.823e-01  6.002e-01  6.171e-01  6.330e-01  6.480e-01  6.620e-01  6.752e-01  6.877e-01  6.993e-01  7.103e-01  7.206e-01  7.303e-01  7.394e-01  7.480e-01  7.560e-01  7.636e-01  7.708e-01  7.775e-01  7.838e-01  7.898e-01  7.954e-01  8.007e-01  8.056e-01  8.103e-01  8.147e-01  8.189e-01  8.227e-01  8.264e-01  8.298e-01  8.330e-01  8.360e-01  8.389e-01 	
 2.270e-01  2.514e-01  2.781e-01  3.065e-01  3.360e-01  3.660e-01  3.959e-01  4.253e-01  4.537e-01  4.810e-01  5.070e-01  5.315e-01  5.546e-01  5.761e-01  5.963e-01  6.151e-01  6.326e-01  6.488e-01  6.640e-01  6.780e-01  6.912e-01  7.034e-01  7.148e-01  7.254e-01  7.353e-01  7.446e-01  7.533e-01  7.615e-01  7.691e-01  7.763e-01  7.830e-01  7.893e-01  7.953e-01  8.009e-01  8.062e-01  8.111e-01  8.158e-01  8.202e-01  8.244e-01  8.283e-01  8.319e-01  8.354e-01  8.386e-01  8.417e-01  8.445e-01  8.472e-01  8.497e-01  8.521e-01  8.543e-01  8.563e-01 	
 3.053e-01  3.375e-01  3.708e-01  4.042e-01  4.371e-01  4.686e-01  4.985e-01  5.265e-01  5.525e-01  5.765e-01  5.985e-01  6.188e-01  6.373e-01  6.543e-01  6.700e-01  6.843e-01  6.976e-01  7.098e-01  7.211e-01  7.316e-01  7.413e-01  7.504e-01  7.588e-01  7.667e-01  7.741e-01  7.810e-01  7.875e-01  7.936e-01  7.994e-01  8.048e-01  8.099e-01  8.147e-01  8.193e-01  8.236e-01  8.276e-01  8.315e-01  8.351e-01  8.385e-01  8.417e-01  8.448e-01  8.476e-01  8.503e-01  8.528e-01  8.552e-01  8.575e-01  8.596e-01  8.615e-01  8.634e-01  8.651e-01  8.666e-01 	
 3.978e-01  4.346e-01  4.702e-01  5.037e-01  5.347e-01  5.629e-01  5.884e-01  6.114e-01  6.320e-01  6.506e-01  6.673e-01  6.824e-01  6.962e-01  7.087e-01  7.201e-01  7.307e-01  7.404e-01  7.494e-01  7.577e-01  7.655e-01  7.728e-01  7.796e-01  7.860e-01  7.921e-01  7.978e-01  8.031e-01  8.082e-01  8.130e-01  8.176e-01  8.219e-01  8.260e-01  8.299e-01  8.336e-01  8.370e-01  8.404e-01  8.435e-01  8.465e-01  8.493e-01  8.520e-01  8.545e-01  8.569e-01  8.591e-01  8.612e-01  8.632e-01  8.651e-01  8.668e-01  8.685e-01  8.700e-01  8.714e-01  8.728e-01 	
 4.942e-01  5.298e-01  5.619e-01  5.903e-01  6.152e-01  6.371e-01  6.562e-01  6.731e-01  6.880e-01  7.013e-01  7.133e-01  7.242e-01  7.341e-01  7.432e-01  7.516e-01  7.594e-01  7.667e-01  7.735e-01  7.800e-01  7.860e-01  7.917e-01  7.972e-01  8.023e-01  8.072e-01  8.118e-01  8.163e-01  8.205e-01  8.245e-01  8.283e-01  8.320e-01  8.355e-01  8.388e-01  8.420e-01  8.450e-01  8.479e-01  8.506e-01  8.532e-01  8.557e-01  8.580e-01  8.603e-01  8.624e-01  8.644e-01  8.662e-01  8.680e-01  8.697e-01  8.712e-01  8.727e-01  8.740e-01  8.753e-01  8.764e-01 	
 5.804e-01  6.094e-01  6.341e-01  6.551e-01  6.729e-01  6.882e-01  7.016e-01  7.133e-01  7.238e-01  7.332e-01  7.419e-01  7.498e-01  7.572e-01  7.640e-01  7.705e-01  7.766e-01  7.824e-01  7.879e-01  7.932e-01  7.982e-01  8.029e-01  8.075e-01  8.119e-01  8.161e-01  8.202e-01  8.240e-01  8.278e-01  8.313e-01  8.347e-01  8.380e-01  8.412e-01  8.442e-01  8.470e-01  8.498e-01  8.524e-01  8.549e-01  8.573e-01  8.596e-01  8.618e-01  8.638e-01  8.657e-01  8.676e-01  8.693e-01  8.710e-01  8.725e-01  8.739e-01  8.753e-01  8.765e-01  8.777e-01  8.788e-01 	
 6.460e-01  6.666e-01  6.836e-01  6.978e-01  7.098e-01  7.202e-01  7.294e-01  7.377e-01  7.453e-01  7.522e-01  7.588e-01  7.649e-01  7.708e-01  7.763e-01  7.817e-01  7.868e-01  7.917e-01  7.964e-01  8.010e-01  8.054e-01  8.096e-01  8.138e-01  8.177e-01  8.215e-01  8.252e-01  8.288e-01  8.322e-01  8.355e-01  8.387e-01  8.417e-01  8.447e-01  8.475e-01  8.502e-01  8.528e-01  8.553e-01  8.576e-01  8.599e-01  8.621e-01  8.641e-01  8.661e-01  8.679e-01  8.697e-01  8.713e-01  8.729e-01  8.744e-01  8.757e-01  8.770e-01  8.782e-01  8.793e-01  8.804e-01 	
 6.896e-01  7.030e-01  7.141e-01  7.236e-01  7.318e-01  7.391e-01  7.458e-01  7.520e-01  7.578e-01  7.634e-01  7.687e-01  7.739e-01  7.788e-01  7.837e-01  7.883e-01  7.929e-01  7.973e-01  8.016e-01  8.058e-01  8.099e-01  8.138e-01  8.176e-01  8.214e-01  8.250e-01  8.284e-01  8.318e-01  8.351e-01  8.382e-01  8.412e-01  8.442e-01  8.470e-01  8.497e-01  8.523e-01  8.548e-01  8.572e-01  8.595e-01  8.617e-01  8.637e-01  8.657e-01  8.676e-01  8.694e-01  8.711e-01  8.727e-01  8.742e-01  8.757e-01  8.770e-01  8.782e-01  8.794e-01  8.805e-01  8.815e-01 	
 7.156e-01  7.244e-01  7.319e-01  7.385e-01  7.445e-01  7.500e-01  7.553e-01  7.604e-01  7.653e-01  7.701e-01  7.748e-01  7.793e-01  7.838e-01  7.882e-01  7.926e-01  7.968e-01  8.009e-01  8.050e-01  8.089e-01  8.128e-01  8.166e-01  8.202e-01  8.238e-01  8.273e-01  8.306e-01  8.339e-01  8.370e-01  8.401e-01  8.430e-01  8.459e-01  8.486e-01  8.513e-01  8.538e-01  8.562e-01  8.586e-01  8.608e-01  8.629e-01  8.650e-01  8.669e-01  8.688e-01  8.705e-01  8.722e-01  8.738e-01  8.753e-01  8.767e-01  8.780e-01  8.792e-01  8.803e-01  8.814e-01  8.824e-01 	
 7.304e-01  7.365e-01  7.420e-01  7.471e-01  7.519e-01  7.566e-01  7.611e-01  7.656e-01  7.700e-01  7.743e-01  7.787e-01  7.829e-01  7.871e-01  7.913e-01  7.954e-01  7.995e-01  8.034e-01  8.073e-01  8.112e-01  8.149e-01  8.186e-01  8.221e-01  8.256e-01  8.290e-01  8.322e-01  8.354e-01  8.385e-01  8.415e-01  8.444e-01  8.472e-01  8.499e-01  8.525e-01  8.550e-01  8.574e-01  8.596e-01  8.619e-01  8.640e-01  8.660e-01  8.679e-01  8.697e-01  8.714e-01  8.731e-01  8.746e-01  8.761e-01  8.775e-01  8.788e-01  8.800e-01  8.811e-01  8.822e-01  8.831e-01 	
 7.388e-01  7.436e-01  7.481e-01  7.524e-01  7.566e-01  7.608e-01  7.649e-01  7.691e-01  7.732e-01  7.773e-01  7.814e-01  7.855e-01  7.896e-01  7.936e-01  7.976e-01  8.015e-01  8.054e-01  8.092e-01  8.129e-01  8.165e-01  8.201e-01  8.236e-01  8.270e-01  8.303e-01  8.336e-01  8.367e-01  8.397e-01  8.427e-01  8.455e-01  8.483e-01  8.509e-01  8.535e-01  8.559e-01  8.583e-01  8.606e-01  8.627e-01  8.648e-01  8.668e-01  8.687e-01  8.705e-01  8.722e-01  8.738e-01  8.754e-01  8.768e-01  8.782e-01  8.795e-01  8.807e-01  8.818e-01  8.828e-01  8.838e-01 	
 7.439e-01  7.481e-01  7.521e-01  7.560e-01  7.599e-01  7.638e-01  7.677e-01  7.717e-01  7.756e-01  7.796e-01  7.836e-01  7.875e-01  7.915e-01  7.954e-01  7.993e-01  8.031e-01  8.069e-01  8.107e-01  8.143e-01  8.179e-01  8.214e-01  8.249e-01  8.282e-01  8.315e-01  8.347e-01  8.378e-01  8.408e-01  8.437e-01  8.465e-01  8.492e-01  8.518e-01  8.543e-01  8.568e-01  8.591e-01  8.614e-01  8.635e-01  8.656e-01  8.675e-01  8.694e-01  8.712e-01  8.729e-01  8.745e-01  8.761e-01  8.775e-01  8.789e-01  8.801e-01  8.813e-01  8.824e-01  8.835e-01  8.844e-01 	
 7.476e-01  7.514e-01  7.551e-01  7.588e-01  7.625e-01  7.662e-01  7.700e-01  7.738e-01  7.776e-01  7.815e-01  7.854e-01  7.893e-01  7.931e-01  7.970e-01  8.008e-01  8.046e-01  8.083e-01  8.120e-01  8.156e-01  8.191e-01  8.226e-01  8.260e-01  8.293e-01  8.325e-01  8.357e-01  8.387e-01  8.417e-01  8.446e-01  8.473e-01  8.500e-01  8.526e-01  8.551e-01  8.575e-01  8.599e-01  8.621e-01  8.642e-01  8.663e-01  8.682e-01  8.701e-01  8.719e-01  8.736e-01  8.752e-01  8.767e-01  8.781e-01  8.795e-01  8.807e-01  8.819e-01  8.830e-01  8.841e-01  8.850e-01 	
 7.504e-01  7.540e-01  7.576e-01  7.611e-01  7.647e-01  7.683e-01  7.720e-01  7.757e-01  7.794e-01  7.832e-01  7.870e-01  7.908e-01  7.946e-01  7.984e-01  8.021e-01  8.058e-01  8.095e-01  8.131e-01  8.167e-01  8.202e-01  8.236e-01  8.270e-01  8.303e-01  8.335e-01  8.366e-01  8.396e-01  8.425e-01  8.454e-01  8.481e-01  8.508e-01  8.534e-01  8.559e-01  8.583e-01  8.606e-01  8.628e-01  8.649e-01  8.669e-01  8.689e-01  8.707e-01  8.725e-01  8.742e-01  8.758e-01  8.773e-01  8.787e-01  8.800e-01  8.813e-01  8.825e-01  8.836e-01  8.846e-01  8.856e-01 	
 7.529e-01  7.564e-01  7.598e-01  7.632e-01  7.667e-01  7.702e-01  7.737e-01  7.774e-01  7.810e-01  7.847e-01  7.885e-01  7.922e-01  7.959e-01  7.997e-01  8.034e-01  8.070e-01  8.107e-01  8.142e-01  8.178e-01  8.212e-01  8.246e-01  8.279e-01  8.312e-01  8.343e-01  8.374e-01  8.404e-01  8.433e-01  8.461e-01  8.489e-01  8.515e-01  8.541e-01  8.566e-01  8.589e-01  8.612e-01  8.634e-01  8.655e-01  8.675e-01  8.695e-01  8.713e-01  8.731e-01  8.747e-01  8.763e-01  8.778e-01  8.793e-01  8.806e-01  8.819e-01  8.830e-01  8.841e-01  8.852e-01  8.861e-01 	
 7.551e-01  7.585e-01  7.618e-01  7.651e-01  7.684e-01  7.719e-01  7.754e-01  7.789e-01  7.825e-01  7.861e-01  7.898e-01  7.935e-01  7.972e-01  8.008e-01  8.045e-01  8.081e-01  8.117e-01  8.153e-01  8.187e-01  8.222e-01  8.255e-01  8.288e-01  8.320e-01  8.352e-01  8.382e-01  8.412e-01  8.441e-01  8.469e-01  8.496e-01  8.522e-01  8.548e-01  8.572e-01  8.596e-01  8.618e-01  8.640e-01  8.661e-01  8.681e-01  8.701e-01  8.719e-01  8.736e-01  8.753e-01  8.769e-01  8.784e-01  8.798e-01  8.811e-01  8.824e-01  8.836e-01  8.847e-01  8.857e-01  8.866e-01 	
 7.572e-01  7.604e-01  7.636e-01  7.668e-01  7.701e-01  7.734e-01  7.769e-01  7.803e-01  7.839e-01  7.875e-01  7.911e-01  7.947e-01  7.983e-01  8.020e-01  8.056e-01  8.092e-01  8.127e-01  8.162e-01  8.197e-01  8.230e-01  8.264e-01  8.296e-01  8.328e-01  8.359e-01  8.390e-01  8.419e-01  8.448e-01  8.476e-01  8.503e-01  8.529e-01  8.554e-01  8.578e-01  8.602e-01  8.624e-01  8.646e-01  8.667e-01  8.687e-01  8.706e-01  8.724e-01  8.742e-01  8.758e-01  8.774e-01  8.789e-01  8.803e-01  8.816e-01  8.829e-01  8.841e-01  8.852e-01  8.862e-01  8.872e-01 	
 7.591e-01  7.622e-01  7.653e-01  7.684e-01  7.716e-01  7.749e-01  7.783e-01  7.817e-01  7.852e-01  7.887e-01  7.922e-01  7.958e-01  7.994e-01  8.030e-01  8.066e-01  8.101e-01  8.136e-01  8.171e-01  8.205e-01  8.239e-01  8.272e-01  8.304e-01  8.336e-01  8.367e-01  8.397e-01  8.426e-01  8.454e-01  8.482e-01  8.509e-01  8.535e-01  8.560e-01  8.584e-01  8.608e-01  8.630e-01  8.652e-01  8.672e-01  8.692e-01  8.711e-01  8.730e-01  8.747e-01  8.764e-01  8.779e-01  8.794e-01  8.808e-01  8.822e-01  8.834e-01  8.846e-01  8.857e-01  8.867e-01  8.876e-01 	
 7.609e-01  7.638e-01  7.669e-01  7.699e-01  7.730e-01  7.763e-01  7.796e-01  7.829e-01  7.863e-01  7.898e-01  7.933e-01  7.969e-01  8.004e-01  8.040e-01  8.075e-01  8.110e-01  8.145e-01  8.179e-01  8.213e-01  8.247e-01  8.279e-01  8.311e-01  8.343e-01  8.374e-01  8.403e-01  8.433e-01  8.461e-01  8.488e-01  8.515e-01  8.541e-01  8.566e-01  8.590e-01  8.613e-01  8.635e-01  8.657e-01  8.678e-01  8.698e-01  8.717e-01  8.735e-01  8.752e-01  8.769e-01  8.784e-01  8.799e-01  8.813e-01  8.826e-01  8.839e-01  8.851e-01  8.862e-01  8.872e-01  8.881e-01 	
 7.625e-01  7.654e-01  7.683e-01  7.713e-01  7.744e-01  7.775e-01  7.808e-01  7.841e-01  7.875e-01  7.909e-01  7.944e-01  7.979e-01  8.014e-01  8.049e-01  8.084e-01  8.119e-01  8.153e-01  8.187e-01  8.221e-01  8.254e-01  8.287e-01  8.318e-01  8.350e-01  8.380e-01  8.410e-01  8.439e-01  8.467e-01  8.494e-01  8.521e-01  8.546e-01  8.571e-01  8.595e-01  8.618e-01  8.641e-01  8.662e-01  8.683e-01  8.703e-01  8.722e-01  8.740e-01  8.757e-01  8.773e-01  8.789e-01  8.804e-01  8.818e-01  8.831e-01  8.844e-01  8.855e-01  8.866e-01  8.877e-01  8.886e-01 	
 7.640e-01  7.668e-01  7.697e-01  7.726e-01  7.756e-01  7.787e-01  7.819e-01  7.852e-01  7.885e-01  7.919e-01  7.953e-01  7.988e-01  8.023e-01  8.058e-01  8.092e-01  8.127e-01  8.161e-01  8.195e-01  8.228e-01  8.261e-01  8.294e-01  8.325e-01  8.356e-01  8.386e-01  8.416e-01  8.445e-01  8.473e-01  8.500e-01  8.526e-01  8.552e-01  8.577e-01  8.601e-01  8.624e-01  8.646e-01  8.667e-01  8.688e-01  8.708e-01  8.726e-01  8.744e-01  8.762e-01  8.778e-01  8.794e-01  8.809e-01  8.823e-01  8.836e-01  8.848e-01  8.860e-01  8.871e-01  8.881e-01  8.891e-01 	
 7.654e-01  7.681e-01  7.709e-01  7.738e-01  7.768e-01  7.798e-01  7.830e-01  7.862e-01  7.895e-01  7.928e-01  7.963e-01  7.997e-01  8.031e-01  8.066e-01  8.100e-01  8.135e-01  8.169e-01  8.202e-01  8.235e-01  8.268e-01  8.300e-01  8.332e-01  8.362e-01  8.392e-01  8.422e-01  8.450e-01  8.478e-01  8.505e-01  8.532e-01  8.557e-01  8.582e-01  8.606e-01  8.629e-01  8.651e-01  8.672e-01  8.693e-01  8.712e-01  8.731e-01  8.749e-01  8.766e-01  8.783e-01  8.798e-01  8.813e-01  8.827e-01  8.840e-01  8.853e-01  8.865e-01  8.876e-01  8.886e-01  8.895e-01 	
 7.667e-01  7.694e-01  7.721e-01  7.749e-01  7.778e-01  7.808e-01  7.840e-01  7.871e-01  7.904e-01  7.937e-01  7.971e-01  8.005e-01  8.039e-01  8.074e-01  8.108e-01  8.142e-01  8.176e-01  8.209e-01  8.242e-01  8.274e-01  8.306e-01  8.338e-01  8.368e-01  8.398e-01  8.427e-01  8.456e-01  8.484e-01  8.511e-01  8.537e-01  8.562e-01  8.587e-01  8.611e-01  8.633e-01  8.656e-01  8.677e-01  8.697e-01  8.717e-01  8.736e-01  8.754e-01  8.771e-01  8.787e-01  8.803e-01  8.818e-01  8.832e-01  8.845e-01  8.857e-01  8.869e-01  8.880e-01  8.890e-01  8.900e-01 	
 7.679e-01  7.705e-01  7.732e-01  7.760e-01  7.788e-01  7.818e-01  7.849e-01  7.881e-01  7.913e-01  7.946e-01  7.979e-01  8.013e-01  8.047e-01  8.081e-01  8.115e-01  8.149e-01  8.182e-01  8.215e-01  8.248e-01  8.280e-01  8.312e-01  8.343e-01  8.374e-01  8.404e-01  8.433e-01  8.461e-01  8.489e-01  8.516e-01  8.542e-01  8.567e-01  8.592e-01  8.615e-01  8.638e-01  8.660e-01  8.681e-01  8.702e-01  8.721e-01  8.740e-01  8.758e-01  8.775e-01  8.792e-01  8.807e-01  8.822e-01  8.836e-01  8.849e-01  8.862e-01  8.873e-01  8.884e-01  8.895e-01  8.904e-01 	
 7.690e-01  7.716e-01  7.742e-01  7.770e-01  7.798e-01  7.827e-01  7.858e-01  7.889e-01  7.921e-01  7.954e-01  7.987e-01  8.020e-01  8.054e-01  8.088e-01  8.122e-01  8.155e-01  8.189e-01  8.222e-01  8.254e-01  8.286e-01  8.318e-01  8.349e-01  8.379e-01  8.409e-01  8.438e-01  8.466e-01  8.494e-01  8.521e-01  8.547e-01  8.572e-01  8.596e-01  8.620e-01  8.643e-01  8.665e-01  8.686e-01  8.706e-01  8.726e-01  8.745e-01  8.762e-01  8.780e-01  8.796e-01  8.811e-01  8.826e-01  8.840e-01  8.853e-01  8.866e-01  8.878e-01  8.888e-01  8.899e-01  8.908e-01 	
 7.701e-01  7.726e-01  7.752e-01  7.779e-01  7.807e-01  7.836e-01  7.866e-01  7.897e-01  7.929e-01  7.961e-01  7.994e-01  8.027e-01  8.061e-01  8.095e-01  8.128e-01  8.161e-01  8.195e-01  8.227e-01  8.260e-01  8.292e-01  8.323e-01  8.354e-01  8.384e-01  8.414e-01  8.443e-01  8.471e-01  8.499e-01  8.525e-01  8.551e-01  8.576e-01  8.601e-01  8.624e-01  8.647e-01  8.669e-01  8.690e-01  8.710e-01  8.730e-01  8.749e-01  8.767e-01  8.784e-01  8.800e-01  8.816e-01  8.830e-01  8.844e-01  8.857e-01  8.870e-01  8.882e-01  8.893e-01  8.903e-01  8.912e-01 	
 7.711e-01  7.735e-01  7.761e-01  7.787e-01  7.815e-01  7.844e-01  7.874e-01  7.905e-01  7.936e-01  7.968e-01  8.001e-01  8.034e-01  8.067e-01  8.101e-01  8.134e-01  8.167e-01  8.200e-01  8.233e-01  8.265e-01  8.297e-01  8.328e-01  8.359e-01  8.389e-01  8.419e-01  8.448e-01  8.476e-01  8.503e-01  8.530e-01  8.556e-01  8.581e-01  8.605e-01  8.629e-01  8.651e-01  8.673e-01  8.694e-01  8.715e-01  8.734e-01  8.753e-01  8.771e-01  8.788e-01  8.804e-01  8.820e-01  8.834e-01  8.848e-01  8.861e-01  8.874e-01  8.886e-01  8.897e-01  8.907e-01  8.916e-01 	
