 8.535e-01  8.535e-01  8.535e-01  8.535e-01  8.535e-01  8.535e-01  8.535e-01  8.535e-01  8.535e-01  8.535e-01  8.535e-01  8.535e-01  8.535e-01  8.535e-01  8.535e-01  8.535e-01  8.535e-01  8.535e-01  8.535e-01  8.535e-01  8.535e-01  8.535e-01  8.535e-01  8.535e-01  8.535e-01  8.535e-01  8.535e-01  8.535e-01  8.535e-01  8.535e-01  8.535e-01  8.535e-01  8.535e-01  8.535e-01  8.535e-01  8.535e-01  8.535e-01  8.535e-01  8.535e-01  8.535e-01  8.535e-01  8.535e-01  8.535e-01  8.535e-01  8.535e-01  8.535e-01  8.535e-01  8.535e-01  8.535e-01  8.535e-01 	
 8.497e-01  8.497e-01  8.497e-01  8.497e-01  8.497e-01  8.497e-01  8.497e-01  8.497e-01  8.497e-01  8.497e-01  8.497e-01  8.497e-01  8.497e-01  8.497e-01  8.497e-01  8.497e-01  8.497e-01  8.497e-01  8.497e-01  8.497e-01  8.497e-01  8.497e-01  8.497e-01  8.497e-01  8.497e-01  8.497e-01  8.497e-01  8.497e-01  8.497e-01  8.497e-01  8.497e-01  8.497e-01  8.497e-01  8.497e-01  8.497e-01  8.497e-01  8.497e-01  8.497e-01  8.497e-01  8.497e-01  8.497e-01  8.497e-01  8.497e-01  8.497e-01  8.497e-01  8.497e-01  8.497e-01  8.497e-01  8.497e-01  8.497e-01 	
 8.457e-01  8.457e-01  8.457e-01  8.457e-01  8.457e-01  8.457e-01  8.457e-01  8.457e-01  8.457e-01  8.457e-01  8.457e-01  8.457e-01  8.457e-01  8.457e-01  8.457e-01  8.457e-01  8.457e-01  8.457e-01  8.457e-01  8.457e-01  8.457e-01  8.457e-01  8.457e-01  8.457e-01  8.457e-01  8.457e-01  8.457e-01  8.457e-01  8.457e-01  8.457e-01  8.457e-01  8.457e-01  8.457e-01  8.457e-01  8.457e-01  8.457e-01  8.457e-01  8.457e-01  8.457e-01  8.457e-01  8.457e-01  8.457e-01  8.457e-01  8.457e-01  8.457e-01  8.457e-01  8.457e-01  8.457e-01  8.457e-01  8.457e-01 	
 8.547e-01  8.547e-01  8.547e-01  8.547e-01  8.547e-01  8.547e-01  8.547e-01  8.547e-01  8.547e-01  8.547e-01  8.547e-01  8.547e-01  8.547e-01  8.547e-01  8.547e-01  8.547e-01  8.547e-01  8.547e-01  8.547e-01  8.547e-01  8.547e-01  8.547e-01  8.547e-01  8.547e-01  8.547e-01  8.547e-01  8.547e-01  8.547e-01  8.547e-01  8.547e-01  8.547e-01  8.547e-01  8.547e-01  8.547e-01  8.547e-01  8.547e-01  8.547e-01  8.547e-01  8.547e-01  8.547e-01  8.547e-01  8.547e-01  8.547e-01  8.547e-01  8.547e-01  8.547e-01  8.547e-01  8.547e-01  8.547e-01  8.547e-01 	
 8.618e-01  8.618e-01  8.618e-01  8.618e-01  8.618e-01  8.618e-01  8.618e-01  8.618e-01  8.618e-01  8.618e-01  8.618e-01  8.618e-01  8.618e-01  8.618e-01  8.618e-01  8.618e-01  8.618e-01  8.618e-01  8.618e-01  8.618e-01  8.618e-01  8.618e-01  8.618e-01  8.618e-01  8.618e-01  8.618e-01  8.618e-01  8.618e-01  8.618e-01  8.618e-01  8.618e-01  8.618e-01  8.618e-01  8.618e-01  8.618e-01  8.618e-01  8.618e-01  8.618e-01  8.618e-01  8.618e-01  8.618e-01  8.618e-01  8.618e-01  8.618e-01  8.618e-01  8.618e-01  8.618e-01  8.618e-01  8.618e-01  8.618e-01 	
 8.589e-01  8.589e-01  8.589e-01  8.589e-01  8.589e-01  8.589e-01  8.589e-01  8.589e-01  8.589e-01  8.589e-01  8.589e-01  8.589e-01  8.589e-01  8.589e-01  8.589e-01  8.589e-01  8.589e-01  8.589e-01  8.589e-01  8.589e-01  8.589e-01  8.589e-01  8.589e-01  8.589e-01  8.589e-01  8.589e-01  8.589e-01  8.589e-01  8.589e-01  8.589e-01  8.589e-01  8.589e-01  8.589e-01  8.589e-01  8.589e-01  8.589e-01  8.589e-01  8.589e-01  8.589e-01  8.589e-01  8.589e-01  8.589e-01  8.589e-01  8.589e-01  8.589e-01  8.589e-01  8.589e-01  8.589e-01  8.589e-01  8.589e-01 	
 8.642e-01  8.642e-01  8.642e-01  8.642e-01  8.642e-01  8.642e-01  8.642e-01  8.642e-01  8.642e-01  8.642e-01  8.642e-01  8.642e-01  8.642e-01  8.642e-01  8.642e-01  8.642e-01  8.642e-01  8.642e-01  8.642e-01  8.642e-01  8.642e-01  8.642e-01  8.642e-01  8.642e-01  8.642e-01  8.642e-01  8.642e-01  8.642e-01  8.642e-01  8.642e-01  8.642e-01  8.642e-01  8.642e-01  8.642e-01  8.642e-01  8.642e-01  8.642e-01  8.642e-01  8.642e-01  8.642e-01  8.642e-01  8.642e-01  8.642e-01  8.642e-01  8.642e-01  8.642e-01  8.642e-01  8.642e-01  8.642e-01  8.642e-01 	
 8.650e-01  8.650e-01  8.650e-01  8.650e-01  8.650e-01  8.650e-01  8.650e-01  8.650e-01  8.650e-01  8.650e-01  8.650e-01  8.650e-01  8.650e-01  8.650e-01  8.650e-01  8.650e-01  8.650e-01  8.650e-01  8.650e-01  8.650e-01  8.650e-01  8.650e-01  8.650e-01  8.650e-01  8.650e-01  8.650e-01  8.650e-01  8.650e-01  8.650e-01  8.650e-01  8.650e-01  8.650e-01  8.650e-01  8.650e-01  8.650e-01  8.650e-01  8.650e-01  8.650e-01  8.650e-01  8.650e-01  8.650e-01  8.650e-01  8.650e-01  8.650e-01  8.650e-01  8.650e-01  8.650e-01  8.650e-01  8.650e-01  8.650e-01 	
 8.678e-01  8.678e-01  8.678e-01  8.678e-01  8.678e-01  8.678e-01  8.678e-01  8.678e-01  8.678e-01  8.678e-01  8.678e-01  8.678e-01  8.678e-01  8.678e-01  8.678e-01  8.678e-01  8.678e-01  8.678e-01  8.678e-01  8.678e-01  8.678e-01  8.678e-01  8.678e-01  8.678e-01  8.678e-01  8.678e-01  8.678e-01  8.678e-01  8.678e-01  8.678e-01  8.678e-01  8.678e-01  8.678e-01  8.678e-01  8.678e-01  8.678e-01  8.678e-01  8.678e-01  8.678e-01  8.678e-01  8.678e-01  8.678e-01  8.678e-01  8.678e-01  8.678e-01  8.678e-01  8.678e-01  8.678e-01  8.678e-01  8.678e-01 	
 8.679e-01  8.679e-01  8.679e-01  8.679e-01  8.679e-01  8.679e-01  8.679e-01  8.679e-01  8.679e-01  8.679e-01  8.679e-01  8.679e-01  8.679e-01  8.679e-01  8.679e-01  8.679e-01  8.679e-01  8.679e-01  8.679e-01  8.679e-01  8.679e-01  8.679e-01  8.679e-01  8.679e-01  8.679e-01  8.679e-01  8.679e-01  8.679e-01  8.679e-01  8.679e-01  8.679e-01  8.679e-01  8.679e-01  8.679e-01  8.679e-01  8.679e-01  8.679e-01  8.679e-01  8.679e-01  8.679e-01  8.679e-01  8.679e-01  8.679e-01  8.679e-01  8.679e-01  8.679e-01  8.679e-01  8.679e-01  8.679e-01  8.679e-01 	
 8.703e-01  8.703e-01  8.703e-01  8.703e-01  8.703e-01  8.703e-01  8.703e-01  8.703e-01  8.703e-01  8.703e-01  8.703e-01  8.703e-01  8.703e-01  8.703e-01  8.703e-01  8.703e-01  8.703e-01  8.703e-01  8.703e-01  8.703e-01  8.703e-01  8.703e-01  8.703e-01  8.703e-01  8.703e-01  8.703e-01  8.703e-01  8.703e-01  8.703e-01  8.703e-01  8.703e-01  8.703e-01  8.703e-01  8.703e-01  8.703e-01  8.703e-01  8.703e-01  8.703e-01  8.703e-01  8.703e-01  8.703e-01  8.703e-01  8.703e-01  8.703e-01  8.703e-01  8.703e-01  8.703e-01  8.703e-01  8.703e-01  8.703e-01 	
 8.719e-01  8.719e-01  8.719e-01  8.719e-01  8.719e-01  8.719e-01  8.719e-01  8.719e-01  8.719e-01  8.719e-01  8.719e-01  8.719e-01  8.719e-01  8.719e-01  8.719e-01  8.719e-01  8.719e-01  8.719e-01  8.719e-01  8.719e-01  8.719e-01  8.719e-01  8.719e-01  8.719e-01  8.719e-01  8.719e-01  8.719e-01  8.719e-01  8.719e-01  8.719e-01  8.719e-01  8.719e-01  8.719e-01  8.719e-01  8.719e-01  8.719e-01  8.719e-01  8.719e-01  8.719e-01  8.719e-01  8.719e-01  8.719e-01  8.719e-01  8.719e-01  8.719e-01  8.719e-01  8.719e-01  8.719e-01  8.719e-01  8.719e-01 	
 8.729e-01  8.729e-01  8.729e-01  8.729e-01  8.729e-01  8.729e-01  8.729e-01  8.729e-01  8.729e-01  8.729e-01  8.729e-01  8.729e-01  8.729e-01  8.729e-01  8.729e-01  8.729e-01  8.729e-01  8.729e-01  8.729e-01  8.729e-01  8.729e-01  8.729e-01  8.729e-01  8.729e-01  8.729e-01  8.729e-01  8.729e-01  8.729e-01  8.729e-01  8.729e-01  8.729e-01  8.729e-01  8.729e-01  8.729e-01  8.729e-01  8.729e-01  8.729e-01  8.729e-01  8.729e-01  8.729e-01  8.729e-01  8.729e-01  8.729e-01  8.729e-01  8.729e-01  8.729e-01  8.729e-01  8.729e-01  8.729e-01  8.729e-01 	
 8.738e-01  8.738e-01  8.738e-01  8.738e-01  8.738e-01  8.738e-01  8.738e-01  8.738e-01  8.738e-01  8.738e-01  8.738e-01  8.738e-01  8.738e-01  8.738e-01  8.738e-01  8.738e-01  8.738e-01  8.738e-01  8.738e-01  8.738e-01  8.738e-01  8.738e-01  8.738e-01  8.738e-01  8.738e-01  8.738e-01  8.738e-01  8.738e-01  8.738e-01  8.738e-01  8.738e-01  8.738e-01  8.738e-01  8.738e-01  8.738e-01  8.738e-01  8.738e-01  8.738e-01  8.738e-01  8.738e-01  8.738e-01  8.738e-01  8.738e-01  8.738e-01  8.738e-01  8.738e-01  8.738e-01  8.738e-01  8.738e-01  8.738e-01 	
 8.744e-01  8.744e-01  8.744e-01  8.744e-01  8.744e-01  8.744e-01  8.744e-01  8.744e-01  8.744e-01  8.744e-01  8.744e-01  8.744e-01  8.744e-01  8.744e-01  8.744e-01  8.744e-01  8.744e-01  8.744e-01  8.744e-01  8.744e-01  8.744e-01  8.744e-01  8.744e-01  8.744e-01  8.744e-01  8.744e-01  8.744e-01  8.744e-01  8.744e-01  8.744e-01  8.744e-01  8.744e-01  8.744e-01  8.744e-01  8.744e-01  8.744e-01  8.744e-01  8.744e-01  8.744e-01  8.744e-01  8.744e-01  8.744e-01  8.744e-01  8.744e-01  8.744e-01  8.744e-01  8.744e-01  8.744e-01  8.744e-01  8.744e-01 	
 8.755e-01  8.755e-01  8.755e-01  8.755e-01  8.755e-01  8.755e-01  8.755e-01  8.755e-01  8.755e-01  8.755e-01  8.755e-01  8.755e-01  8.755e-01  8.755e-01  8.755e-01  8.755e-01  8.755e-01  8.755e-01  8.755e-01  8.755e-01  8.755e-01  8.755e-01  8.755e-01  8.755e-01  8.755e-01  8.755e-01  8.755e-01  8.755e-01  8.755e-01  8.755e-01  8.755e-01  8.755e-01  8.755e-01  8.755e-01  8.755e-01  8.755e-01  8.755e-01  8.755e-01  8.755e-01  8.755e-01  8.755e-01  8.755e-01  8.755e-01  8.755e-01  8.755e-01  8.755e-01  8.755e-01  8.755e-01  8.755e-01  8.755e-01 	
 8.762e-01  8.762e-01  8.762e-01  8.762e-01  8.762e-01  8.762e-01  8.762e-01  8.762e-01  8.762e-01  8.762e-01  8.762e-01  8.762e-01  8.762e-01  8.762e-01  8.762e-01  8.762e-01  8.762e-01  8.762e-01  8.762e-01  8.762e-01  8.762e-01  8.762e-01  8.762e-01  8.762e-01  8.762e-01  8.762e-01  8.762e-01  8.762e-01  8.762e-01  8.762e-01  8.762e-01  8.762e-01  8.762e-01  8.762e-01  8.762e-01  8.762e-01  8.762e-01  8.762e-01  8.762e-01  8.762e-01  8.762e-01  8.762e-01  8.762e-01  8.762e-01  8.762e-01  8.762e-01  8.762e-01  8.762e-01  8.762e-01  8.762e-01 	
 8.770e-01  8.770e-01  8.770e-01  8.770e-01  8.770e-01  8.770e-01  8.770e-01  8.770e-01  8.770e-01  8.770e-01  8.770e-01  8.770e-01  8.770e-01  8.770e-01  8.770e-01  8.770e-01  8.770e-01  8.770e-01  8.770e-01  8.770e-01  8.770e-01  8.770e-01  8.770e-01  8.770e-01  8.770e-01  8.770e-01  8.770e-01  8.770e-01  8.770e-01  8.770e-01  8.770e-01  8.770e-01  8.770e-01  8.770e-01  8.770e-01  8.770e-01  8.770e-01  8.770e-01  8.770e-01  8.770e-01  8.770e-01  8.770e-01  8.770e-01  8.770e-01  8.770e-01  8.770e-01  8.770e-01  8.770e-01  8.770e-01  8.770e-01 	
 8.777e-01  8.777e-01  8.777e-01  8.777e-01  8.777e-01  8.777e-01  8.777e-01  8.777e-01  8.777e-01  8.777e-01  8.777e-01  8.777e-01  8.777e-01  8.777e-01  8.777e-01  8.777e-01  8.777e-01  8.777e-01  8.777e-01  8.777e-01  8.777e-01  8.777e-01  8.777e-01  8.777e-01  8.777e-01  8.777e-01  8.777e-01  8.777e-01  8.777e-01  8.777e-01  8.777e-01  8.777e-01  8.777e-01  8.777e-01  8.777e-01  8.777e-01  8.777e-01  8.777e-01  8.777e-01  8.777e-01  8.777e-01  8.777e-01  8.777e-01  8.777e-01  8.777e-01  8.777e-01  8.777e-01  8.777e-01  8.777e-01  8.777e-01 	
 8.785e-01  8.785e-01  8.785e-01  8.785e-01  8.785e-01  8.785e-01  8.785e-01  8.785e-01  8.785e-01  8.785e-01  8.785e-01  8.785e-01  8.785e-01  8.785e-01  8.785e-01  8.785e-01  8.785e-01  8.785e-01  8.785e-01  8.785e-01  8.785e-01  8.785e-01  8.785e-01  8.785e-01  8.785e-01  8.785e-01  8.785e-01  8.785e-01  8.785e-01  8.785e-01  8.785e-01  8.785e-01  8.785e-01  8.785e-01  8.785e-01  8.785e-01  8.785e-01  8.785e-01  8.785e-01  8.785e-01  8.785e-01  8.785e-01  8.785e-01  8.785e-01  8.785e-01  8.785e-01  8.785e-01  8.785e-01  8.785e-01  8.785e-01 	
 8.793e-01  8.793e-01  8.793e-01  8.793e-01  8.793e-01  8.793e-01  8.793e-01  8.793e-01  8.793e-01  8.793e-01  8.793e-01  8.793e-01  8.793e-01  8.793e-01  8.793e-01  8.793e-01  8.793e-01  8.793e-01  8.793e-01  8.793e-01  8.793e-01  8.793e-01  8.793e-01  8.793e-01  8.793e-01  8.793e-01  8.793e-01  8.793e-01  8.793e-01  8.793e-01  8.793e-01  8.793e-01  8.793e-01  8.793e-01  8.793e-01  8.793e-01  8.793e-01  8.793e-01  8.793e-01  8.793e-01  8.793e-01  8.793e-01  8.793e-01  8.793e-01  8.793e-01  8.793e-01  8.793e-01  8.793e-01  8.793e-01  8.793e-01 	
 8.799e-01  8.799e-01  8.799e-01  8.799e-01  8.799e-01  8.799e-01  8.799e-01  8.799e-01  8.799e-01  8.799e-01  8.799e-01  8.799e-01  8.799e-01  8.799e-01  8.799e-01  8.799e-01  8.799e-01  8.799e-01  8.799e-01  8.799e-01  8.799e-01  8.799e-01  8.799e-01  8.799e-01  8.799e-01  8.799e-01  8.799e-01  8.799e-01  8.799e-01  8.799e-01  8.799e-01  8.799e-01  8.799e-01  8.799e-01  8.799e-01  8.799e-01  8.799e-01  8.799e-01  8.799e-01  8.799e-01  8.799e-01  8.799e-01  8.799e-01  8.799e-01  8.799e-01  8.799e-01  8.799e-01  8.799e-01  8.799e-01  8.799e-01 	
 8.807e-01  8.807e-01  8.807e-01  8.807e-01  8.807e-01  8.807e-01  8.807e-01  8.807e-01  8.807e-01  8.807e-01  8.807e-01  8.807e-01  8.807e-01  8.807e-01  8.807e-01  8.807e-01  8.807e-01  8.807e-01  8.807e-01  8.807e-01  8.807e-01  8.807e-01  8.807e-01  8.807e-01  8.807e-01  8.807e-01  8.807e-01  8.807e-01  8.807e-01  8.807e-01  8.807e-01  8.807e-01  8.807e-01  8.807e-01  8.807e-01  8.807e-01  8.807e-01  8.807e-01  8.807e-01  8.807e-01  8.807e-01  8.807e-01  8.807e-01  8.807e-01  8.807e-01  8.807e-01  8.807e-01  8.807e-01  8.807e-01  8.807e-01 	
 8.814e-01  8.814e-01  8.814e-01  8.814e-01  8.814e-01  8.814e-01  8.814e-01  8.814e-01  8.814e-01  8.814e-01  8.814e-01  8.814e-01  8.814e-01  8.814e-01  8.814e-01  8.814e-01  8.814e-01  8.814e-01  8.814e-01  8.814e-01  8.814e-01  8.814e-01  8.814e-01  8.814e-01  8.814e-01  8.814e-01  8.814e-01  8.814e-01  8.814e-01  8.814e-01  8.814e-01  8.814e-01  8.814e-01  8.814e-01  8.814e-01  8.814e-01  8.814e-01  8.814e-01  8.814e-01  8.814e-01  8.814e-01  8.814e-01  8.814e-01  8.814e-01  8.814e-01  8.814e-01  8.814e-01  8.814e-01  8.814e-01  8.814e-01 	
 8.822e-01  8.822e-01  8.822e-01  8.822e-01  8.822e-01  8.822e-01  8.822e-01  8.822e-01  8.822e-01  8.822e-01  8.822e-01  8.822e-01  8.822e-01  8.822e-01  8.822e-01  8.822e-01  8.822e-01  8.822e-01  8.822e-01  8.822e-01  8.822e-01  8.822e-01  8.822e-01  8.822e-01  8.822e-01  8.822e-01  8.822e-01  8.822e-01  8.822e-01  8.822e-01  8.822e-01  8.822e-01  8.822e-01  8.822e-01  8.822e-01  8.822e-01  8.822e-01  8.822e-01  8.822e-01  8.822e-01  8.822e-01  8.822e-01  8.822e-01  8.822e-01  8.822e-01  8.822e-01  8.822e-01  8.822e-01  8.822e-01  8.822e-01 	
 8.830e-01  8.830e-01  8.830e-01  8.830e-01  8.830e-01  8.830e-01  8.830e-01  8.830e-01  8.830e-01  8.830e-01  8.830e-01  8.830e-01  8.830e-01  8.830e-01  8.830e-01  8.830e-01  8.830e-01  8.830e-01  8.830e-01  8.830e-01  8.830e-01  8.830e-01  8.830e-01  8.830e-01  8.830e-01  8.830e-01  8.830e-01  8.830e-01  8.830e-01  8.830e-01  8.830e-01  8.830e-01  8.830e-01  8.830e-01  8.830e-01  8.830e-01  8.830e-01  8.830e-01  8.830e-01  8.830e-01  8.830e-01  8.830e-01  8.830e-01  8.830e-01  8.830e-01  8.830e-01  8.830e-01  8.830e-01  8.830e-01  8.830e-01 	
 8.838e-01  8.838e-01  8.838e-01  8.838e-01  8.838e-01  8.838e-01  8.838e-01  8.838e-01  8.838e-01  8.838e-01  8.838e-01  8.838e-01  8.838e-01  8.838e-01  8.838e-01  8.838e-01  8.838e-01  8.838e-01  8.838e-01  8.838e-01  8.838e-01  8.838e-01  8.838e-01  8.838e-01  8.838e-01  8.838e-01  8.838e-01  8.838e-01  8.838e-01  8.838e-01  8.838e-01  8.838e-01  8.838e-01  8.838e-01  8.838e-01  8.838e-01  8.838e-01  8.838e-01  8.838e-01  8.838e-01  8.838e-01  8.838e-01  8.838e-01  8.838e-01  8.838e-01  8.838e-01  8.838e-01  8.838e-01  8.838e-01  8.838e-01 	
 8.847e-01  8.847e-01  8.847e-01  8.847e-01  8.847e-01  8.847e-01  8.847e-01  8.847e-01  8.847e-01  8.847e-01  8.847e-01  8.847e-01  8.847e-01  8.847e-01  8.847e-01  8.847e-01  8.847e-01  8.847e-01  8.847e-01  8.847e-01  8.847e-01  8.847e-01  8.847e-01  8.847e-01  8.847e-01  8.847e-01  8.847e-01  8.847e-01  8.847e-01  8.847e-01  8.847e-01  8.847e-01  8.847e-01  8.847e-01  8.847e-01  8.847e-01  8.847e-01  8.847e-01  8.847e-01  8.847e-01  8.847e-01  8.847e-01  8.847e-01  8.847e-01  8.847e-01  8.847e-01  8.847e-01  8.847e-01  8.847e-01  8.847e-01 	
 8.857e-01  8.857e-01  8.857e-01  8.857e-01  8.857e-01  8.857e-01  8.857e-01  8.857e-01  8.857e-01  8.857e-01  8.857e-01  8.857e-01  8.857e-01  8.857e-01  8.857e-01  8.857e-01  8.857e-01  8.857e-01  8.857e-01  8.857e-01  8.857e-01  8.857e-01  8.857e-01  8.857e-01  8.857e-01  8.857e-01  8.857e-01  8.857e-01  8.857e-01  8.857e-01  8.857e-01  8.857e-01  8.857e-01  8.857e-01  8.857e-01  8.857e-01  8.857e-01  8.857e-01  8.857e-01  8.857e-01  8.857e-01  8.857e-01  8.857e-01  8.857e-01  8.857e-01  8.857e-01  8.857e-01  8.857e-01  8.857e-01  8.857e-01 	
 8.867e-01  8.867e-01  8.867e-01  8.867e-01  8.867e-01  8.867e-01  8.867e-01  8.867e-01  8.867e-01  8.867e-01  8.867e-01  8.867e-01  8.867e-01  8.867e-01  8.867e-01  8.867e-01  8.867e-01  8.867e-01  8.867e-01  8.867e-01  8.867e-01  8.867e-01  8.867e-01  8.867e-01  8.867e-01  8.867e-01  8.867e-01  8.867e-01  8.867e-01  8.867e-01  8.867e-01  8.867e-01  8.867e-01  8.867e-01  8.867e-01  8.867e-01  8.867e-01  8.867e-01  8.867e-01  8.867e-01  8.867e-01  8.867e-01  8.867e-01  8.867e-01  8.867e-01  8.867e-01  8.867e-01  8.867e-01  8.867e-01  8.867e-01 	
 8.878e-01  8.878e-01  8.878e-01  8.878e-01  8.878e-01  8.878e-01  8.878e-01  8.878e-01  8.878e-01  8.878e-01  8.878e-01  8.878e-01  8.878e-01  8.878e-01  8.878e-01  8.878e-01  8.878e-01  8.878e-01  8.878e-01  8.878e-01  8.878e-01  8.878e-01  8.878e-01  8.878e-01  8.878e-01  8.878e-01  8.878e-01  8.878e-01  8.878e-01  8.878e-01  8.878e-01  8.878e-01  8.878e-01  8.878e-01  8.878e-01  8.878e-01  8.878e-01  8.878e-01  8.878e-01  8.878e-01  8.878e-01  8.878e-01  8.878e-01  8.878e-01  8.878e-01  8.878e-01  8.878e-01  8.878e-01  8.878e-01  8.878e-01 	
 8.889e-01  8.889e-01  8.889e-01  8.889e-01  8.889e-01  8.889e-01  8.889e-01  8.889e-01  8.889e-01  8.889e-01  8.889e-01  8.889e-01  8.889e-01  8.889e-01  8.889e-01  8.889e-01  8.889e-01  8.889e-01  8.889e-01  8.889e-01  8.889e-01  8.889e-01  8.889e-01  8.889e-01  8.889e-01  8.889e-01  8.889e-01  8.889e-01  8.889e-01  8.889e-01  8.889e-01  8.889e-01  8.889e-01  8.889e-01  8.889e-01  8.889e-01  8.889e-01  8.889e-01  8.889e-01  8.889e-01  8.889e-01  8.889e-01  8.889e-01  8.889e-01  8.889e-01  8.889e-01  8.889e-01  8.889e-01  8.889e-01  8.889e-01 	
 8.901e-01  8.901e-01  8.901e-01  8.901e-01  8.901e-01  8.901e-01  8.901e-01  8.901e-01  8.901e-01  8.901e-01  8.901e-01  8.901e-01  8.901e-01  8.901e-01  8.901e-01  8.901e-01  8.901e-01  8.901e-01  8.901e-01  8.901e-01  8.901e-01  8.901e-01  8.901e-01  8.901e-01  8.901e-01  8.901e-01  8.901e-01  8.901e-01  8.901e-01  8.901e-01  8.901e-01  8.901e-01  8.901e-01  8.901e-01  8.901e-01  8.901e-01  8.901e-01  8.901e-01  8.901e-01  8.901e-01  8.901e-01  8.901e-01  8.901e-01  8.901e-01  8.901e-01  8.901e-01  8.901e-01  8.901e-01  8.901e-01  8.901e-01 	
 8.914e-01  8.914e-01  8.914e-01  8.914e-01  8.914e-01  8.914e-01  8.914e-01  8.914e-01  8.914e-01  8.914e-01  8.914e-01  8.914e-01  8.914e-01  8.914e-01  8.914e-01  8.914e-01  8.914e-01  8.914e-01  8.914e-01  8.914e-01  8.914e-01  8.914e-01  8.914e-01  8.914e-01  8.914e-01  8.914e-01  8.914e-01  8.914e-01  8.914e-01  8.914e-01  8.914e-01  8.914e-01  8.914e-01  8.914e-01  8.914e-01  8.914e-01  8.914e-01  8.914e-01  8.914e-01  8.914e-01  8.914e-01  8.914e-01  8.914e-01  8.914e-01  8.914e-01  8.914e-01  8.914e-01  8.914e-01  8.914e-01  8.914e-01 	
 8.927e-01  8.927e-01  8.927e-01  8.927e-01  8.927e-01  8.927e-01  8.927e-01  8.927e-01  8.927e-01  8.927e-01  8.927e-01  8.927e-01  8.927e-01  8.927e-01  8.927e-01  8.927e-01  8.927e-01  8.927e-01  8.927e-01  8.927e-01  8.927e-01  8.927e-01  8.927e-01  8.927e-01  8.927e-01  8.927e-01  8.927e-01  8.927e-01  8.927e-01  8.927e-01  8.927e-01  8.927e-01  8.927e-01  8.927e-01  8.927e-01  8.927e-01  8.927e-01  8.927e-01  8.927e-01  8.927e-01  8.927e-01  8.927e-01  8.927e-01  8.927e-01  8.927e-01  8.927e-01  8.927e-01  8.927e-01  8.927e-01  8.927e-01 	
 8.941e-01  8.941e-01  8.941e-01  8.941e-01  8.941e-01  8.941e-01  8.941e-01  8.941e-01  8.941e-01  8.941e-01  8.941e-01  8.941e-01  8.941e-01  8.941e-01  8.941e-01  8.941e-01  8.941e-01  8.941e-01  8.941e-01  8.941e-01  8.941e-01  8.941e-01  8.941e-01  8.941e-01  8.941e-01  8.941e-01  8.941e-01  8.941e-01  8.941e-01  8.941e-01  8.941e-01  8.941e-01  8.941e-01  8.941e-01  8.941e-01  8.941e-01  8.941e-01  8.941e-01  8.941e-01  8.941e-01  8.941e-01  8.941e-01  8.941e-01  8.941e-01  8.941e-01  8.941e-01  8.941e-01  8.941e-01  8.941e-01  8.941e-01 	
 8.954e-01  8.954e-01  8.954e-01  8.954e-01  8.954e-01  8.954e-01  8.954e-01  8.954e-01  8.954e-01  8.954e-01  8.954e-01  8.954e-01  8.954e-01  8.954e-01  8.954e-01  8.954e-01  8.954e-01  8.954e-01  8.954e-01  8.954e-01  8.954e-01  8.954e-01  8.954e-01  8.954e-01  8.954e-01  8.954e-01  8.954e-01  8.954e-01  8.954e-01  8.954e-01  8.954e-01  8.954e-01  8.954e-01  8.954e-01  8.954e-01  8.954e-01  8.954e-01  8.954e-01  8.954e-01  8.954e-01  8.954e-01  8.954e-01  8.954e-01  8.954e-01  8.954e-01  8.954e-01  8.954e-01  8.954e-01  8.954e-01  8.954e-01 	
 8.968e-01  8.968e-01  8.968e-01  8.968e-01  8.968e-01  8.968e-01  8.968e-01  8.968e-01  8.968e-01  8.968e-01  8.968e-01  8.968e-01  8.968e-01  8.968e-01  8.968e-01  8.968e-01  8.968e-01  8.968e-01  8.968e-01  8.968e-01  8.968e-01  8.968e-01  8.968e-01  8.968e-01  8.968e-01  8.968e-01  8.968e-01  8.968e-01  8.968e-01  8.968e-01  8.968e-01  8.968e-01  8.968e-01  8.968e-01  8.968e-01  8.968e-01  8.968e-01  8.968e-01  8.968e-01  8.968e-01  8.968e-01  8.968e-01  8.968e-01  8.968e-01  8.968e-01  8.968e-01  8.968e-01  8.968e-01  8.968e-01  8.968e-01 	
 8.981e-01  8.981e-01  8.981e-01  8.981e-01  8.981e-01  8.981e-01  8.981e-01  8.981e-01  8.981e-01  8.981e-01  8.981e-01  8.981e-01  8.981e-01  8.981e-01  8.981e-01  8.981e-01  8.981e-01  8.981e-01  8.981e-01  8.981e-01  8.981e-01  8.981e-01  8.981e-01  8.981e-01  8.981e-01  8.981e-01  8.981e-01  8.981e-01  8.981e-01  8.981e-01  8.981e-01  8.981e-01  8.981e-01  8.981e-01  8.981e-01  8.981e-01  8.981e-01  8.981e-01  8.981e-01  8.981e-01  8.981e-01  8.981e-01  8.981e-01  8.981e-01  8.981e-01  8.981e-01  8.981e-01  8.981e-01  8.981e-01  8.981e-01 	
 8.993e-01  8.993e-01  8.993e-01  8.993e-01  8.993e-01  8.993e-01  8.993e-01  8.993e-01  8.993e-01  8.993e-01  8.993e-01  8.993e-01  8.993e-01  8.993e-01  8.993e-01  8.993e-01  8.993e-01  8.993e-01  8.993e-01  8.993e-01  8.993e-01  8.993e-01  8.993e-01  8.993e-01  8.993e-01  8.993e-01  8.993e-01  8.993e-01  8.993e-01  8.993e-01  8.993e-01  8.993e-01  8.993e-01  8.993e-01  8.993e-01  8.993e-01  8.993e-01  8.993e-01  8.993e-01  8.993e-01  8.993e-01  8.993e-01  8.993e-01  8.993e-01  8.993e-01  8.993e-01  8.993e-01  8.993e-01  8.993e-01  8.993e-01 	
 9.005e-01  9.005e-01  9.005e-01  9.005e-01  9.005e-01  9.005e-01  9.005e-01  9.005e-01  9.005e-01  9.005e-01  9.005e-01  9.005e-01  9.005e-01  9.005e-01  9.005e-01  9.005e-01  9.005e-01  9.005e-01  9.005e-01  9.005e-01  9.005e-01  9.005e-01  9.005e-01  9.005e-01  9.005e-01  9.005e-01  9.005e-01  9.005e-01  9.005e-01  9.005e-01  9.005e-01  9.005e-01  9.005e-01  9.005e-01  9.005e-01  9.005e-01  9.005e-01  9.005e-01  9.005e-01  9.005e-01  9.005e-01  9.005e-01  9.005e-01  9.005e-01  9.005e-01  9.005e-01  9.005e-01  9.005e-01  9.005e-01  9.005e-01 	
 9.016e-01  9.016e-01  9.016e-01  9.016e-01  9.016e-01  9.016e-01  9.016e-01  9.016e-01  9.016e-01  9.016e-01  9.016e-01  9.016e-01  9.016e-01  9.016e-01  9.016e-01  9.016e-01  9.016e-01  9.016e-01  9.016e-01  9.016e-01  9.016e-01  9.016e-01  9.016e-01  9.016e-01  9.016e-01  9.016e-01  9.016e-01  9.016e-01  9.016e-01  9.016e-01  9.016e-01  9.016e-01  9.016e-01  9.016e-01  9.016e-01  9.016e-01  9.016e-01  9.016e-01  9.016e-01  9.016e-01  9.016e-01  9.016e-01  9.016e-01  9.016e-01  9.016e-01  9.016e-01  9.016e-01  9.016e-01  9.016e-01  9.016e-01 	
 9.025e-01  9.025e-01  9.025e-01  9.025e-01  9.025e-01  9.025e-01  9.025e-01  9.025e-01  9.025e-01  9.025e-01  9.025e-01  9.025e-01  9.025e-01  9.025e-01  9.025e-01  9.025e-01  9.025e-01  9.025e-01  9.025e-01  9.025e-01  9.025e-01  9.025e-01  9.025e-01  9.025e-01  9.025e-01  9.025e-01  9.025e-01  9.025e-01  9.025e-01  9.025e-01  9.025e-01  9.025e-01  9.025e-01  9.025e-01  9.025e-01  9.025e-01  9.025e-01  9.025e-01  9.025e-01  9.025e-01  9.025e-01  9.025e-01  9.025e-01  9.025e-01  9.025e-01  9.025e-01  9.025e-01  9.025e-01  9.025e-01  9.025e-01 	
 9.034e-01  9.034e-01  9.034e-01  9.034e-01  9.034e-01  9.034e-01  9.034e-01  9.034e-01  9.034e-01  9.034e-01  9.034e-01  9.034e-01  9.034e-01  9.034e-01  9.034e-01  9.034e-01  9.034e-01  9.034e-01  9.034e-01  9.034e-01  9.034e-01  9.034e-01  9.034e-01  9.034e-01  9.034e-01  9.034e-01  9.034e-01  9.034e-01  9.034e-01  9.034e-01  9.034e-01  9.034e-01  9.034e-01  9.034e-01  9.034e-01  9.034e-01  9.034e-01  9.034e-01  9.034e-01  9.034e-01  9.034e-01  9.034e-01  9.034e-01  9.034e-01  9.034e-01  9.034e-01  9.034e-01  9.034e-01  9.034e-01  9.034e-01 	
 9.041e-01  9.041e-01  9.041e-01  9.041e-01  9.041e-01  9.041e-01  9.041e-01  9.041e-01  9.041e-01  9.041e-01  9.041e-01  9.041e-01  9.041e-01  9.041e-01  9.041e-01  9.041e-01  9.041e-01  9.041e-01  9.041e-01  9.041e-01  9.041e-01  9.041e-01  9.041e-01  9.041e-01  9.041e-01  9.041e-01  9.041e-01  9.041e-01  9.041e-01  9.041e-01  9.041e-01  9.041e-01  9.041e-01  9.041e-01  9.041e-01  9.041e-01  9.041e-01  9.041e-01  9.041e-01  9.041e-01  9.041e-01  9.041e-01  9.041e-01  9.041e-01  9.041e-01  9.041e-01  9.041e-01  9.041e-01  9.041e-01  9.041e-01 	
 9.047e-01  9.047e-01  9.047e-01  9.047e-01  9.047e-01  9.047e-01  9.047e-01  9.047e-01  9.047e-01  9.047e-01  9.047e-01  9.047e-01  9.047e-01  9.047e-01  9.047e-01  9.047e-01  9.047e-01  9.047e-01  9.047e-01  9.047e-01  9.047e-01  9.047e-01  9.047e-01  9.047e-01  9.047e-01  9.047e-01  9.047e-01  9.047e-01  9.047e-01  9.047e-01  9.047e-01  9.047e-01  9.047e-01  9.047e-01  9.047e-01  9.047e-01  9.047e-01  9.047e-01  9.047e-01  9.047e-01  9.047e-01  9.047e-01  9.047e-01  9.047e-01  9.047e-01  9.047e-01  9.047e-01  9.047e-01  9.047e-01  9.047e-01 	
 9.053e-01  9.053e-01  9.053e-01  9.053e-01  9.053e-01  9.053e-01  9.053e-01  9.053e-01  9.053e-01  9.053e-01  9.053e-01  9.053e-01  9.053e-01  9.053e-01  9.053e-01  9.053e-01  9.053e-01  9.053e-01  9.053e-01  9.053e-01  9.053e-01  9.053e-01  9.053e-01  9.053e-01  9.053e-01  9.053e-01  9.053e-01  9.053e-01  9.053e-01  9.053e-01  9.053e-01  9.053e-01  9.053e-01  9.053e-01  9.053e-01  9.053e-01  9.053e-01  9.053e-01  9.053e-01  9.053e-01  9.053e-01  9.053e-01  9.053e-01  9.053e-01  9.053e-01  9.053e-01  9.053e-01  9.053e-01  9.053e-01  9.053e-01 	
 9.057e-01  9.057e-01  9.057e-01  9.057e-01  9.057e-01  9.057e-01  9.057e-01  9.057e-01  9.057e-01  9.057e-01  9.057e-01  9.057e-01  9.057e-01  9.057e-01  9.057e-01  9.057e-01  9.057e-01  9.057e-01  9.057e-01  9.057e-01  9.057e-01  9.057e-01  9.057e-01  9.057e-01  9.057e-01  9.057e-01  9.057e-01  9.057e-01  9.057e-01  9.057e-01  9.057e-01  9.057e-01  9.057e-01  9.057e-01  9.057e-01  9.057e-01  9.057e-01  9.057e-01  9.057e-01  9.057e-01  9.057e-01  9.057e-01  9.057e-01  9.057e-01  9.057e-01  9.057e-01  9.057e-01  9.057e-01  9.057e-01  9.057e-01 	
 9.060e-01  9.060e-01  9.060e-01  9.060e-01  9.060e-01  9.060e-01  9.060e-01  9.060e-01  9.060e-01  9.060e-01  9.060e-01  9.060e-01  9.060e-01  9.060e-01  9.060e-01  9.060e-01  9.060e-01  9.060e-01  9.060e-01  9.060e-01  9.060e-01  9.060e-01  9.060e-01  9.060e-01  9.060e-01  9.060e-01  9.060e-01  9.060e-01  9.060e-01  9.060e-01  9.060e-01  9.060e-01  9.060e-01  9.060e-01  9.060e-01  9.060e-01  9.060e-01  9.060e-01  9.060e-01  9.060e-01  9.060e-01  9.060e-01  9.060e-01  9.060e-01  9.060e-01  9.060e-01  9.060e-01  9.060e-01  9.060e-01  9.060e-01 	
 9.063e-01  9.063e-01  9.063e-01  9.063e-01  9.063e-01  9.063e-01  9.063e-01  9.063e-01  9.063e-01  9.063e-01  9.063e-01  9.063e-01  9.063e-01  9.063e-01  9.063e-01  9.063e-01  9.063e-01  9.063e-01  9.063e-01  9.063e-01  9.063e-01  9.063e-01  9.063e-01  9.063e-01  9.063e-01  9.063e-01  9.063e-01  9.063e-01  9.063e-01  9.063e-01  9.063e-01  9.063e-01  9.063e-01  9.063e-01  9.063e-01  9.063e-01  9.063e-01  9.063e-01  9.063e-01  9.063e-01  9.063e-01  9.063e-01  9.063e-01  9.063e-01  9.063e-01  9.063e-01  9.063e-01  9.063e-01  9.063e-01  9.063e-01 	
