 8.839e-01  8.839e-01  8.839e-01  8.839e-01  8.839e-01  8.839e-01  8.839e-01  8.839e-01  8.839e-01  8.839e-01  8.839e-01  8.839e-01  8.839e-01  8.839e-01  8.839e-01  8.839e-01  8.839e-01  8.839e-01  8.839e-01  8.839e-01  8.839e-01  8.839e-01  8.839e-01  8.839e-01  8.839e-01  8.839e-01  8.839e-01  8.839e-01  8.839e-01  8.839e-01  8.839e-01  8.839e-01  8.839e-01  8.839e-01  8.839e-01  8.839e-01  8.839e-01  8.839e-01  8.839e-01  8.839e-01  8.839e-01  8.839e-01  8.839e-01  8.839e-01  8.839e-01  8.839e-01  8.839e-01  8.839e-01  8.839e-01  8.839e-01 	
 8.993e-01  8.993e-01  8.993e-01  8.993e-01  8.993e-01  8.993e-01  8.993e-01  8.993e-01  8.993e-01  8.993e-01  8.993e-01  8.993e-01  8.993e-01  8.993e-01  8.993e-01  8.993e-01  8.993e-01  8.993e-01  8.993e-01  8.993e-01  8.993e-01  8.993e-01  8.993e-01  8.993e-01  8.993e-01  8.993e-01  8.993e-01  8.993e-01  8.993e-01  8.993e-01  8.993e-01  8.993e-01  8.993e-01  8.993e-01  8.993e-01  8.993e-01  8.993e-01  8.993e-01  8.993e-01  8.993e-01  8.993e-01  8.993e-01  8.993e-01  8.993e-01  8.993e-01  8.993e-01  8.993e-01  8.993e-01  8.993e-01  8.993e-01 	
 9.051e-01  9.051e-01  9.051e-01  9.051e-01  9.051e-01  9.051e-01  9.051e-01  9.051e-01  9.051e-01  9.051e-01  9.051e-01  9.051e-01  9.051e-01  9.051e-01  9.051e-01  9.051e-01  9.051e-01  9.051e-01  9.051e-01  9.051e-01  9.051e-01  9.051e-01  9.051e-01  9.051e-01  9.051e-01  9.051e-01  9.051e-01  9.051e-01  9.051e-01  9.051e-01  9.051e-01  9.051e-01  9.051e-01  9.051e-01  9.051e-01  9.051e-01  9.051e-01  9.051e-01  9.051e-01  9.051e-01  9.051e-01  9.051e-01  9.051e-01  9.051e-01  9.051e-01  9.051e-01  9.051e-01  9.051e-01  9.051e-01  9.051e-01 	
 9.035e-01  9.035e-01  9.035e-01  9.035e-01  9.035e-01  9.035e-01  9.035e-01  9.035e-01  9.035e-01  9.035e-01  9.035e-01  9.035e-01  9.035e-01  9.035e-01  9.035e-01  9.035e-01  9.035e-01  9.035e-01  9.035e-01  9.035e-01  9.035e-01  9.035e-01  9.035e-01  9.035e-01  9.035e-01  9.035e-01  9.035e-01  9.035e-01  9.035e-01  9.035e-01  9.035e-01  9.035e-01  9.035e-01  9.035e-01  9.035e-01  9.035e-01  9.035e-01  9.035e-01  9.035e-01  9.035e-01  9.035e-01  9.035e-01  9.035e-01  9.035e-01  9.035e-01  9.035e-01  9.035e-01  9.035e-01  9.035e-01  9.035e-01 	
 9.016e-01  9.016e-01  9.016e-01  9.016e-01  9.016e-01  9.016e-01  9.016e-01  9.016e-01  9.016e-01  9.016e-01  9.016e-01  9.016e-01  9.016e-01  9.016e-01  9.016e-01  9.016e-01  9.016e-01  9.016e-01  9.016e-01  9.016e-01  9.016e-01  9.016e-01  9.016e-01  9.016e-01  9.016e-01  9.016e-01  9.016e-01  9.016e-01  9.016e-01  9.016e-01  9.016e-01  9.016e-01  9.016e-01  9.016e-01  9.016e-01  9.016e-01  9.016e-01  9.016e-01  9.016e-01  9.016e-01  9.016e-01  9.016e-01  9.016e-01  9.016e-01  9.016e-01  9.016e-01  9.016e-01  9.016e-01  9.016e-01  9.016e-01 	
 9.067e-01  9.067e-01  9.067e-01  9.067e-01  9.067e-01  9.067e-01  9.067e-01  9.067e-01  9.067e-01  9.067e-01  9.067e-01  9.067e-01  9.067e-01  9.067e-01  9.067e-01  9.067e-01  9.067e-01  9.067e-01  9.067e-01  9.067e-01  9.067e-01  9.067e-01  9.067e-01  9.067e-01  9.067e-01  9.067e-01  9.067e-01  9.067e-01  9.067e-01  9.067e-01  9.067e-01  9.067e-01  9.067e-01  9.067e-01  9.067e-01  9.067e-01  9.067e-01  9.067e-01  9.067e-01  9.067e-01  9.067e-01  9.067e-01  9.067e-01  9.067e-01  9.067e-01  9.067e-01  9.067e-01  9.067e-01  9.067e-01  9.067e-01 	
 9.110e-01  9.110e-01  9.110e-01  9.110e-01  9.110e-01  9.110e-01  9.110e-01  9.110e-01  9.110e-01  9.110e-01  9.110e-01  9.110e-01  9.110e-01  9.110e-01  9.110e-01  9.110e-01  9.110e-01  9.110e-01  9.110e-01  9.110e-01  9.110e-01  9.110e-01  9.110e-01  9.110e-01  9.110e-01  9.110e-01  9.110e-01  9.110e-01  9.110e-01  9.110e-01  9.110e-01  9.110e-01  9.110e-01  9.110e-01  9.110e-01  9.110e-01  9.110e-01  9.110e-01  9.110e-01  9.110e-01  9.110e-01  9.110e-01  9.110e-01  9.110e-01  9.110e-01  9.110e-01  9.110e-01  9.110e-01  9.110e-01  9.110e-01 	
 9.100e-01  9.100e-01  9.100e-01  9.100e-01  9.100e-01  9.100e-01  9.100e-01  9.100e-01  9.100e-01  9.100e-01  9.100e-01  9.100e-01  9.100e-01  9.100e-01  9.100e-01  9.100e-01  9.100e-01  9.100e-01  9.100e-01  9.100e-01  9.100e-01  9.100e-01  9.100e-01  9.100e-01  9.100e-01  9.100e-01  9.100e-01  9.100e-01  9.100e-01  9.100e-01  9.100e-01  9.100e-01  9.100e-01  9.100e-01  9.100e-01  9.100e-01  9.100e-01  9.100e-01  9.100e-01  9.100e-01  9.100e-01  9.100e-01  9.100e-01  9.100e-01  9.100e-01  9.100e-01  9.100e-01  9.100e-01  9.100e-01  9.100e-01 	
 9.128e-01  9.128e-01  9.128e-01  9.128e-01  9.128e-01  9.128e-01  9.128e-01  9.128e-01  9.128e-01  9.128e-01  9.128e-01  9.128e-01  9.128e-01  9.128e-01  9.128e-01  9.128e-01  9.128e-01  9.128e-01  9.128e-01  9.128e-01  9.128e-01  9.128e-01  9.128e-01  9.128e-01  9.128e-01  9.128e-01  9.128e-01  9.128e-01  9.128e-01  9.128e-01  9.128e-01  9.128e-01  9.128e-01  9.128e-01  9.128e-01  9.128e-01  9.128e-01  9.128e-01  9.128e-01  9.128e-01  9.128e-01  9.128e-01  9.128e-01  9.128e-01  9.128e-01  9.128e-01  9.128e-01  9.128e-01  9.128e-01  9.128e-01 	
 9.137e-01  9.137e-01  9.137e-01  9.137e-01  9.137e-01  9.137e-01  9.137e-01  9.137e-01  9.137e-01  9.137e-01  9.137e-01  9.137e-01  9.137e-01  9.137e-01  9.137e-01  9.137e-01  9.137e-01  9.137e-01  9.137e-01  9.137e-01  9.137e-01  9.137e-01  9.137e-01  9.137e-01  9.137e-01  9.137e-01  9.137e-01  9.137e-01  9.137e-01  9.137e-01  9.137e-01  9.137e-01  9.137e-01  9.137e-01  9.137e-01  9.137e-01  9.137e-01  9.137e-01  9.137e-01  9.137e-01  9.137e-01  9.137e-01  9.137e-01  9.137e-01  9.137e-01  9.137e-01  9.137e-01  9.137e-01  9.137e-01  9.137e-01 	
 9.152e-01  9.152e-01  9.152e-01  9.152e-01  9.152e-01  9.152e-01  9.152e-01  9.152e-01  9.152e-01  9.152e-01  9.152e-01  9.152e-01  9.152e-01  9.152e-01  9.152e-01  9.152e-01  9.152e-01  9.152e-01  9.152e-01  9.152e-01  9.152e-01  9.152e-01  9.152e-01  9.152e-01  9.152e-01  9.152e-01  9.152e-01  9.152e-01  9.152e-01  9.152e-01  9.152e-01  9.152e-01  9.152e-01  9.152e-01  9.152e-01  9.152e-01  9.152e-01  9.152e-01  9.152e-01  9.152e-01  9.152e-01  9.152e-01  9.152e-01  9.152e-01  9.152e-01  9.152e-01  9.152e-01  9.152e-01  9.152e-01  9.152e-01 	
 9.157e-01  9.157e-01  9.157e-01  9.157e-01  9.157e-01  9.157e-01  9.157e-01  9.157e-01  9.157e-01  9.157e-01  9.157e-01  9.157e-01  9.157e-01  9.157e-01  9.157e-01  9.157e-01  9.157e-01  9.157e-01  9.157e-01  9.157e-01  9.157e-01  9.157e-01  9.157e-01  9.157e-01  9.157e-01  9.157e-01  9.157e-01  9.157e-01  9.157e-01  9.157e-01  9.157e-01  9.157e-01  9.157e-01  9.157e-01  9.157e-01  9.157e-01  9.157e-01  9.157e-01  9.157e-01  9.157e-01  9.157e-01  9.157e-01  9.157e-01  9.157e-01  9.157e-01  9.157e-01  9.157e-01  9.157e-01  9.157e-01  9.157e-01 	
 9.170e-01  9.170e-01  9.170e-01  9.170e-01  9.170e-01  9.170e-01  9.170e-01  9.170e-01  9.170e-01  9.170e-01  9.170e-01  9.170e-01  9.170e-01  9.170e-01  9.170e-01  9.170e-01  9.170e-01  9.170e-01  9.170e-01  9.170e-01  9.170e-01  9.170e-01  9.170e-01  9.170e-01  9.170e-01  9.170e-01  9.170e-01  9.170e-01  9.170e-01  9.170e-01  9.170e-01  9.170e-01  9.170e-01  9.170e-01  9.170e-01  9.170e-01  9.170e-01  9.170e-01  9.170e-01  9.170e-01  9.170e-01  9.170e-01  9.170e-01  9.170e-01  9.170e-01  9.170e-01  9.170e-01  9.170e-01  9.170e-01  9.170e-01 	
 9.180e-01  9.180e-01  9.180e-01  9.180e-01  9.180e-01  9.180e-01  9.180e-01  9.180e-01  9.180e-01  9.180e-01  9.180e-01  9.180e-01  9.180e-01  9.180e-01  9.180e-01  9.180e-01  9.180e-01  9.180e-01  9.180e-01  9.180e-01  9.180e-01  9.180e-01  9.180e-01  9.180e-01  9.180e-01  9.180e-01  9.180e-01  9.180e-01  9.180e-01  9.180e-01  9.180e-01  9.180e-01  9.180e-01  9.180e-01  9.180e-01  9.180e-01  9.180e-01  9.180e-01  9.180e-01  9.180e-01  9.180e-01  9.180e-01  9.180e-01  9.180e-01  9.180e-01  9.180e-01  9.180e-01  9.180e-01  9.180e-01  9.180e-01 	
 9.186e-01  9.186e-01  9.186e-01  9.186e-01  9.186e-01  9.186e-01  9.186e-01  9.186e-01  9.186e-01  9.186e-01  9.186e-01  9.186e-01  9.186e-01  9.186e-01  9.186e-01  9.186e-01  9.186e-01  9.186e-01  9.186e-01  9.186e-01  9.186e-01  9.186e-01  9.186e-01  9.186e-01  9.186e-01  9.186e-01  9.186e-01  9.186e-01  9.186e-01  9.186e-01  9.186e-01  9.186e-01  9.186e-01  9.186e-01  9.186e-01  9.186e-01  9.186e-01  9.186e-01  9.186e-01  9.186e-01  9.186e-01  9.186e-01  9.186e-01  9.186e-01  9.186e-01  9.186e-01  9.186e-01  9.186e-01  9.186e-01  9.186e-01 	
 9.192e-01  9.192e-01  9.192e-01  9.192e-01  9.192e-01  9.192e-01  9.192e-01  9.192e-01  9.192e-01  9.192e-01  9.192e-01  9.192e-01  9.192e-01  9.192e-01  9.192e-01  9.192e-01  9.192e-01  9.192e-01  9.192e-01  9.192e-01  9.192e-01  9.192e-01  9.192e-01  9.192e-01  9.192e-01  9.192e-01  9.192e-01  9.192e-01  9.192e-01  9.192e-01  9.192e-01  9.192e-01  9.192e-01  9.192e-01  9.192e-01  9.192e-01  9.192e-01  9.192e-01  9.192e-01  9.192e-01  9.192e-01  9.192e-01  9.192e-01  9.192e-01  9.192e-01  9.192e-01  9.192e-01  9.192e-01  9.192e-01  9.192e-01 	
 9.197e-01  9.197e-01  9.197e-01  9.197e-01  9.197e-01  9.197e-01  9.197e-01  9.197e-01  9.197e-01  9.197e-01  9.197e-01  9.197e-01  9.197e-01  9.197e-01  9.197e-01  9.197e-01  9.197e-01  9.197e-01  9.197e-01  9.197e-01  9.197e-01  9.197e-01  9.197e-01  9.197e-01  9.197e-01  9.197e-01  9.197e-01  9.197e-01  9.197e-01  9.197e-01  9.197e-01  9.197e-01  9.197e-01  9.197e-01  9.197e-01  9.197e-01  9.197e-01  9.197e-01  9.197e-01  9.197e-01  9.197e-01  9.197e-01  9.197e-01  9.197e-01  9.197e-01  9.197e-01  9.197e-01  9.197e-01  9.197e-01  9.197e-01 	
 9.203e-01  9.203e-01  9.203e-01  9.203e-01  9.203e-01  9.203e-01  9.203e-01  9.203e-01  9.203e-01  9.203e-01  9.203e-01  9.203e-01  9.203e-01  9.203e-01  9.203e-01  9.203e-01  9.203e-01  9.203e-01  9.203e-01  9.203e-01  9.203e-01  9.203e-01  9.203e-01  9.203e-01  9.203e-01  9.203e-01  9.203e-01  9.203e-01  9.203e-01  9.203e-01  9.203e-01  9.203e-01  9.203e-01  9.203e-01  9.203e-01  9.203e-01  9.203e-01  9.203e-01  9.203e-01  9.203e-01  9.203e-01  9.203e-01  9.203e-01  9.203e-01  9.203e-01  9.203e-01  9.203e-01  9.203e-01  9.203e-01  9.203e-01 	
 9.207e-01  9.207e-01  9.207e-01  9.207e-01  9.207e-01  9.207e-01  9.207e-01  9.207e-01  9.207e-01  9.207e-01  9.207e-01  9.207e-01  9.207e-01  9.207e-01  9.207e-01  9.207e-01  9.207e-01  9.207e-01  9.207e-01  9.207e-01  9.207e-01  9.207e-01  9.207e-01  9.207e-01  9.207e-01  9.207e-01  9.207e-01  9.207e-01  9.207e-01  9.207e-01  9.207e-01  9.207e-01  9.207e-01  9.207e-01  9.207e-01  9.207e-01  9.207e-01  9.207e-01  9.207e-01  9.207e-01  9.207e-01  9.207e-01  9.207e-01  9.207e-01  9.207e-01  9.207e-01  9.207e-01  9.207e-01  9.207e-01  9.207e-01 	
 9.211e-01  9.211e-01  9.211e-01  9.211e-01  9.211e-01  9.211e-01  9.211e-01  9.211e-01  9.211e-01  9.211e-01  9.211e-01  9.211e-01  9.211e-01  9.211e-01  9.211e-01  9.211e-01  9.211e-01  9.211e-01  9.211e-01  9.211e-01  9.211e-01  9.211e-01  9.211e-01  9.211e-01  9.211e-01  9.211e-01  9.211e-01  9.211e-01  9.211e-01  9.211e-01  9.211e-01  9.211e-01  9.211e-01  9.211e-01  9.211e-01  9.211e-01  9.211e-01  9.211e-01  9.211e-01  9.211e-01  9.211e-01  9.211e-01  9.211e-01  9.211e-01  9.211e-01  9.211e-01  9.211e-01  9.211e-01  9.211e-01  9.211e-01 	
 9.215e-01  9.215e-01  9.215e-01  9.215e-01  9.215e-01  9.215e-01  9.215e-01  9.215e-01  9.215e-01  9.215e-01  9.215e-01  9.215e-01  9.215e-01  9.215e-01  9.215e-01  9.215e-01  9.215e-01  9.215e-01  9.215e-01  9.215e-01  9.215e-01  9.215e-01  9.215e-01  9.215e-01  9.215e-01  9.215e-01  9.215e-01  9.215e-01  9.215e-01  9.215e-01  9.215e-01  9.215e-01  9.215e-01  9.215e-01  9.215e-01  9.215e-01  9.215e-01  9.215e-01  9.215e-01  9.215e-01  9.215e-01  9.215e-01  9.215e-01  9.215e-01  9.215e-01  9.215e-01  9.215e-01  9.215e-01  9.215e-01  9.215e-01 	
 9.218e-01  9.218e-01  9.218e-01  9.218e-01  9.218e-01  9.218e-01  9.218e-01  9.218e-01  9.218e-01  9.218e-01  9.218e-01  9.218e-01  9.218e-01  9.218e-01  9.218e-01  9.218e-01  9.218e-01  9.218e-01  9.218e-01  9.218e-01  9.218e-01  9.218e-01  9.218e-01  9.218e-01  9.218e-01  9.218e-01  9.218e-01  9.218e-01  9.218e-01  9.218e-01  9.218e-01  9.218e-01  9.218e-01  9.218e-01  9.218e-01  9.218e-01  9.218e-01  9.218e-01  9.218e-01  9.218e-01  9.218e-01  9.218e-01  9.218e-01  9.218e-01  9.218e-01  9.218e-01  9.218e-01  9.218e-01  9.218e-01  9.218e-01 	
 9.222e-01  9.222e-01  9.222e-01  9.222e-01  9.222e-01  9.222e-01  9.222e-01  9.222e-01  9.222e-01  9.222e-01  9.222e-01  9.222e-01  9.222e-01  9.222e-01  9.222e-01  9.222e-01  9.222e-01  9.222e-01  9.222e-01  9.222e-01  9.222e-01  9.222e-01  9.222e-01  9.222e-01  9.222e-01  9.222e-01  9.222e-01  9.222e-01  9.222e-01  9.222e-01  9.222e-01  9.222e-01  9.222e-01  9.222e-01  9.222e-01  9.222e-01  9.222e-01  9.222e-01  9.222e-01  9.222e-01  9.222e-01  9.222e-01  9.222e-01  9.222e-01  9.222e-01  9.222e-01  9.222e-01  9.222e-01  9.222e-01  9.222e-01 	
 9.224e-01  9.224e-01  9.224e-01  9.224e-01  9.224e-01  9.224e-01  9.224e-01  9.224e-01  9.224e-01  9.224e-01  9.224e-01  9.224e-01  9.224e-01  9.224e-01  9.224e-01  9.224e-01  9.224e-01  9.224e-01  9.224e-01  9.224e-01  9.224e-01  9.224e-01  9.224e-01  9.224e-01  9.224e-01  9.224e-01  9.224e-01  9.224e-01  9.224e-01  9.224e-01  9.224e-01  9.224e-01  9.224e-01  9.224e-01  9.224e-01  9.224e-01  9.224e-01  9.224e-01  9.224e-01  9.224e-01  9.224e-01  9.224e-01  9.224e-01  9.224e-01  9.224e-01  9.224e-01  9.224e-01  9.224e-01  9.224e-01  9.224e-01 	
 9.227e-01  9.227e-01  9.227e-01  9.227e-01  9.227e-01  9.227e-01  9.227e-01  9.227e-01  9.227e-01  9.227e-01  9.227e-01  9.227e-01  9.227e-01  9.227e-01  9.227e-01  9.227e-01  9.227e-01  9.227e-01  9.227e-01  9.227e-01  9.227e-01  9.227e-01  9.227e-01  9.227e-01  9.227e-01  9.227e-01  9.227e-01  9.227e-01  9.227e-01  9.227e-01  9.227e-01  9.227e-01  9.227e-01  9.227e-01  9.227e-01  9.227e-01  9.227e-01  9.227e-01  9.227e-01  9.227e-01  9.227e-01  9.227e-01  9.227e-01  9.227e-01  9.227e-01  9.227e-01  9.227e-01  9.227e-01  9.227e-01  9.227e-01 	
 9.230e-01  9.230e-01  9.230e-01  9.230e-01  9.230e-01  9.230e-01  9.230e-01  9.230e-01  9.230e-01  9.230e-01  9.230e-01  9.230e-01  9.230e-01  9.230e-01  9.230e-01  9.230e-01  9.230e-01  9.230e-01  9.230e-01  9.230e-01  9.230e-01  9.230e-01  9.230e-01  9.230e-01  9.230e-01  9.230e-01  9.230e-01  9.230e-01  9.230e-01  9.230e-01  9.230e-01  9.230e-01  9.230e-01  9.230e-01  9.230e-01  9.230e-01  9.230e-01  9.230e-01  9.230e-01  9.230e-01  9.230e-01  9.230e-01  9.230e-01  9.230e-01  9.230e-01  9.230e-01  9.230e-01  9.230e-01  9.230e-01  9.230e-01 	
 9.233e-01  9.233e-01  9.233e-01  9.233e-01  9.233e-01  9.233e-01  9.233e-01  9.233e-01  9.233e-01  9.233e-01  9.233e-01  9.233e-01  9.233e-01  9.233e-01  9.233e-01  9.233e-01  9.233e-01  9.233e-01  9.233e-01  9.233e-01  9.233e-01  9.233e-01  9.233e-01  9.233e-01  9.233e-01  9.233e-01  9.233e-01  9.233e-01  9.233e-01  9.233e-01  9.233e-01  9.233e-01  9.233e-01  9.233e-01  9.233e-01  9.233e-01  9.233e-01  9.233e-01  9.233e-01  9.233e-01  9.233e-01  9.233e-01  9.233e-01  9.233e-01  9.233e-01  9.233e-01  9.233e-01  9.233e-01  9.233e-01  9.233e-01 	
 9.235e-01  9.235e-01  9.235e-01  9.235e-01  9.235e-01  9.235e-01  9.235e-01  9.235e-01  9.235e-01  9.235e-01  9.235e-01  9.235e-01  9.235e-01  9.235e-01  9.235e-01  9.235e-01  9.235e-01  9.235e-01  9.235e-01  9.235e-01  9.235e-01  9.235e-01  9.235e-01  9.235e-01  9.235e-01  9.235e-01  9.235e-01  9.235e-01  9.235e-01  9.235e-01  9.235e-01  9.235e-01  9.235e-01  9.235e-01  9.235e-01  9.235e-01  9.235e-01  9.235e-01  9.235e-01  9.235e-01  9.235e-01  9.235e-01  9.235e-01  9.235e-01  9.235e-01  9.235e-01  9.235e-01  9.235e-01  9.235e-01  9.235e-01 	
 9.238e-01  9.238e-01  9.238e-01  9.238e-01  9.238e-01  9.238e-01  9.238e-01  9.238e-01  9.238e-01  9.238e-01  9.238e-01  9.238e-01  9.238e-01  9.238e-01  9.238e-01  9.238e-01  9.238e-01  9.238e-01  9.238e-01  9.238e-01  9.238e-01  9.238e-01  9.238e-01  9.238e-01  9.238e-01  9.238e-01  9.238e-01  9.238e-01  9.238e-01  9.238e-01  9.238e-01  9.238e-01  9.238e-01  9.238e-01  9.238e-01  9.238e-01  9.238e-01  9.238e-01  9.238e-01  9.238e-01  9.238e-01  9.238e-01  9.238e-01  9.238e-01  9.238e-01  9.238e-01  9.238e-01  9.238e-01  9.238e-01  9.238e-01 	
 9.241e-01  9.241e-01  9.241e-01  9.241e-01  9.241e-01  9.241e-01  9.241e-01  9.241e-01  9.241e-01  9.241e-01  9.241e-01  9.241e-01  9.241e-01  9.241e-01  9.241e-01  9.241e-01  9.241e-01  9.241e-01  9.241e-01  9.241e-01  9.241e-01  9.241e-01  9.241e-01  9.241e-01  9.241e-01  9.241e-01  9.241e-01  9.241e-01  9.241e-01  9.241e-01  9.241e-01  9.241e-01  9.241e-01  9.241e-01  9.241e-01  9.241e-01  9.241e-01  9.241e-01  9.241e-01  9.241e-01  9.241e-01  9.241e-01  9.241e-01  9.241e-01  9.241e-01  9.241e-01  9.241e-01  9.241e-01  9.241e-01  9.241e-01 	
 9.243e-01  9.243e-01  9.243e-01  9.243e-01  9.243e-01  9.243e-01  9.243e-01  9.243e-01  9.243e-01  9.243e-01  9.243e-01  9.243e-01  9.243e-01  9.243e-01  9.243e-01  9.243e-01  9.243e-01  9.243e-01  9.243e-01  9.243e-01  9.243e-01  9.243e-01  9.243e-01  9.243e-01  9.243e-01  9.243e-01  9.243e-01  9.243e-01  9.243e-01  9.243e-01  9.243e-01  9.243e-01  9.243e-01  9.243e-01  9.243e-01  9.243e-01  9.243e-01  9.243e-01  9.243e-01  9.243e-01  9.243e-01  9.243e-01  9.243e-01  9.243e-01  9.243e-01  9.243e-01  9.243e-01  9.243e-01  9.243e-01  9.243e-01 	
 9.246e-01  9.246e-01  9.246e-01  9.246e-01  9.246e-01  9.246e-01  9.246e-01  9.246e-01  9.246e-01  9.246e-01  9.246e-01  9.246e-01  9.246e-01  9.246e-01  9.246e-01  9.246e-01  9.246e-01  9.246e-01  9.246e-01  9.246e-01  9.246e-01  9.246e-01  9.246e-01  9.246e-01  9.246e-01  9.246e-01  9.246e-01  9.246e-01  9.246e-01  9.246e-01  9.246e-01  9.246e-01  9.246e-01  9.246e-01  9.246e-01  9.246e-01  9.246e-01  9.246e-01  9.246e-01  9.246e-01  9.246e-01  9.246e-01  9.246e-01  9.246e-01  9.246e-01  9.246e-01  9.246e-01  9.246e-01  9.246e-01  9.246e-01 	
 9.249e-01  9.249e-01  9.249e-01  9.249e-01  9.249e-01  9.249e-01  9.249e-01  9.249e-01  9.249e-01  9.249e-01  9.249e-01  9.249e-01  9.249e-01  9.249e-01  9.249e-01  9.249e-01  9.249e-01  9.249e-01  9.249e-01  9.249e-01  9.249e-01  9.249e-01  9.249e-01  9.249e-01  9.249e-01  9.249e-01  9.249e-01  9.249e-01  9.249e-01  9.249e-01  9.249e-01  9.249e-01  9.249e-01  9.249e-01  9.249e-01  9.249e-01  9.249e-01  9.249e-01  9.249e-01  9.249e-01  9.249e-01  9.249e-01  9.249e-01  9.249e-01  9.249e-01  9.249e-01  9.249e-01  9.249e-01  9.249e-01  9.249e-01 	
 9.252e-01  9.252e-01  9.252e-01  9.252e-01  9.252e-01  9.252e-01  9.252e-01  9.252e-01  9.252e-01  9.252e-01  9.252e-01  9.252e-01  9.252e-01  9.252e-01  9.252e-01  9.252e-01  9.252e-01  9.252e-01  9.252e-01  9.252e-01  9.252e-01  9.252e-01  9.252e-01  9.252e-01  9.252e-01  9.252e-01  9.252e-01  9.252e-01  9.252e-01  9.252e-01  9.252e-01  9.252e-01  9.252e-01  9.252e-01  9.252e-01  9.252e-01  9.252e-01  9.252e-01  9.252e-01  9.252e-01  9.252e-01  9.252e-01  9.252e-01  9.252e-01  9.252e-01  9.252e-01  9.252e-01  9.252e-01  9.252e-01  9.252e-01 	
 9.256e-01  9.256e-01  9.256e-01  9.256e-01  9.256e-01  9.256e-01  9.256e-01  9.256e-01  9.256e-01  9.256e-01  9.256e-01  9.256e-01  9.256e-01  9.256e-01  9.256e-01  9.256e-01  9.256e-01  9.256e-01  9.256e-01  9.256e-01  9.256e-01  9.256e-01  9.256e-01  9.256e-01  9.256e-01  9.256e-01  9.256e-01  9.256e-01  9.256e-01  9.256e-01  9.256e-01  9.256e-01  9.256e-01  9.256e-01  9.256e-01  9.256e-01  9.256e-01  9.256e-01  9.256e-01  9.256e-01  9.256e-01  9.256e-01  9.256e-01  9.256e-01  9.256e-01  9.256e-01  9.256e-01  9.256e-01  9.256e-01  9.256e-01 	
 9.259e-01  9.259e-01  9.259e-01  9.259e-01  9.259e-01  9.259e-01  9.259e-01  9.259e-01  9.259e-01  9.259e-01  9.259e-01  9.259e-01  9.259e-01  9.259e-01  9.259e-01  9.259e-01  9.259e-01  9.259e-01  9.259e-01  9.259e-01  9.259e-01  9.259e-01  9.259e-01  9.259e-01  9.259e-01  9.259e-01  9.259e-01  9.259e-01  9.259e-01  9.259e-01  9.259e-01  9.259e-01  9.259e-01  9.259e-01  9.259e-01  9.259e-01  9.259e-01  9.259e-01  9.259e-01  9.259e-01  9.259e-01  9.259e-01  9.259e-01  9.259e-01  9.259e-01  9.259e-01  9.259e-01  9.259e-01  9.259e-01  9.259e-01 	
 9.263e-01  9.263e-01  9.263e-01  9.263e-01  9.263e-01  9.263e-01  9.263e-01  9.263e-01  9.263e-01  9.263e-01  9.263e-01  9.263e-01  9.263e-01  9.263e-01  9.263e-01  9.263e-01  9.263e-01  9.263e-01  9.263e-01  9.263e-01  9.263e-01  9.263e-01  9.263e-01  9.263e-01  9.263e-01  9.263e-01  9.263e-01  9.263e-01  9.263e-01  9.263e-01  9.263e-01  9.263e-01  9.263e-01  9.263e-01  9.263e-01  9.263e-01  9.263e-01  9.263e-01  9.263e-01  9.263e-01  9.263e-01  9.263e-01  9.263e-01  9.263e-01  9.263e-01  9.263e-01  9.263e-01  9.263e-01  9.263e-01  9.263e-01 	
 9.267e-01  9.267e-01  9.267e-01  9.267e-01  9.267e-01  9.267e-01  9.267e-01  9.267e-01  9.267e-01  9.267e-01  9.267e-01  9.267e-01  9.267e-01  9.267e-01  9.267e-01  9.267e-01  9.267e-01  9.267e-01  9.267e-01  9.267e-01  9.267e-01  9.267e-01  9.267e-01  9.267e-01  9.267e-01  9.267e-01  9.267e-01  9.267e-01  9.267e-01  9.267e-01  9.267e-01  9.267e-01  9.267e-01  9.267e-01  9.267e-01  9.267e-01  9.267e-01  9.267e-01  9.267e-01  9.267e-01  9.267e-01  9.267e-01  9.267e-01  9.267e-01  9.267e-01  9.267e-01  9.267e-01  9.267e-01  9.267e-01  9.267e-01 	
 9.271e-01  9.271e-01  9.271e-01  9.271e-01  9.271e-01  9.271e-01  9.271e-01  9.271e-01  9.271e-01  9.271e-01  9.271e-01  9.271e-01  9.271e-01  9.271e-01  9.271e-01  9.271e-01  9.271e-01  9.271e-01  9.271e-01  9.271e-01  9.271e-01  9.271e-01  9.271e-01  9.271e-01  9.271e-01  9.271e-01  9.271e-01  9.271e-01  9.271e-01  9.271e-01  9.271e-01  9.271e-01  9.271e-01  9.271e-01  9.271e-01  9.271e-01  9.271e-01  9.271e-01  9.271e-01  9.271e-01  9.271e-01  9.271e-01  9.271e-01  9.271e-01  9.271e-01  9.271e-01  9.271e-01  9.271e-01  9.271e-01  9.271e-01 	
 9.276e-01  9.276e-01  9.276e-01  9.276e-01  9.276e-01  9.276e-01  9.276e-01  9.276e-01  9.276e-01  9.276e-01  9.276e-01  9.276e-01  9.276e-01  9.276e-01  9.276e-01  9.276e-01  9.276e-01  9.276e-01  9.276e-01  9.276e-01  9.276e-01  9.276e-01  9.276e-01  9.276e-01  9.276e-01  9.276e-01  9.276e-01  9.276e-01  9.276e-01  9.276e-01  9.276e-01  9.276e-01  9.276e-01  9.276e-01  9.276e-01  9.276e-01  9.276e-01  9.276e-01  9.276e-01  9.276e-01  9.276e-01  9.276e-01  9.276e-01  9.276e-01  9.276e-01  9.276e-01  9.276e-01  9.276e-01  9.276e-01  9.276e-01 	
 9.281e-01  9.281e-01  9.281e-01  9.281e-01  9.281e-01  9.281e-01  9.281e-01  9.281e-01  9.281e-01  9.281e-01  9.281e-01  9.281e-01  9.281e-01  9.281e-01  9.281e-01  9.281e-01  9.281e-01  9.281e-01  9.281e-01  9.281e-01  9.281e-01  9.281e-01  9.281e-01  9.281e-01  9.281e-01  9.281e-01  9.281e-01  9.281e-01  9.281e-01  9.281e-01  9.281e-01  9.281e-01  9.281e-01  9.281e-01  9.281e-01  9.281e-01  9.281e-01  9.281e-01  9.281e-01  9.281e-01  9.281e-01  9.281e-01  9.281e-01  9.281e-01  9.281e-01  9.281e-01  9.281e-01  9.281e-01  9.281e-01  9.281e-01 	
 9.287e-01  9.287e-01  9.287e-01  9.287e-01  9.287e-01  9.287e-01  9.287e-01  9.287e-01  9.287e-01  9.287e-01  9.287e-01  9.287e-01  9.287e-01  9.287e-01  9.287e-01  9.287e-01  9.287e-01  9.287e-01  9.287e-01  9.287e-01  9.287e-01  9.287e-01  9.287e-01  9.287e-01  9.287e-01  9.287e-01  9.287e-01  9.287e-01  9.287e-01  9.287e-01  9.287e-01  9.287e-01  9.287e-01  9.287e-01  9.287e-01  9.287e-01  9.287e-01  9.287e-01  9.287e-01  9.287e-01  9.287e-01  9.287e-01  9.287e-01  9.287e-01  9.287e-01  9.287e-01  9.287e-01  9.287e-01  9.287e-01  9.287e-01 	
 9.292e-01  9.292e-01  9.292e-01  9.292e-01  9.292e-01  9.292e-01  9.292e-01  9.292e-01  9.292e-01  9.292e-01  9.292e-01  9.292e-01  9.292e-01  9.292e-01  9.292e-01  9.292e-01  9.292e-01  9.292e-01  9.292e-01  9.292e-01  9.292e-01  9.292e-01  9.292e-01  9.292e-01  9.292e-01  9.292e-01  9.292e-01  9.292e-01  9.292e-01  9.292e-01  9.292e-01  9.292e-01  9.292e-01  9.292e-01  9.292e-01  9.292e-01  9.292e-01  9.292e-01  9.292e-01  9.292e-01  9.292e-01  9.292e-01  9.292e-01  9.292e-01  9.292e-01  9.292e-01  9.292e-01  9.292e-01  9.292e-01  9.292e-01 	
 9.298e-01  9.298e-01  9.298e-01  9.298e-01  9.298e-01  9.298e-01  9.298e-01  9.298e-01  9.298e-01  9.298e-01  9.298e-01  9.298e-01  9.298e-01  9.298e-01  9.298e-01  9.298e-01  9.298e-01  9.298e-01  9.298e-01  9.298e-01  9.298e-01  9.298e-01  9.298e-01  9.298e-01  9.298e-01  9.298e-01  9.298e-01  9.298e-01  9.298e-01  9.298e-01  9.298e-01  9.298e-01  9.298e-01  9.298e-01  9.298e-01  9.298e-01  9.298e-01  9.298e-01  9.298e-01  9.298e-01  9.298e-01  9.298e-01  9.298e-01  9.298e-01  9.298e-01  9.298e-01  9.298e-01  9.298e-01  9.298e-01  9.298e-01 	
 9.305e-01  9.305e-01  9.305e-01  9.305e-01  9.305e-01  9.305e-01  9.305e-01  9.305e-01  9.305e-01  9.305e-01  9.305e-01  9.305e-01  9.305e-01  9.305e-01  9.305e-01  9.305e-01  9.305e-01  9.305e-01  9.305e-01  9.305e-01  9.305e-01  9.305e-01  9.305e-01  9.305e-01  9.305e-01  9.305e-01  9.305e-01  9.305e-01  9.305e-01  9.305e-01  9.305e-01  9.305e-01  9.305e-01  9.305e-01  9.305e-01  9.305e-01  9.305e-01  9.305e-01  9.305e-01  9.305e-01  9.305e-01  9.305e-01  9.305e-01  9.305e-01  9.305e-01  9.305e-01  9.305e-01  9.305e-01  9.305e-01  9.305e-01 	
 9.311e-01  9.311e-01  9.311e-01  9.311e-01  9.311e-01  9.311e-01  9.311e-01  9.311e-01  9.311e-01  9.311e-01  9.311e-01  9.311e-01  9.311e-01  9.311e-01  9.311e-01  9.311e-01  9.311e-01  9.311e-01  9.311e-01  9.311e-01  9.311e-01  9.311e-01  9.311e-01  9.311e-01  9.311e-01  9.311e-01  9.311e-01  9.311e-01  9.311e-01  9.311e-01  9.311e-01  9.311e-01  9.311e-01  9.311e-01  9.311e-01  9.311e-01  9.311e-01  9.311e-01  9.311e-01  9.311e-01  9.311e-01  9.311e-01  9.311e-01  9.311e-01  9.311e-01  9.311e-01  9.311e-01  9.311e-01  9.311e-01  9.311e-01 	
 9.318e-01  9.318e-01  9.318e-01  9.318e-01  9.318e-01  9.318e-01  9.318e-01  9.318e-01  9.318e-01  9.318e-01  9.318e-01  9.318e-01  9.318e-01  9.318e-01  9.318e-01  9.318e-01  9.318e-01  9.318e-01  9.318e-01  9.318e-01  9.318e-01  9.318e-01  9.318e-01  9.318e-01  9.318e-01  9.318e-01  9.318e-01  9.318e-01  9.318e-01  9.318e-01  9.318e-01  9.318e-01  9.318e-01  9.318e-01  9.318e-01  9.318e-01  9.318e-01  9.318e-01  9.318e-01  9.318e-01  9.318e-01  9.318e-01  9.318e-01  9.318e-01  9.318e-01  9.318e-01  9.318e-01  9.318e-01  9.318e-01  9.318e-01 	
 9.325e-01  9.325e-01  9.325e-01  9.325e-01  9.325e-01  9.325e-01  9.325e-01  9.325e-01  9.325e-01  9.325e-01  9.325e-01  9.325e-01  9.325e-01  9.325e-01  9.325e-01  9.325e-01  9.325e-01  9.325e-01  9.325e-01  9.325e-01  9.325e-01  9.325e-01  9.325e-01  9.325e-01  9.325e-01  9.325e-01  9.325e-01  9.325e-01  9.325e-01  9.325e-01  9.325e-01  9.325e-01  9.325e-01  9.325e-01  9.325e-01  9.325e-01  9.325e-01  9.325e-01  9.325e-01  9.325e-01  9.325e-01  9.325e-01  9.325e-01  9.325e-01  9.325e-01  9.325e-01  9.325e-01  9.325e-01  9.325e-01  9.325e-01 	
 9.331e-01  9.331e-01  9.331e-01  9.331e-01  9.331e-01  9.331e-01  9.331e-01  9.331e-01  9.331e-01  9.331e-01  9.331e-01  9.331e-01  9.331e-01  9.331e-01  9.331e-01  9.331e-01  9.331e-01  9.331e-01  9.331e-01  9.331e-01  9.331e-01  9.331e-01  9.331e-01  9.331e-01  9.331e-01  9.331e-01  9.331e-01  9.331e-01  9.331e-01  9.331e-01  9.331e-01  9.331e-01  9.331e-01  9.331e-01  9.331e-01  9.331e-01  9.331e-01  9.331e-01  9.331e-01  9.331e-01  9.331e-01  9.331e-01  9.331e-01  9.331e-01  9.331e-01  9.331e-01  9.331e-01  9.331e-01  9.331e-01  9.331e-01 	
 9.338e-01  9.338e-01  9.338e-01  9.338e-01  9.338e-01  9.338e-01  9.338e-01  9.338e-01  9.338e-01  9.338e-01  9.338e-01  9.338e-01  9.338e-01  9.338e-01  9.338e-01  9.338e-01  9.338e-01  9.338e-01  9.338e-01  9.338e-01  9.338e-01  9.338e-01  9.338e-01  9.338e-01  9.338e-01  9.338e-01  9.338e-01  9.338e-01  9.338e-01  9.338e-01  9.338e-01  9.338e-01  9.338e-01  9.338e-01  9.338e-01  9.338e-01  9.338e-01  9.338e-01  9.338e-01  9.338e-01  9.338e-01  9.338e-01  9.338e-01  9.338e-01  9.338e-01  9.338e-01  9.338e-01  9.338e-01  9.338e-01  9.338e-01 	
