 8.446e-01  8.446e-01  8.446e-01  8.446e-01  8.446e-01  8.446e-01  8.446e-01  8.446e-01  8.446e-01  8.446e-01  8.446e-01  8.446e-01  8.446e-01  8.446e-01  8.446e-01  8.446e-01  8.446e-01  8.446e-01  8.446e-01  8.446e-01  8.446e-01  8.446e-01  8.446e-01  8.446e-01  8.446e-01  8.446e-01  8.446e-01  8.446e-01  8.446e-01  8.446e-01  8.446e-01  8.446e-01  8.446e-01  8.446e-01  8.446e-01  8.446e-01  8.446e-01  8.446e-01  8.446e-01  8.446e-01  8.446e-01  8.446e-01  8.446e-01  8.446e-01  8.446e-01  8.446e-01  8.446e-01  8.446e-01  8.446e-01  8.446e-01 	
 8.779e-01  8.779e-01  8.779e-01  8.779e-01  8.779e-01  8.779e-01  8.779e-01  8.779e-01  8.779e-01  8.779e-01  8.779e-01  8.779e-01  8.779e-01  8.779e-01  8.779e-01  8.779e-01  8.779e-01  8.779e-01  8.779e-01  8.779e-01  8.779e-01  8.779e-01  8.779e-01  8.779e-01  8.779e-01  8.779e-01  8.779e-01  8.779e-01  8.779e-01  8.779e-01  8.779e-01  8.779e-01  8.779e-01  8.779e-01  8.779e-01  8.779e-01  8.779e-01  8.779e-01  8.779e-01  8.779e-01  8.779e-01  8.779e-01  8.779e-01  8.779e-01  8.779e-01  8.779e-01  8.779e-01  8.779e-01  8.779e-01  8.779e-01 	
 8.979e-01  8.979e-01  8.979e-01  8.979e-01  8.979e-01  8.979e-01  8.979e-01  8.979e-01  8.979e-01  8.979e-01  8.979e-01  8.979e-01  8.979e-01  8.979e-01  8.979e-01  8.979e-01  8.979e-01  8.979e-01  8.979e-01  8.979e-01  8.979e-01  8.979e-01  8.979e-01  8.979e-01  8.979e-01  8.979e-01  8.979e-01  8.979e-01  8.979e-01  8.979e-01  8.979e-01  8.979e-01  8.979e-01  8.979e-01  8.979e-01  8.979e-01  8.979e-01  8.979e-01  8.979e-01  8.979e-01  8.979e-01  8.979e-01  8.979e-01  8.979e-01  8.979e-01  8.979e-01  8.979e-01  8.979e-01  8.979e-01  8.979e-01 	
 9.079e-01  9.079e-01  9.079e-01  9.079e-01  9.079e-01  9.079e-01  9.079e-01  9.079e-01  9.079e-01  9.079e-01  9.079e-01  9.079e-01  9.079e-01  9.079e-01  9.079e-01  9.079e-01  9.079e-01  9.079e-01  9.079e-01  9.079e-01  9.079e-01  9.079e-01  9.079e-01  9.079e-01  9.079e-01  9.079e-01  9.079e-01  9.079e-01  9.079e-01  9.079e-01  9.079e-01  9.079e-01  9.079e-01  9.079e-01  9.079e-01  9.079e-01  9.079e-01  9.079e-01  9.079e-01  9.079e-01  9.079e-01  9.079e-01  9.079e-01  9.079e-01  9.079e-01  9.079e-01  9.079e-01  9.079e-01  9.079e-01  9.079e-01 	
 9.103e-01  9.103e-01  9.103e-01  9.103e-01  9.103e-01  9.103e-01  9.103e-01  9.103e-01  9.103e-01  9.103e-01  9.103e-01  9.103e-01  9.103e-01  9.103e-01  9.103e-01  9.103e-01  9.103e-01  9.103e-01  9.103e-01  9.103e-01  9.103e-01  9.103e-01  9.103e-01  9.103e-01  9.103e-01  9.103e-01  9.103e-01  9.103e-01  9.103e-01  9.103e-01  9.103e-01  9.103e-01  9.103e-01  9.103e-01  9.103e-01  9.103e-01  9.103e-01  9.103e-01  9.103e-01  9.103e-01  9.103e-01  9.103e-01  9.103e-01  9.103e-01  9.103e-01  9.103e-01  9.103e-01  9.103e-01  9.103e-01  9.103e-01 	
 9.084e-01  9.084e-01  9.084e-01  9.084e-01  9.084e-01  9.084e-01  9.084e-01  9.084e-01  9.084e-01  9.084e-01  9.084e-01  9.084e-01  9.084e-01  9.084e-01  9.084e-01  9.084e-01  9.084e-01  9.084e-01  9.084e-01  9.084e-01  9.084e-01  9.084e-01  9.084e-01  9.084e-01  9.084e-01  9.084e-01  9.084e-01  9.084e-01  9.084e-01  9.084e-01  9.084e-01  9.084e-01  9.084e-01  9.084e-01  9.084e-01  9.084e-01  9.084e-01  9.084e-01  9.084e-01  9.084e-01  9.084e-01  9.084e-01  9.084e-01  9.084e-01  9.084e-01  9.084e-01  9.084e-01  9.084e-01  9.084e-01  9.084e-01 	
 9.098e-01  9.098e-01  9.098e-01  9.098e-01  9.098e-01  9.098e-01  9.098e-01  9.098e-01  9.098e-01  9.098e-01  9.098e-01  9.098e-01  9.098e-01  9.098e-01  9.098e-01  9.098e-01  9.098e-01  9.098e-01  9.098e-01  9.098e-01  9.098e-01  9.098e-01  9.098e-01  9.098e-01  9.098e-01  9.098e-01  9.098e-01  9.098e-01  9.098e-01  9.098e-01  9.098e-01  9.098e-01  9.098e-01  9.098e-01  9.098e-01  9.098e-01  9.098e-01  9.098e-01  9.098e-01  9.098e-01  9.098e-01  9.098e-01  9.098e-01  9.098e-01  9.098e-01  9.098e-01  9.098e-01  9.098e-01  9.098e-01  9.098e-01 	
 9.152e-01  9.152e-01  9.152e-01  9.152e-01  9.152e-01  9.152e-01  9.152e-01  9.152e-01  9.152e-01  9.152e-01  9.152e-01  9.152e-01  9.152e-01  9.152e-01  9.152e-01  9.152e-01  9.152e-01  9.152e-01  9.152e-01  9.152e-01  9.152e-01  9.152e-01  9.152e-01  9.152e-01  9.152e-01  9.152e-01  9.152e-01  9.152e-01  9.152e-01  9.152e-01  9.152e-01  9.152e-01  9.152e-01  9.152e-01  9.152e-01  9.152e-01  9.152e-01  9.152e-01  9.152e-01  9.152e-01  9.152e-01  9.152e-01  9.152e-01  9.152e-01  9.152e-01  9.152e-01  9.152e-01  9.152e-01  9.152e-01  9.152e-01 	
 9.167e-01  9.167e-01  9.167e-01  9.167e-01  9.167e-01  9.167e-01  9.167e-01  9.167e-01  9.167e-01  9.167e-01  9.167e-01  9.167e-01  9.167e-01  9.167e-01  9.167e-01  9.167e-01  9.167e-01  9.167e-01  9.167e-01  9.167e-01  9.167e-01  9.167e-01  9.167e-01  9.167e-01  9.167e-01  9.167e-01  9.167e-01  9.167e-01  9.167e-01  9.167e-01  9.167e-01  9.167e-01  9.167e-01  9.167e-01  9.167e-01  9.167e-01  9.167e-01  9.167e-01  9.167e-01  9.167e-01  9.167e-01  9.167e-01  9.167e-01  9.167e-01  9.167e-01  9.167e-01  9.167e-01  9.167e-01  9.167e-01  9.167e-01 	
 9.171e-01  9.171e-01  9.171e-01  9.171e-01  9.171e-01  9.171e-01  9.171e-01  9.171e-01  9.171e-01  9.171e-01  9.171e-01  9.171e-01  9.171e-01  9.171e-01  9.171e-01  9.171e-01  9.171e-01  9.171e-01  9.171e-01  9.171e-01  9.171e-01  9.171e-01  9.171e-01  9.171e-01  9.171e-01  9.171e-01  9.171e-01  9.171e-01  9.171e-01  9.171e-01  9.171e-01  9.171e-01  9.171e-01  9.171e-01  9.171e-01  9.171e-01  9.171e-01  9.171e-01  9.171e-01  9.171e-01  9.171e-01  9.171e-01  9.171e-01  9.171e-01  9.171e-01  9.171e-01  9.171e-01  9.171e-01  9.171e-01  9.171e-01 	
 9.199e-01  9.199e-01  9.199e-01  9.199e-01  9.199e-01  9.199e-01  9.199e-01  9.199e-01  9.199e-01  9.199e-01  9.199e-01  9.199e-01  9.199e-01  9.199e-01  9.199e-01  9.199e-01  9.199e-01  9.199e-01  9.199e-01  9.199e-01  9.199e-01  9.199e-01  9.199e-01  9.199e-01  9.199e-01  9.199e-01  9.199e-01  9.199e-01  9.199e-01  9.199e-01  9.199e-01  9.199e-01  9.199e-01  9.199e-01  9.199e-01  9.199e-01  9.199e-01  9.199e-01  9.199e-01  9.199e-01  9.199e-01  9.199e-01  9.199e-01  9.199e-01  9.199e-01  9.199e-01  9.199e-01  9.199e-01  9.199e-01  9.199e-01 	
 9.202e-01  9.202e-01  9.202e-01  9.202e-01  9.202e-01  9.202e-01  9.202e-01  9.202e-01  9.202e-01  9.202e-01  9.202e-01  9.202e-01  9.202e-01  9.202e-01  9.202e-01  9.202e-01  9.202e-01  9.202e-01  9.202e-01  9.202e-01  9.202e-01  9.202e-01  9.202e-01  9.202e-01  9.202e-01  9.202e-01  9.202e-01  9.202e-01  9.202e-01  9.202e-01  9.202e-01  9.202e-01  9.202e-01  9.202e-01  9.202e-01  9.202e-01  9.202e-01  9.202e-01  9.202e-01  9.202e-01  9.202e-01  9.202e-01  9.202e-01  9.202e-01  9.202e-01  9.202e-01  9.202e-01  9.202e-01  9.202e-01  9.202e-01 	
 9.220e-01  9.220e-01  9.220e-01  9.220e-01  9.220e-01  9.220e-01  9.220e-01  9.220e-01  9.220e-01  9.220e-01  9.220e-01  9.220e-01  9.220e-01  9.220e-01  9.220e-01  9.220e-01  9.220e-01  9.220e-01  9.220e-01  9.220e-01  9.220e-01  9.220e-01  9.220e-01  9.220e-01  9.220e-01  9.220e-01  9.220e-01  9.220e-01  9.220e-01  9.220e-01  9.220e-01  9.220e-01  9.220e-01  9.220e-01  9.220e-01  9.220e-01  9.220e-01  9.220e-01  9.220e-01  9.220e-01  9.220e-01  9.220e-01  9.220e-01  9.220e-01  9.220e-01  9.220e-01  9.220e-01  9.220e-01  9.220e-01  9.220e-01 	
 9.228e-01  9.228e-01  9.228e-01  9.228e-01  9.228e-01  9.228e-01  9.228e-01  9.228e-01  9.228e-01  9.228e-01  9.228e-01  9.228e-01  9.228e-01  9.228e-01  9.228e-01  9.228e-01  9.228e-01  9.228e-01  9.228e-01  9.228e-01  9.228e-01  9.228e-01  9.228e-01  9.228e-01  9.228e-01  9.228e-01  9.228e-01  9.228e-01  9.228e-01  9.228e-01  9.228e-01  9.228e-01  9.228e-01  9.228e-01  9.228e-01  9.228e-01  9.228e-01  9.228e-01  9.228e-01  9.228e-01  9.228e-01  9.228e-01  9.228e-01  9.228e-01  9.228e-01  9.228e-01  9.228e-01  9.228e-01  9.228e-01  9.228e-01 	
 9.235e-01  9.235e-01  9.235e-01  9.235e-01  9.235e-01  9.235e-01  9.235e-01  9.235e-01  9.235e-01  9.235e-01  9.235e-01  9.235e-01  9.235e-01  9.235e-01  9.235e-01  9.235e-01  9.235e-01  9.235e-01  9.235e-01  9.235e-01  9.235e-01  9.235e-01  9.235e-01  9.235e-01  9.235e-01  9.235e-01  9.235e-01  9.235e-01  9.235e-01  9.235e-01  9.235e-01  9.235e-01  9.235e-01  9.235e-01  9.235e-01  9.235e-01  9.235e-01  9.235e-01  9.235e-01  9.235e-01  9.235e-01  9.235e-01  9.235e-01  9.235e-01  9.235e-01  9.235e-01  9.235e-01  9.235e-01  9.235e-01  9.235e-01 	
 9.244e-01  9.244e-01  9.244e-01  9.244e-01  9.244e-01  9.244e-01  9.244e-01  9.244e-01  9.244e-01  9.244e-01  9.244e-01  9.244e-01  9.244e-01  9.244e-01  9.244e-01  9.244e-01  9.244e-01  9.244e-01  9.244e-01  9.244e-01  9.244e-01  9.244e-01  9.244e-01  9.244e-01  9.244e-01  9.244e-01  9.244e-01  9.244e-01  9.244e-01  9.244e-01  9.244e-01  9.244e-01  9.244e-01  9.244e-01  9.244e-01  9.244e-01  9.244e-01  9.244e-01  9.244e-01  9.244e-01  9.244e-01  9.244e-01  9.244e-01  9.244e-01  9.244e-01  9.244e-01  9.244e-01  9.244e-01  9.244e-01  9.244e-01 	
 9.251e-01  9.251e-01  9.251e-01  9.251e-01  9.251e-01  9.251e-01  9.251e-01  9.251e-01  9.251e-01  9.251e-01  9.251e-01  9.251e-01  9.251e-01  9.251e-01  9.251e-01  9.251e-01  9.251e-01  9.251e-01  9.251e-01  9.251e-01  9.251e-01  9.251e-01  9.251e-01  9.251e-01  9.251e-01  9.251e-01  9.251e-01  9.251e-01  9.251e-01  9.251e-01  9.251e-01  9.251e-01  9.251e-01  9.251e-01  9.251e-01  9.251e-01  9.251e-01  9.251e-01  9.251e-01  9.251e-01  9.251e-01  9.251e-01  9.251e-01  9.251e-01  9.251e-01  9.251e-01  9.251e-01  9.251e-01  9.251e-01  9.251e-01 	
 9.258e-01  9.258e-01  9.258e-01  9.258e-01  9.258e-01  9.258e-01  9.258e-01  9.258e-01  9.258e-01  9.258e-01  9.258e-01  9.258e-01  9.258e-01  9.258e-01  9.258e-01  9.258e-01  9.258e-01  9.258e-01  9.258e-01  9.258e-01  9.258e-01  9.258e-01  9.258e-01  9.258e-01  9.258e-01  9.258e-01  9.258e-01  9.258e-01  9.258e-01  9.258e-01  9.258e-01  9.258e-01  9.258e-01  9.258e-01  9.258e-01  9.258e-01  9.258e-01  9.258e-01  9.258e-01  9.258e-01  9.258e-01  9.258e-01  9.258e-01  9.258e-01  9.258e-01  9.258e-01  9.258e-01  9.258e-01  9.258e-01  9.258e-01 	
 9.264e-01  9.264e-01  9.264e-01  9.264e-01  9.264e-01  9.264e-01  9.264e-01  9.264e-01  9.264e-01  9.264e-01  9.264e-01  9.264e-01  9.264e-01  9.264e-01  9.264e-01  9.264e-01  9.264e-01  9.264e-01  9.264e-01  9.264e-01  9.264e-01  9.264e-01  9.264e-01  9.264e-01  9.264e-01  9.264e-01  9.264e-01  9.264e-01  9.264e-01  9.264e-01  9.264e-01  9.264e-01  9.264e-01  9.264e-01  9.264e-01  9.264e-01  9.264e-01  9.264e-01  9.264e-01  9.264e-01  9.264e-01  9.264e-01  9.264e-01  9.264e-01  9.264e-01  9.264e-01  9.264e-01  9.264e-01  9.264e-01  9.264e-01 	
 9.269e-01  9.269e-01  9.269e-01  9.269e-01  9.269e-01  9.269e-01  9.269e-01  9.269e-01  9.269e-01  9.269e-01  9.269e-01  9.269e-01  9.269e-01  9.269e-01  9.269e-01  9.269e-01  9.269e-01  9.269e-01  9.269e-01  9.269e-01  9.269e-01  9.269e-01  9.269e-01  9.269e-01  9.269e-01  9.269e-01  9.269e-01  9.269e-01  9.269e-01  9.269e-01  9.269e-01  9.269e-01  9.269e-01  9.269e-01  9.269e-01  9.269e-01  9.269e-01  9.269e-01  9.269e-01  9.269e-01  9.269e-01  9.269e-01  9.269e-01  9.269e-01  9.269e-01  9.269e-01  9.269e-01  9.269e-01  9.269e-01  9.269e-01 	
 9.273e-01  9.273e-01  9.273e-01  9.273e-01  9.273e-01  9.273e-01  9.273e-01  9.273e-01  9.273e-01  9.273e-01  9.273e-01  9.273e-01  9.273e-01  9.273e-01  9.273e-01  9.273e-01  9.273e-01  9.273e-01  9.273e-01  9.273e-01  9.273e-01  9.273e-01  9.273e-01  9.273e-01  9.273e-01  9.273e-01  9.273e-01  9.273e-01  9.273e-01  9.273e-01  9.273e-01  9.273e-01  9.273e-01  9.273e-01  9.273e-01  9.273e-01  9.273e-01  9.273e-01  9.273e-01  9.273e-01  9.273e-01  9.273e-01  9.273e-01  9.273e-01  9.273e-01  9.273e-01  9.273e-01  9.273e-01  9.273e-01  9.273e-01 	
 9.277e-01  9.277e-01  9.277e-01  9.277e-01  9.277e-01  9.277e-01  9.277e-01  9.277e-01  9.277e-01  9.277e-01  9.277e-01  9.277e-01  9.277e-01  9.277e-01  9.277e-01  9.277e-01  9.277e-01  9.277e-01  9.277e-01  9.277e-01  9.277e-01  9.277e-01  9.277e-01  9.277e-01  9.277e-01  9.277e-01  9.277e-01  9.277e-01  9.277e-01  9.277e-01  9.277e-01  9.277e-01  9.277e-01  9.277e-01  9.277e-01  9.277e-01  9.277e-01  9.277e-01  9.277e-01  9.277e-01  9.277e-01  9.277e-01  9.277e-01  9.277e-01  9.277e-01  9.277e-01  9.277e-01  9.277e-01  9.277e-01  9.277e-01 	
 9.281e-01  9.281e-01  9.281e-01  9.281e-01  9.281e-01  9.281e-01  9.281e-01  9.281e-01  9.281e-01  9.281e-01  9.281e-01  9.281e-01  9.281e-01  9.281e-01  9.281e-01  9.281e-01  9.281e-01  9.281e-01  9.281e-01  9.281e-01  9.281e-01  9.281e-01  9.281e-01  9.281e-01  9.281e-01  9.281e-01  9.281e-01  9.281e-01  9.281e-01  9.281e-01  9.281e-01  9.281e-01  9.281e-01  9.281e-01  9.281e-01  9.281e-01  9.281e-01  9.281e-01  9.281e-01  9.281e-01  9.281e-01  9.281e-01  9.281e-01  9.281e-01  9.281e-01  9.281e-01  9.281e-01  9.281e-01  9.281e-01  9.281e-01 	
 9.284e-01  9.284e-01  9.284e-01  9.284e-01  9.284e-01  9.284e-01  9.284e-01  9.284e-01  9.284e-01  9.284e-01  9.284e-01  9.284e-01  9.284e-01  9.284e-01  9.284e-01  9.284e-01  9.284e-01  9.284e-01  9.284e-01  9.284e-01  9.284e-01  9.284e-01  9.284e-01  9.284e-01  9.284e-01  9.284e-01  9.284e-01  9.284e-01  9.284e-01  9.284e-01  9.284e-01  9.284e-01  9.284e-01  9.284e-01  9.284e-01  9.284e-01  9.284e-01  9.284e-01  9.284e-01  9.284e-01  9.284e-01  9.284e-01  9.284e-01  9.284e-01  9.284e-01  9.284e-01  9.284e-01  9.284e-01  9.284e-01  9.284e-01 	
 9.287e-01  9.287e-01  9.287e-01  9.287e-01  9.287e-01  9.287e-01  9.287e-01  9.287e-01  9.287e-01  9.287e-01  9.287e-01  9.287e-01  9.287e-01  9.287e-01  9.287e-01  9.287e-01  9.287e-01  9.287e-01  9.287e-01  9.287e-01  9.287e-01  9.287e-01  9.287e-01  9.287e-01  9.287e-01  9.287e-01  9.287e-01  9.287e-01  9.287e-01  9.287e-01  9.287e-01  9.287e-01  9.287e-01  9.287e-01  9.287e-01  9.287e-01  9.287e-01  9.287e-01  9.287e-01  9.287e-01  9.287e-01  9.287e-01  9.287e-01  9.287e-01  9.287e-01  9.287e-01  9.287e-01  9.287e-01  9.287e-01  9.287e-01 	
 9.290e-01  9.290e-01  9.290e-01  9.290e-01  9.290e-01  9.290e-01  9.290e-01  9.290e-01  9.290e-01  9.290e-01  9.290e-01  9.290e-01  9.290e-01  9.290e-01  9.290e-01  9.290e-01  9.290e-01  9.290e-01  9.290e-01  9.290e-01  9.290e-01  9.290e-01  9.290e-01  9.290e-01  9.290e-01  9.290e-01  9.290e-01  9.290e-01  9.290e-01  9.290e-01  9.290e-01  9.290e-01  9.290e-01  9.290e-01  9.290e-01  9.290e-01  9.290e-01  9.290e-01  9.290e-01  9.290e-01  9.290e-01  9.290e-01  9.290e-01  9.290e-01  9.290e-01  9.290e-01  9.290e-01  9.290e-01  9.290e-01  9.290e-01 	
 9.292e-01  9.292e-01  9.292e-01  9.292e-01  9.292e-01  9.292e-01  9.292e-01  9.292e-01  9.292e-01  9.292e-01  9.292e-01  9.292e-01  9.292e-01  9.292e-01  9.292e-01  9.292e-01  9.292e-01  9.292e-01  9.292e-01  9.292e-01  9.292e-01  9.292e-01  9.292e-01  9.292e-01  9.292e-01  9.292e-01  9.292e-01  9.292e-01  9.292e-01  9.292e-01  9.292e-01  9.292e-01  9.292e-01  9.292e-01  9.292e-01  9.292e-01  9.292e-01  9.292e-01  9.292e-01  9.292e-01  9.292e-01  9.292e-01  9.292e-01  9.292e-01  9.292e-01  9.292e-01  9.292e-01  9.292e-01  9.292e-01  9.292e-01 	
 9.295e-01  9.295e-01  9.295e-01  9.295e-01  9.295e-01  9.295e-01  9.295e-01  9.295e-01  9.295e-01  9.295e-01  9.295e-01  9.295e-01  9.295e-01  9.295e-01  9.295e-01  9.295e-01  9.295e-01  9.295e-01  9.295e-01  9.295e-01  9.295e-01  9.295e-01  9.295e-01  9.295e-01  9.295e-01  9.295e-01  9.295e-01  9.295e-01  9.295e-01  9.295e-01  9.295e-01  9.295e-01  9.295e-01  9.295e-01  9.295e-01  9.295e-01  9.295e-01  9.295e-01  9.295e-01  9.295e-01  9.295e-01  9.295e-01  9.295e-01  9.295e-01  9.295e-01  9.295e-01  9.295e-01  9.295e-01  9.295e-01  9.295e-01 	
 9.297e-01  9.297e-01  9.297e-01  9.297e-01  9.297e-01  9.297e-01  9.297e-01  9.297e-01  9.297e-01  9.297e-01  9.297e-01  9.297e-01  9.297e-01  9.297e-01  9.297e-01  9.297e-01  9.297e-01  9.297e-01  9.297e-01  9.297e-01  9.297e-01  9.297e-01  9.297e-01  9.297e-01  9.297e-01  9.297e-01  9.297e-01  9.297e-01  9.297e-01  9.297e-01  9.297e-01  9.297e-01  9.297e-01  9.297e-01  9.297e-01  9.297e-01  9.297e-01  9.297e-01  9.297e-01  9.297e-01  9.297e-01  9.297e-01  9.297e-01  9.297e-01  9.297e-01  9.297e-01  9.297e-01  9.297e-01  9.297e-01  9.297e-01 	
 9.299e-01  9.299e-01  9.299e-01  9.299e-01  9.299e-01  9.299e-01  9.299e-01  9.299e-01  9.299e-01  9.299e-01  9.299e-01  9.299e-01  9.299e-01  9.299e-01  9.299e-01  9.299e-01  9.299e-01  9.299e-01  9.299e-01  9.299e-01  9.299e-01  9.299e-01  9.299e-01  9.299e-01  9.299e-01  9.299e-01  9.299e-01  9.299e-01  9.299e-01  9.299e-01  9.299e-01  9.299e-01  9.299e-01  9.299e-01  9.299e-01  9.299e-01  9.299e-01  9.299e-01  9.299e-01  9.299e-01  9.299e-01  9.299e-01  9.299e-01  9.299e-01  9.299e-01  9.299e-01  9.299e-01  9.299e-01  9.299e-01  9.299e-01 	
 9.301e-01  9.301e-01  9.301e-01  9.301e-01  9.301e-01  9.301e-01  9.301e-01  9.301e-01  9.301e-01  9.301e-01  9.301e-01  9.301e-01  9.301e-01  9.301e-01  9.301e-01  9.301e-01  9.301e-01  9.301e-01  9.301e-01  9.301e-01  9.301e-01  9.301e-01  9.301e-01  9.301e-01  9.301e-01  9.301e-01  9.301e-01  9.301e-01  9.301e-01  9.301e-01  9.301e-01  9.301e-01  9.301e-01  9.301e-01  9.301e-01  9.301e-01  9.301e-01  9.301e-01  9.301e-01  9.301e-01  9.301e-01  9.301e-01  9.301e-01  9.301e-01  9.301e-01  9.301e-01  9.301e-01  9.301e-01  9.301e-01  9.301e-01 	
 9.303e-01  9.303e-01  9.303e-01  9.303e-01  9.303e-01  9.303e-01  9.303e-01  9.303e-01  9.303e-01  9.303e-01  9.303e-01  9.303e-01  9.303e-01  9.303e-01  9.303e-01  9.303e-01  9.303e-01  9.303e-01  9.303e-01  9.303e-01  9.303e-01  9.303e-01  9.303e-01  9.303e-01  9.303e-01  9.303e-01  9.303e-01  9.303e-01  9.303e-01  9.303e-01  9.303e-01  9.303e-01  9.303e-01  9.303e-01  9.303e-01  9.303e-01  9.303e-01  9.303e-01  9.303e-01  9.303e-01  9.303e-01  9.303e-01  9.303e-01  9.303e-01  9.303e-01  9.303e-01  9.303e-01  9.303e-01  9.303e-01  9.303e-01 	
 9.305e-01  9.305e-01  9.305e-01  9.305e-01  9.305e-01  9.305e-01  9.305e-01  9.305e-01  9.305e-01  9.305e-01  9.305e-01  9.305e-01  9.305e-01  9.305e-01  9.305e-01  9.305e-01  9.305e-01  9.305e-01  9.305e-01  9.305e-01  9.305e-01  9.305e-01  9.305e-01  9.305e-01  9.305e-01  9.305e-01  9.305e-01  9.305e-01  9.305e-01  9.305e-01  9.305e-01  9.305e-01  9.305e-01  9.305e-01  9.305e-01  9.305e-01  9.305e-01  9.305e-01  9.305e-01  9.305e-01  9.305e-01  9.305e-01  9.305e-01  9.305e-01  9.305e-01  9.305e-01  9.305e-01  9.305e-01  9.305e-01  9.305e-01 	
 9.307e-01  9.307e-01  9.307e-01  9.307e-01  9.307e-01  9.307e-01  9.307e-01  9.307e-01  9.307e-01  9.307e-01  9.307e-01  9.307e-01  9.307e-01  9.307e-01  9.307e-01  9.307e-01  9.307e-01  9.307e-01  9.307e-01  9.307e-01  9.307e-01  9.307e-01  9.307e-01  9.307e-01  9.307e-01  9.307e-01  9.307e-01  9.307e-01  9.307e-01  9.307e-01  9.307e-01  9.307e-01  9.307e-01  9.307e-01  9.307e-01  9.307e-01  9.307e-01  9.307e-01  9.307e-01  9.307e-01  9.307e-01  9.307e-01  9.307e-01  9.307e-01  9.307e-01  9.307e-01  9.307e-01  9.307e-01  9.307e-01  9.307e-01 	
 9.309e-01  9.309e-01  9.309e-01  9.309e-01  9.309e-01  9.309e-01  9.309e-01  9.309e-01  9.309e-01  9.309e-01  9.309e-01  9.309e-01  9.309e-01  9.309e-01  9.309e-01  9.309e-01  9.309e-01  9.309e-01  9.309e-01  9.309e-01  9.309e-01  9.309e-01  9.309e-01  9.309e-01  9.309e-01  9.309e-01  9.309e-01  9.309e-01  9.309e-01  9.309e-01  9.309e-01  9.309e-01  9.309e-01  9.309e-01  9.309e-01  9.309e-01  9.309e-01  9.309e-01  9.309e-01  9.309e-01  9.309e-01  9.309e-01  9.309e-01  9.309e-01  9.309e-01  9.309e-01  9.309e-01  9.309e-01  9.309e-01  9.309e-01 	
 9.312e-01  9.312e-01  9.312e-01  9.312e-01  9.312e-01  9.312e-01  9.312e-01  9.312e-01  9.312e-01  9.312e-01  9.312e-01  9.312e-01  9.312e-01  9.312e-01  9.312e-01  9.312e-01  9.312e-01  9.312e-01  9.312e-01  9.312e-01  9.312e-01  9.312e-01  9.312e-01  9.312e-01  9.312e-01  9.312e-01  9.312e-01  9.312e-01  9.312e-01  9.312e-01  9.312e-01  9.312e-01  9.312e-01  9.312e-01  9.312e-01  9.312e-01  9.312e-01  9.312e-01  9.312e-01  9.312e-01  9.312e-01  9.312e-01  9.312e-01  9.312e-01  9.312e-01  9.312e-01  9.312e-01  9.312e-01  9.312e-01  9.312e-01 	
 9.314e-01  9.314e-01  9.314e-01  9.314e-01  9.314e-01  9.314e-01  9.314e-01  9.314e-01  9.314e-01  9.314e-01  9.314e-01  9.314e-01  9.314e-01  9.314e-01  9.314e-01  9.314e-01  9.314e-01  9.314e-01  9.314e-01  9.314e-01  9.314e-01  9.314e-01  9.314e-01  9.314e-01  9.314e-01  9.314e-01  9.314e-01  9.314e-01  9.314e-01  9.314e-01  9.314e-01  9.314e-01  9.314e-01  9.314e-01  9.314e-01  9.314e-01  9.314e-01  9.314e-01  9.314e-01  9.314e-01  9.314e-01  9.314e-01  9.314e-01  9.314e-01  9.314e-01  9.314e-01  9.314e-01  9.314e-01  9.314e-01  9.314e-01 	
 9.316e-01  9.316e-01  9.316e-01  9.316e-01  9.316e-01  9.316e-01  9.316e-01  9.316e-01  9.316e-01  9.316e-01  9.316e-01  9.316e-01  9.316e-01  9.316e-01  9.316e-01  9.316e-01  9.316e-01  9.316e-01  9.316e-01  9.316e-01  9.316e-01  9.316e-01  9.316e-01  9.316e-01  9.316e-01  9.316e-01  9.316e-01  9.316e-01  9.316e-01  9.316e-01  9.316e-01  9.316e-01  9.316e-01  9.316e-01  9.316e-01  9.316e-01  9.316e-01  9.316e-01  9.316e-01  9.316e-01  9.316e-01  9.316e-01  9.316e-01  9.316e-01  9.316e-01  9.316e-01  9.316e-01  9.316e-01  9.316e-01  9.316e-01 	
 9.318e-01  9.318e-01  9.318e-01  9.318e-01  9.318e-01  9.318e-01  9.318e-01  9.318e-01  9.318e-01  9.318e-01  9.318e-01  9.318e-01  9.318e-01  9.318e-01  9.318e-01  9.318e-01  9.318e-01  9.318e-01  9.318e-01  9.318e-01  9.318e-01  9.318e-01  9.318e-01  9.318e-01  9.318e-01  9.318e-01  9.318e-01  9.318e-01  9.318e-01  9.318e-01  9.318e-01  9.318e-01  9.318e-01  9.318e-01  9.318e-01  9.318e-01  9.318e-01  9.318e-01  9.318e-01  9.318e-01  9.318e-01  9.318e-01  9.318e-01  9.318e-01  9.318e-01  9.318e-01  9.318e-01  9.318e-01  9.318e-01  9.318e-01 	
 9.320e-01  9.320e-01  9.320e-01  9.320e-01  9.320e-01  9.320e-01  9.320e-01  9.320e-01  9.320e-01  9.320e-01  9.320e-01  9.320e-01  9.320e-01  9.320e-01  9.320e-01  9.320e-01  9.320e-01  9.320e-01  9.320e-01  9.320e-01  9.320e-01  9.320e-01  9.320e-01  9.320e-01  9.320e-01  9.320e-01  9.320e-01  9.320e-01  9.320e-01  9.320e-01  9.320e-01  9.320e-01  9.320e-01  9.320e-01  9.320e-01  9.320e-01  9.320e-01  9.320e-01  9.320e-01  9.320e-01  9.320e-01  9.320e-01  9.320e-01  9.320e-01  9.320e-01  9.320e-01  9.320e-01  9.320e-01  9.320e-01  9.320e-01 	
 9.323e-01  9.323e-01  9.323e-01  9.323e-01  9.323e-01  9.323e-01  9.323e-01  9.323e-01  9.323e-01  9.323e-01  9.323e-01  9.323e-01  9.323e-01  9.323e-01  9.323e-01  9.323e-01  9.323e-01  9.323e-01  9.323e-01  9.323e-01  9.323e-01  9.323e-01  9.323e-01  9.323e-01  9.323e-01  9.323e-01  9.323e-01  9.323e-01  9.323e-01  9.323e-01  9.323e-01  9.323e-01  9.323e-01  9.323e-01  9.323e-01  9.323e-01  9.323e-01  9.323e-01  9.323e-01  9.323e-01  9.323e-01  9.323e-01  9.323e-01  9.323e-01  9.323e-01  9.323e-01  9.323e-01  9.323e-01  9.323e-01  9.323e-01 	
 9.326e-01  9.326e-01  9.326e-01  9.326e-01  9.326e-01  9.326e-01  9.326e-01  9.326e-01  9.326e-01  9.326e-01  9.326e-01  9.326e-01  9.326e-01  9.326e-01  9.326e-01  9.326e-01  9.326e-01  9.326e-01  9.326e-01  9.326e-01  9.326e-01  9.326e-01  9.326e-01  9.326e-01  9.326e-01  9.326e-01  9.326e-01  9.326e-01  9.326e-01  9.326e-01  9.326e-01  9.326e-01  9.326e-01  9.326e-01  9.326e-01  9.326e-01  9.326e-01  9.326e-01  9.326e-01  9.326e-01  9.326e-01  9.326e-01  9.326e-01  9.326e-01  9.326e-01  9.326e-01  9.326e-01  9.326e-01  9.326e-01  9.326e-01 	
 9.328e-01  9.328e-01  9.328e-01  9.328e-01  9.328e-01  9.328e-01  9.328e-01  9.328e-01  9.328e-01  9.328e-01  9.328e-01  9.328e-01  9.328e-01  9.328e-01  9.328e-01  9.328e-01  9.328e-01  9.328e-01  9.328e-01  9.328e-01  9.328e-01  9.328e-01  9.328e-01  9.328e-01  9.328e-01  9.328e-01  9.328e-01  9.328e-01  9.328e-01  9.328e-01  9.328e-01  9.328e-01  9.328e-01  9.328e-01  9.328e-01  9.328e-01  9.328e-01  9.328e-01  9.328e-01  9.328e-01  9.328e-01  9.328e-01  9.328e-01  9.328e-01  9.328e-01  9.328e-01  9.328e-01  9.328e-01  9.328e-01  9.328e-01 	
 9.331e-01  9.331e-01  9.331e-01  9.331e-01  9.331e-01  9.331e-01  9.331e-01  9.331e-01  9.331e-01  9.331e-01  9.331e-01  9.331e-01  9.331e-01  9.331e-01  9.331e-01  9.331e-01  9.331e-01  9.331e-01  9.331e-01  9.331e-01  9.331e-01  9.331e-01  9.331e-01  9.331e-01  9.331e-01  9.331e-01  9.331e-01  9.331e-01  9.331e-01  9.331e-01  9.331e-01  9.331e-01  9.331e-01  9.331e-01  9.331e-01  9.331e-01  9.331e-01  9.331e-01  9.331e-01  9.331e-01  9.331e-01  9.331e-01  9.331e-01  9.331e-01  9.331e-01  9.331e-01  9.331e-01  9.331e-01  9.331e-01  9.331e-01 	
 9.334e-01  9.334e-01  9.334e-01  9.334e-01  9.334e-01  9.334e-01  9.334e-01  9.334e-01  9.334e-01  9.334e-01  9.334e-01  9.334e-01  9.334e-01  9.334e-01  9.334e-01  9.334e-01  9.334e-01  9.334e-01  9.334e-01  9.334e-01  9.334e-01  9.334e-01  9.334e-01  9.334e-01  9.334e-01  9.334e-01  9.334e-01  9.334e-01  9.334e-01  9.334e-01  9.334e-01  9.334e-01  9.334e-01  9.334e-01  9.334e-01  9.334e-01  9.334e-01  9.334e-01  9.334e-01  9.334e-01  9.334e-01  9.334e-01  9.334e-01  9.334e-01  9.334e-01  9.334e-01  9.334e-01  9.334e-01  9.334e-01  9.334e-01 	
 9.337e-01  9.337e-01  9.337e-01  9.337e-01  9.337e-01  9.337e-01  9.337e-01  9.337e-01  9.337e-01  9.337e-01  9.337e-01  9.337e-01  9.337e-01  9.337e-01  9.337e-01  9.337e-01  9.337e-01  9.337e-01  9.337e-01  9.337e-01  9.337e-01  9.337e-01  9.337e-01  9.337e-01  9.337e-01  9.337e-01  9.337e-01  9.337e-01  9.337e-01  9.337e-01  9.337e-01  9.337e-01  9.337e-01  9.337e-01  9.337e-01  9.337e-01  9.337e-01  9.337e-01  9.337e-01  9.337e-01  9.337e-01  9.337e-01  9.337e-01  9.337e-01  9.337e-01  9.337e-01  9.337e-01  9.337e-01  9.337e-01  9.337e-01 	
 9.341e-01  9.341e-01  9.341e-01  9.341e-01  9.341e-01  9.341e-01  9.341e-01  9.341e-01  9.341e-01  9.341e-01  9.341e-01  9.341e-01  9.341e-01  9.341e-01  9.341e-01  9.341e-01  9.341e-01  9.341e-01  9.341e-01  9.341e-01  9.341e-01  9.341e-01  9.341e-01  9.341e-01  9.341e-01  9.341e-01  9.341e-01  9.341e-01  9.341e-01  9.341e-01  9.341e-01  9.341e-01  9.341e-01  9.341e-01  9.341e-01  9.341e-01  9.341e-01  9.341e-01  9.341e-01  9.341e-01  9.341e-01  9.341e-01  9.341e-01  9.341e-01  9.341e-01  9.341e-01  9.341e-01  9.341e-01  9.341e-01  9.341e-01 	
 9.344e-01  9.344e-01  9.344e-01  9.344e-01  9.344e-01  9.344e-01  9.344e-01  9.344e-01  9.344e-01  9.344e-01  9.344e-01  9.344e-01  9.344e-01  9.344e-01  9.344e-01  9.344e-01  9.344e-01  9.344e-01  9.344e-01  9.344e-01  9.344e-01  9.344e-01  9.344e-01  9.344e-01  9.344e-01  9.344e-01  9.344e-01  9.344e-01  9.344e-01  9.344e-01  9.344e-01  9.344e-01  9.344e-01  9.344e-01  9.344e-01  9.344e-01  9.344e-01  9.344e-01  9.344e-01  9.344e-01  9.344e-01  9.344e-01  9.344e-01  9.344e-01  9.344e-01  9.344e-01  9.344e-01  9.344e-01  9.344e-01  9.344e-01 	
 9.348e-01  9.348e-01  9.348e-01  9.348e-01  9.348e-01  9.348e-01  9.348e-01  9.348e-01  9.348e-01  9.348e-01  9.348e-01  9.348e-01  9.348e-01  9.348e-01  9.348e-01  9.348e-01  9.348e-01  9.348e-01  9.348e-01  9.348e-01  9.348e-01  9.348e-01  9.348e-01  9.348e-01  9.348e-01  9.348e-01  9.348e-01  9.348e-01  9.348e-01  9.348e-01  9.348e-01  9.348e-01  9.348e-01  9.348e-01  9.348e-01  9.348e-01  9.348e-01  9.348e-01  9.348e-01  9.348e-01  9.348e-01  9.348e-01  9.348e-01  9.348e-01  9.348e-01  9.348e-01  9.348e-01  9.348e-01  9.348e-01  9.348e-01 	
 9.352e-01  9.352e-01  9.352e-01  9.352e-01  9.352e-01  9.352e-01  9.352e-01  9.352e-01  9.352e-01  9.352e-01  9.352e-01  9.352e-01  9.352e-01  9.352e-01  9.352e-01  9.352e-01  9.352e-01  9.352e-01  9.352e-01  9.352e-01  9.352e-01  9.352e-01  9.352e-01  9.352e-01  9.352e-01  9.352e-01  9.352e-01  9.352e-01  9.352e-01  9.352e-01  9.352e-01  9.352e-01  9.352e-01  9.352e-01  9.352e-01  9.352e-01  9.352e-01  9.352e-01  9.352e-01  9.352e-01  9.352e-01  9.352e-01  9.352e-01  9.352e-01  9.352e-01  9.352e-01  9.352e-01  9.352e-01  9.352e-01  9.352e-01 	
