 9.900e-01  9.900e-01  9.900e-01  9.900e-01  9.900e-01  9.900e-01  9.900e-01  9.900e-01  9.900e-01  9.900e-01  9.900e-01  9.900e-01  9.900e-01  9.900e-01  9.900e-01  9.900e-01  9.900e-01  9.900e-01  9.900e-01  9.900e-01  9.900e-01  9.900e-01  9.900e-01  9.900e-01  9.900e-01  9.900e-01  9.900e-01  9.900e-01  9.900e-01  9.900e-01  9.900e-01  9.900e-01  9.900e-01  9.900e-01  9.900e-01  9.900e-01  9.900e-01  9.900e-01  9.900e-01  9.900e-01  9.900e-01  9.900e-01  9.900e-01  9.900e-01  9.900e-01  9.900e-01  9.900e-01  9.900e-01  9.900e-01  9.900e-01 	
 9.900e-01  9.900e-01  9.900e-01  9.900e-01  9.900e-01  9.900e-01  9.900e-01  9.900e-01  9.900e-01  9.900e-01  9.900e-01  9.900e-01  9.900e-01  9.900e-01  9.900e-01  9.900e-01  9.900e-01  9.900e-01  9.900e-01  9.900e-01  9.900e-01  9.900e-01  9.900e-01  9.900e-01  9.900e-01  9.900e-01  9.900e-01  9.900e-01  9.900e-01  9.900e-01  9.900e-01  9.900e-01  9.900e-01  9.900e-01  9.900e-01  9.900e-01  9.900e-01  9.900e-01  9.900e-01  9.900e-01  9.900e-01  9.900e-01  9.900e-01  9.900e-01  9.900e-01  9.900e-01  9.900e-01  9.900e-01  9.900e-01  9.900e-01 	
 9.900e-01  9.900e-01  9.900e-01  9.900e-01  9.900e-01  9.900e-01  9.900e-01  9.900e-01  9.900e-01  9.900e-01  9.900e-01  9.900e-01  9.900e-01  9.900e-01  9.900e-01  9.900e-01  9.900e-01  9.900e-01  9.900e-01  9.900e-01  9.900e-01  9.900e-01  9.900e-01  9.900e-01  9.900e-01  9.900e-01  9.900e-01  9.900e-01  9.900e-01  9.900e-01  9.900e-01  9.900e-01  9.900e-01  9.900e-01  9.900e-01  9.900e-01  9.900e-01  9.900e-01  9.900e-01  9.900e-01  9.900e-01  9.900e-01  9.900e-01  9.900e-01  9.900e-01  9.900e-01  9.900e-01  9.900e-01  9.900e-01  9.900e-01 	
 9.900e-01  9.900e-01  9.900e-01  9.900e-01  9.900e-01  9.900e-01  9.900e-01  9.900e-01  9.900e-01  9.900e-01  9.900e-01  9.900e-01  9.900e-01  9.900e-01  9.900e-01  9.900e-01  9.900e-01  9.900e-01  9.900e-01  9.900e-01  9.900e-01  9.900e-01  9.900e-01  9.900e-01  9.900e-01  9.900e-01  9.900e-01  9.900e-01  9.900e-01  9.900e-01  9.900e-01  9.900e-01  9.900e-01  9.900e-01  9.900e-01  9.900e-01  9.900e-01  9.900e-01  9.900e-01  9.900e-01  9.900e-01  9.900e-01  9.900e-01  9.900e-01  9.900e-01  9.900e-01  9.900e-01  9.900e-01  9.900e-01  9.900e-01 	
 9.900e-01  9.900e-01  9.900e-01  9.900e-01  9.900e-01  9.900e-01  9.900e-01  9.900e-01  9.900e-01  9.900e-01  9.900e-01  9.900e-01  9.900e-01  9.900e-01  9.900e-01  9.900e-01  9.900e-01  9.900e-01  9.900e-01  9.900e-01  9.900e-01  9.900e-01  9.900e-01  9.900e-01  9.900e-01  9.900e-01  9.900e-01  9.900e-01  9.900e-01  9.900e-01  9.900e-01  9.900e-01  9.900e-01  9.900e-01  9.900e-01  9.900e-01  9.900e-01  9.900e-01  9.900e-01  9.900e-01  9.900e-01  9.900e-01  9.900e-01  9.900e-01  9.900e-01  9.900e-01  9.900e-01  9.900e-01  9.900e-01  9.900e-01 	
 9.900e-01  9.900e-01  9.900e-01  9.900e-01  9.900e-01  9.900e-01  9.900e-01  9.900e-01  9.900e-01  9.900e-01  9.900e-01  9.900e-01  9.900e-01  9.900e-01  9.900e-01  9.900e-01  9.900e-01  9.900e-01  9.900e-01  9.900e-01  9.900e-01  9.900e-01  9.900e-01  9.900e-01  9.900e-01  9.900e-01  9.900e-01  9.900e-01  9.900e-01  9.900e-01  9.900e-01  9.900e-01  9.900e-01  9.900e-01  9.900e-01  9.900e-01  9.900e-01  9.900e-01  9.900e-01  9.900e-01  9.900e-01  9.900e-01  9.900e-01  9.900e-01  9.900e-01  9.900e-01  9.900e-01  9.900e-01  9.900e-01  9.900e-01 	
 9.900e-01  9.900e-01  9.900e-01  9.900e-01  9.900e-01  9.900e-01  9.900e-01  9.900e-01  9.900e-01  9.900e-01  9.900e-01  9.900e-01  9.900e-01  9.900e-01  9.900e-01  9.900e-01  9.900e-01  9.900e-01  9.900e-01  9.900e-01  9.900e-01  9.900e-01  9.900e-01  9.900e-01  9.900e-01  9.900e-01  9.900e-01  9.900e-01  9.900e-01  9.900e-01  9.900e-01  9.900e-01  9.900e-01  9.900e-01  9.900e-01  9.900e-01  9.900e-01  9.900e-01  9.900e-01  9.900e-01  9.900e-01  9.900e-01  9.900e-01  9.900e-01  9.900e-01  9.900e-01  9.900e-01  9.900e-01  9.900e-01  9.900e-01 	
 9.900e-01  9.900e-01  9.900e-01  9.900e-01  9.900e-01  9.900e-01  9.900e-01  9.900e-01  9.900e-01  9.900e-01  9.900e-01  9.900e-01  9.900e-01  9.900e-01  9.900e-01  9.900e-01  9.900e-01  9.900e-01  9.900e-01  9.900e-01  9.900e-01  9.900e-01  9.900e-01  9.900e-01  9.900e-01  9.900e-01  9.900e-01  9.900e-01  9.900e-01  9.900e-01  9.900e-01  9.900e-01  9.900e-01  9.900e-01  9.900e-01  9.900e-01  9.900e-01  9.900e-01  9.900e-01  9.900e-01  9.900e-01  9.900e-01  9.900e-01  9.900e-01  9.900e-01  9.900e-01  9.900e-01  9.900e-01  9.900e-01  9.900e-01 	
 9.900e-01  9.900e-01  9.900e-01  9.900e-01  9.900e-01  9.900e-01  9.900e-01  9.900e-01  9.900e-01  9.900e-01  9.900e-01  9.900e-01  9.900e-01  9.900e-01  9.900e-01  9.900e-01  9.900e-01  9.900e-01  9.900e-01  9.900e-01  9.900e-01  9.900e-01  9.900e-01  9.900e-01  9.900e-01  9.900e-01  9.900e-01  9.900e-01  9.900e-01  9.900e-01  9.900e-01  9.900e-01  9.900e-01  9.900e-01  9.900e-01  9.900e-01  9.900e-01  9.900e-01  9.900e-01  9.900e-01  9.900e-01  9.900e-01  9.900e-01  9.900e-01  9.900e-01  9.900e-01  9.900e-01  9.900e-01  9.900e-01  9.900e-01 	
 9.900e-01  9.900e-01  9.900e-01  9.900e-01  9.900e-01  9.900e-01  9.900e-01  9.900e-01  9.900e-01  9.900e-01  9.900e-01  9.900e-01  9.900e-01  9.900e-01  9.900e-01  9.900e-01  9.900e-01  9.900e-01  9.900e-01  9.900e-01  9.900e-01  9.900e-01  9.900e-01  9.900e-01  9.900e-01  9.900e-01  9.900e-01  9.900e-01  9.900e-01  9.900e-01  9.900e-01  9.900e-01  9.900e-01  9.900e-01  9.900e-01  9.900e-01  9.900e-01  9.900e-01  9.900e-01  9.900e-01  9.900e-01  9.900e-01  9.900e-01  9.900e-01  9.900e-01  9.900e-01  9.900e-01  9.900e-01  9.900e-01  9.900e-01 	
 9.900e-01  9.900e-01  9.900e-01  9.900e-01  9.900e-01  9.900e-01  9.900e-01  9.900e-01  9.900e-01  9.900e-01  9.900e-01  9.900e-01  9.900e-01  9.900e-01  9.900e-01  9.900e-01  9.900e-01  9.900e-01  9.900e-01  9.900e-01  9.900e-01  9.900e-01  9.900e-01  9.900e-01  9.900e-01  9.900e-01  9.900e-01  9.900e-01  9.900e-01  9.900e-01  9.900e-01  9.900e-01  9.900e-01  9.900e-01  9.900e-01  9.900e-01  9.900e-01  9.900e-01  9.900e-01  9.900e-01  9.900e-01  9.900e-01  9.900e-01  9.900e-01  9.900e-01  9.900e-01  9.900e-01  9.900e-01  9.900e-01  9.900e-01 	
 9.900e-01  9.900e-01  9.900e-01  9.900e-01  9.900e-01  9.900e-01  9.900e-01  9.900e-01  9.900e-01  9.900e-01  9.900e-01  9.900e-01  9.900e-01  9.900e-01  9.900e-01  9.900e-01  9.900e-01  9.900e-01  9.900e-01  9.900e-01  9.900e-01  9.900e-01  9.900e-01  9.900e-01  9.900e-01  9.900e-01  9.900e-01  9.900e-01  9.900e-01  9.900e-01  9.900e-01  9.900e-01  9.900e-01  9.900e-01  9.900e-01  9.900e-01  9.900e-01  9.900e-01  9.900e-01  9.900e-01  9.900e-01  9.900e-01  9.900e-01  9.900e-01  9.900e-01  9.900e-01  9.900e-01  9.900e-01  9.900e-01  9.900e-01 	
 9.900e-01  9.900e-01  9.900e-01  9.900e-01  9.900e-01  9.900e-01  9.900e-01  9.900e-01  9.900e-01  9.900e-01  9.900e-01  9.900e-01  9.900e-01  9.900e-01  9.900e-01  9.900e-01  9.900e-01  9.900e-01  9.900e-01  9.900e-01  9.900e-01  9.900e-01  9.900e-01  9.900e-01  9.900e-01  9.900e-01  9.900e-01  9.900e-01  9.900e-01  9.900e-01  9.900e-01  9.900e-01  9.900e-01  9.900e-01  9.900e-01  9.900e-01  9.900e-01  9.900e-01  9.900e-01  9.900e-01  9.900e-01  9.900e-01  9.900e-01  9.900e-01  9.900e-01  9.900e-01  9.900e-01  9.900e-01  9.900e-01  9.900e-01 	
 9.900e-01  9.900e-01  9.900e-01  9.900e-01  9.900e-01  9.900e-01  9.900e-01  9.900e-01  9.900e-01  9.900e-01  9.900e-01  9.900e-01  9.900e-01  9.900e-01  9.900e-01  9.900e-01  9.900e-01  9.900e-01  9.900e-01  9.900e-01  9.900e-01  9.900e-01  9.900e-01  9.900e-01  9.900e-01  9.900e-01  9.900e-01  9.900e-01  9.900e-01  9.900e-01  9.900e-01  9.900e-01  9.900e-01  9.900e-01  9.900e-01  9.900e-01  9.900e-01  9.900e-01  9.900e-01  9.900e-01  9.900e-01  9.900e-01  9.900e-01  9.900e-01  9.900e-01  9.900e-01  9.900e-01  9.900e-01  9.900e-01  9.900e-01 	
 9.900e-01  9.900e-01  9.900e-01  9.900e-01  9.900e-01  9.900e-01  9.900e-01  9.900e-01  9.900e-01  9.900e-01  9.900e-01  9.900e-01  9.900e-01  9.900e-01  9.900e-01  9.900e-01  9.900e-01  9.900e-01  9.900e-01  9.900e-01  9.900e-01  9.900e-01  9.900e-01  9.900e-01  9.900e-01  9.900e-01  9.900e-01  9.900e-01  9.900e-01  9.900e-01  9.900e-01  9.900e-01  9.900e-01  9.900e-01  9.900e-01  9.900e-01  9.900e-01  9.900e-01  9.900e-01  9.900e-01  9.900e-01  9.900e-01  9.900e-01  9.900e-01  9.900e-01  9.900e-01  9.900e-01  9.900e-01  9.900e-01  9.900e-01 	
 9.900e-01  9.900e-01  9.900e-01  9.900e-01  9.900e-01  9.900e-01  9.900e-01  9.900e-01  9.900e-01  9.900e-01  9.900e-01  9.900e-01  9.900e-01  9.900e-01  9.900e-01  9.900e-01  9.900e-01  9.900e-01  9.900e-01  9.900e-01  9.900e-01  9.900e-01  9.900e-01  9.900e-01  9.900e-01  9.900e-01  9.900e-01  9.900e-01  9.900e-01  9.900e-01  9.900e-01  9.900e-01  9.900e-01  9.900e-01  9.900e-01  9.900e-01  9.900e-01  9.900e-01  9.900e-01  9.900e-01  9.900e-01  9.900e-01  9.900e-01  9.900e-01  9.900e-01  9.900e-01  9.900e-01  9.900e-01  9.900e-01  9.900e-01 	
 9.900e-01  9.900e-01  9.900e-01  9.900e-01  9.900e-01  9.900e-01  9.900e-01  9.900e-01  9.900e-01  9.900e-01  9.900e-01  9.900e-01  9.900e-01  9.900e-01  9.900e-01  9.900e-01  9.900e-01  9.900e-01  9.900e-01  9.900e-01  9.900e-01  9.900e-01  9.900e-01  9.900e-01  9.900e-01  9.900e-01  9.900e-01  9.900e-01  9.900e-01  9.900e-01  9.900e-01  9.900e-01  9.900e-01  9.900e-01  9.900e-01  9.900e-01  9.900e-01  9.900e-01  9.900e-01  9.900e-01  9.900e-01  9.900e-01  9.900e-01  9.900e-01  9.900e-01  9.900e-01  9.900e-01  9.900e-01  9.900e-01  9.900e-01 	
 9.900e-01  9.900e-01  9.900e-01  9.900e-01  9.900e-01  9.900e-01  9.900e-01  9.900e-01  9.900e-01  9.900e-01  9.900e-01  9.900e-01  9.900e-01  9.900e-01  9.900e-01  9.900e-01  9.900e-01  9.900e-01  9.900e-01  9.900e-01  9.900e-01  9.900e-01  9.900e-01  9.900e-01  9.900e-01  9.900e-01  9.900e-01  9.900e-01  9.900e-01  9.900e-01  9.900e-01  9.900e-01  9.900e-01  9.900e-01  9.900e-01  9.900e-01  9.900e-01  9.900e-01  9.900e-01  9.900e-01  9.900e-01  9.900e-01  9.900e-01  9.900e-01  9.900e-01  9.900e-01  9.900e-01  9.900e-01  9.900e-01  9.900e-01 	
 9.900e-01  9.900e-01  9.900e-01  9.900e-01  9.900e-01  9.900e-01  9.900e-01  9.900e-01  9.900e-01  9.900e-01  9.900e-01  9.900e-01  9.900e-01  9.900e-01  9.900e-01  9.900e-01  9.900e-01  9.900e-01  9.900e-01  9.900e-01  9.900e-01  9.900e-01  9.900e-01  9.900e-01  9.900e-01  9.900e-01  9.900e-01  9.900e-01  9.900e-01  9.900e-01  9.900e-01  9.900e-01  9.900e-01  9.900e-01  9.900e-01  9.900e-01  9.900e-01  9.900e-01  9.900e-01  9.900e-01  9.900e-01  9.900e-01  9.900e-01  9.900e-01  9.900e-01  9.900e-01  9.900e-01  9.900e-01  9.900e-01  9.900e-01 	
 9.900e-01  9.900e-01  9.900e-01  9.900e-01  9.900e-01  9.900e-01  9.900e-01  9.900e-01  9.900e-01  9.900e-01  9.900e-01  9.900e-01  9.900e-01  9.900e-01  9.900e-01  9.900e-01  9.900e-01  9.900e-01  9.900e-01  9.900e-01  9.900e-01  9.900e-01  9.900e-01  9.900e-01  9.900e-01  9.900e-01  9.900e-01  9.900e-01  9.900e-01  9.900e-01  9.900e-01  9.900e-01  9.900e-01  9.900e-01  9.900e-01  9.900e-01  9.900e-01  9.900e-01  9.900e-01  9.900e-01  9.900e-01  9.900e-01  9.900e-01  9.900e-01  9.900e-01  9.900e-01  9.900e-01  9.900e-01  9.900e-01  9.900e-01 	
 9.900e-01  9.900e-01  9.900e-01  9.900e-01  9.900e-01  9.900e-01  9.900e-01  9.900e-01  9.900e-01  9.900e-01  9.900e-01  9.900e-01  9.900e-01  9.900e-01  9.900e-01  9.900e-01  9.900e-01  9.900e-01  9.900e-01  9.900e-01  9.900e-01  9.900e-01  9.900e-01  9.900e-01  9.900e-01  9.900e-01  9.900e-01  9.900e-01  9.900e-01  9.900e-01  9.900e-01  9.900e-01  9.900e-01  9.900e-01  9.900e-01  9.900e-01  9.900e-01  9.900e-01  9.900e-01  9.900e-01  9.900e-01  9.900e-01  9.900e-01  9.900e-01  9.900e-01  9.900e-01  9.900e-01  9.900e-01  9.900e-01  9.900e-01 	
 9.900e-01  9.900e-01  9.900e-01  9.900e-01  9.900e-01  9.900e-01  9.900e-01  9.900e-01  9.900e-01  9.900e-01  9.900e-01  9.900e-01  9.900e-01  9.900e-01  9.900e-01  9.900e-01  9.900e-01  9.900e-01  9.900e-01  9.900e-01  9.900e-01  9.900e-01  9.900e-01  9.900e-01  9.900e-01  9.900e-01  9.900e-01  9.900e-01  9.900e-01  9.900e-01  9.900e-01  9.900e-01  9.900e-01  9.900e-01  9.900e-01  9.900e-01  9.900e-01  9.900e-01  9.900e-01  9.900e-01  9.900e-01  9.900e-01  9.900e-01  9.900e-01  9.900e-01  9.900e-01  9.900e-01  9.900e-01  9.900e-01  9.900e-01 	
 9.900e-01  9.900e-01  9.900e-01  9.900e-01  9.900e-01  9.900e-01  9.900e-01  9.900e-01  9.900e-01  9.900e-01  9.900e-01  9.900e-01  9.900e-01  9.900e-01  9.900e-01  9.900e-01  9.900e-01  9.900e-01  9.900e-01  9.900e-01  9.900e-01  9.900e-01  9.900e-01  9.900e-01  9.900e-01  9.900e-01  9.900e-01  9.900e-01  9.900e-01  9.900e-01  9.900e-01  9.900e-01  9.900e-01  9.900e-01  9.900e-01  9.900e-01  9.900e-01  9.900e-01  9.900e-01  9.900e-01  9.900e-01  9.900e-01  9.900e-01  9.900e-01  9.900e-01  9.900e-01  9.900e-01  9.900e-01  9.900e-01  9.900e-01 	
 9.900e-01  9.900e-01  9.900e-01  9.900e-01  9.900e-01  9.900e-01  9.900e-01  9.900e-01  9.900e-01  9.900e-01  9.900e-01  9.900e-01  9.900e-01  9.900e-01  9.900e-01  9.900e-01  9.900e-01  9.900e-01  9.900e-01  9.900e-01  9.900e-01  9.900e-01  9.900e-01  9.900e-01  9.900e-01  9.900e-01  9.900e-01  9.900e-01  9.900e-01  9.900e-01  9.900e-01  9.900e-01  9.900e-01  9.900e-01  9.900e-01  9.900e-01  9.900e-01  9.900e-01  9.900e-01  9.900e-01  9.900e-01  9.900e-01  9.900e-01  9.900e-01  9.900e-01  9.900e-01  9.900e-01  9.900e-01  9.900e-01  9.900e-01 	
 9.900e-01  9.900e-01  9.900e-01  9.900e-01  9.900e-01  9.900e-01  9.900e-01  9.900e-01  9.900e-01  9.900e-01  9.900e-01  9.900e-01  9.900e-01  9.900e-01  9.900e-01  9.900e-01  9.900e-01  9.900e-01  9.900e-01  9.900e-01  9.900e-01  9.900e-01  9.900e-01  9.900e-01  9.900e-01  9.900e-01  9.900e-01  9.900e-01  9.900e-01  9.900e-01  9.900e-01  9.900e-01  9.900e-01  9.900e-01  9.900e-01  9.900e-01  9.900e-01  9.900e-01  9.900e-01  9.900e-01  9.900e-01  9.900e-01  9.900e-01  9.900e-01  9.900e-01  9.900e-01  9.900e-01  9.900e-01  9.900e-01  9.900e-01 	
 9.900e-01  9.900e-01  9.900e-01  9.900e-01  9.900e-01  9.900e-01  9.900e-01  9.900e-01  9.900e-01  9.900e-01  9.900e-01  9.900e-01  9.900e-01  9.900e-01  9.900e-01  9.900e-01  9.900e-01  9.900e-01  9.900e-01  9.900e-01  9.900e-01  9.900e-01  9.900e-01  9.900e-01  9.900e-01  9.900e-01  9.900e-01  9.900e-01  9.900e-01  9.900e-01  9.900e-01  9.900e-01  9.900e-01  9.900e-01  9.900e-01  9.900e-01  9.900e-01  9.900e-01  9.900e-01  9.900e-01  9.900e-01  9.900e-01  9.900e-01  9.900e-01  9.900e-01  9.900e-01  9.900e-01  9.900e-01  9.900e-01  9.900e-01 	
 9.900e-01  9.900e-01  9.900e-01  9.900e-01  9.900e-01  9.900e-01  9.900e-01  9.900e-01  9.900e-01  9.900e-01  9.900e-01  9.900e-01  9.900e-01  9.900e-01  9.900e-01  9.900e-01  9.900e-01  9.900e-01  9.900e-01  9.900e-01  9.900e-01  9.900e-01  9.900e-01  9.900e-01  9.900e-01  9.900e-01  9.900e-01  9.900e-01  9.900e-01  9.900e-01  9.900e-01  9.900e-01  9.900e-01  9.900e-01  9.900e-01  9.900e-01  9.900e-01  9.900e-01  9.900e-01  9.900e-01  9.900e-01  9.900e-01  9.900e-01  9.900e-01  9.900e-01  9.900e-01  9.900e-01  9.900e-01  9.900e-01  9.900e-01 	
 9.900e-01  9.900e-01  9.900e-01  9.900e-01  9.900e-01  9.900e-01  9.900e-01  9.900e-01  9.900e-01  9.900e-01  9.900e-01  9.900e-01  9.900e-01  9.900e-01  9.900e-01  9.900e-01  9.900e-01  9.900e-01  9.900e-01  9.900e-01  9.900e-01  9.900e-01  9.900e-01  9.900e-01  9.900e-01  9.900e-01  9.900e-01  9.900e-01  9.900e-01  9.900e-01  9.900e-01  9.900e-01  9.900e-01  9.900e-01  9.900e-01  9.900e-01  9.900e-01  9.900e-01  9.900e-01  9.900e-01  9.900e-01  9.900e-01  9.900e-01  9.900e-01  9.900e-01  9.900e-01  9.900e-01  9.900e-01  9.900e-01  9.900e-01 	
 9.900e-01  9.900e-01  9.900e-01  9.900e-01  9.900e-01  9.900e-01  9.900e-01  9.900e-01  9.900e-01  9.900e-01  9.900e-01  9.900e-01  9.900e-01  9.900e-01  9.900e-01  9.900e-01  9.900e-01  9.900e-01  9.900e-01  9.900e-01  9.900e-01  9.900e-01  9.900e-01  9.900e-01  9.900e-01  9.900e-01  9.900e-01  9.900e-01  9.900e-01  9.900e-01  9.900e-01  9.900e-01  9.900e-01  9.900e-01  9.900e-01  9.900e-01  9.900e-01  9.900e-01  9.900e-01  9.900e-01  9.900e-01  9.900e-01  9.900e-01  9.900e-01  9.900e-01  9.900e-01  9.900e-01  9.900e-01  9.900e-01  9.900e-01 	
 9.900e-01  9.900e-01  9.900e-01  9.900e-01  9.900e-01  9.900e-01  9.900e-01  9.900e-01  9.900e-01  9.900e-01  9.900e-01  9.900e-01  9.900e-01  9.900e-01  9.900e-01  9.900e-01  9.900e-01  9.900e-01  9.900e-01  9.900e-01  9.900e-01  9.900e-01  9.900e-01  9.900e-01  9.900e-01  9.900e-01  9.900e-01  9.900e-01  9.900e-01  9.900e-01  9.900e-01  9.900e-01  9.900e-01  9.900e-01  9.900e-01  9.900e-01  9.900e-01  9.900e-01  9.900e-01  9.900e-01  9.900e-01  9.900e-01  9.900e-01  9.900e-01  9.900e-01  9.900e-01  9.900e-01  9.900e-01  9.900e-01  9.900e-01 	
 9.900e-01  9.900e-01  9.900e-01  9.900e-01  9.900e-01  9.900e-01  9.900e-01  9.900e-01  9.900e-01  9.900e-01  9.900e-01  9.900e-01  9.900e-01  9.900e-01  9.900e-01  9.900e-01  9.900e-01  9.900e-01  9.900e-01  9.900e-01  9.900e-01  9.900e-01  9.900e-01  9.900e-01  9.900e-01  9.900e-01  9.900e-01  9.900e-01  9.900e-01  9.900e-01  9.900e-01  9.900e-01  9.900e-01  9.900e-01  9.900e-01  9.900e-01  9.900e-01  9.900e-01  9.900e-01  9.900e-01  9.900e-01  9.900e-01  9.900e-01  9.900e-01  9.900e-01  9.900e-01  9.900e-01  9.900e-01  9.900e-01  9.900e-01 	
 9.900e-01  9.900e-01  9.900e-01  9.900e-01  9.900e-01  9.900e-01  9.900e-01  9.900e-01  9.900e-01  9.900e-01  9.900e-01  9.900e-01  9.900e-01  9.900e-01  9.900e-01  9.900e-01  9.900e-01  9.900e-01  9.900e-01  9.900e-01  9.900e-01  9.900e-01  9.900e-01  9.900e-01  9.900e-01  9.900e-01  9.900e-01  9.900e-01  9.900e-01  9.900e-01  9.900e-01  9.900e-01  9.900e-01  9.900e-01  9.900e-01  9.900e-01  9.900e-01  9.900e-01  9.900e-01  9.900e-01  9.900e-01  9.900e-01  9.900e-01  9.900e-01  9.900e-01  9.900e-01  9.900e-01  9.900e-01  9.900e-01  9.900e-01 	
 9.900e-01  9.900e-01  9.900e-01  9.900e-01  9.900e-01  9.900e-01  9.900e-01  9.900e-01  9.900e-01  9.900e-01  9.900e-01  9.900e-01  9.900e-01  9.900e-01  9.900e-01  9.900e-01  9.900e-01  9.900e-01  9.900e-01  9.900e-01  9.900e-01  9.900e-01  9.900e-01  9.900e-01  9.900e-01  9.900e-01  9.900e-01  9.900e-01  9.900e-01  9.900e-01  9.900e-01  9.900e-01  9.900e-01  9.900e-01  9.900e-01  9.900e-01  9.900e-01  9.900e-01  9.900e-01  9.900e-01  9.900e-01  9.900e-01  9.900e-01  9.900e-01  9.900e-01  9.900e-01  9.900e-01  9.900e-01  9.900e-01  9.900e-01 	
 9.900e-01  9.900e-01  9.900e-01  9.900e-01  9.900e-01  9.900e-01  9.900e-01  9.900e-01  9.900e-01  9.900e-01  9.900e-01  9.900e-01  9.900e-01  9.900e-01  9.900e-01  9.900e-01  9.900e-01  9.900e-01  9.900e-01  9.900e-01  9.900e-01  9.900e-01  9.900e-01  9.900e-01  9.900e-01  9.900e-01  9.900e-01  9.900e-01  9.900e-01  9.900e-01  9.900e-01  9.900e-01  9.900e-01  9.900e-01  9.900e-01  9.900e-01  9.900e-01  9.900e-01  9.900e-01  9.900e-01  9.900e-01  9.900e-01  9.900e-01  9.900e-01  9.900e-01  9.900e-01  9.900e-01  9.900e-01  9.900e-01  9.900e-01 	
 9.900e-01  9.900e-01  9.900e-01  9.900e-01  9.900e-01  9.900e-01  9.900e-01  9.900e-01  9.900e-01  9.900e-01  9.900e-01  9.900e-01  9.900e-01  9.900e-01  9.900e-01  9.900e-01  9.900e-01  9.900e-01  9.900e-01  9.900e-01  9.900e-01  9.900e-01  9.900e-01  9.900e-01  9.900e-01  9.900e-01  9.900e-01  9.900e-01  9.900e-01  9.900e-01  9.900e-01  9.900e-01  9.900e-01  9.900e-01  9.900e-01  9.900e-01  9.900e-01  9.900e-01  9.900e-01  9.900e-01  9.900e-01  9.900e-01  9.900e-01  9.900e-01  9.900e-01  9.900e-01  9.900e-01  9.900e-01  9.900e-01  9.900e-01 	
 9.900e-01  9.900e-01  9.900e-01  9.900e-01  9.900e-01  9.900e-01  9.900e-01  9.900e-01  9.900e-01  9.900e-01  9.900e-01  9.900e-01  9.900e-01  9.900e-01  9.900e-01  9.900e-01  9.900e-01  9.900e-01  9.900e-01  9.900e-01  9.900e-01  9.900e-01  9.900e-01  9.900e-01  9.900e-01  9.900e-01  9.900e-01  9.900e-01  9.900e-01  9.900e-01  9.900e-01  9.900e-01  9.900e-01  9.900e-01  9.900e-01  9.900e-01  9.900e-01  9.900e-01  9.900e-01  9.900e-01  9.900e-01  9.900e-01  9.900e-01  9.900e-01  9.900e-01  9.900e-01  9.900e-01  9.900e-01  9.900e-01  9.900e-01 	
 9.900e-01  9.900e-01  9.900e-01  9.900e-01  9.900e-01  9.900e-01  9.900e-01  9.900e-01  9.900e-01  9.900e-01  9.900e-01  9.900e-01  9.900e-01  9.900e-01  9.900e-01  9.900e-01  9.900e-01  9.900e-01  9.900e-01  9.900e-01  9.900e-01  9.900e-01  9.900e-01  9.900e-01  9.900e-01  9.900e-01  9.900e-01  9.900e-01  9.900e-01  9.900e-01  9.900e-01  9.900e-01  9.900e-01  9.900e-01  9.900e-01  9.900e-01  9.900e-01  9.900e-01  9.900e-01  9.900e-01  9.900e-01  9.900e-01  9.900e-01  9.900e-01  9.900e-01  9.900e-01  9.900e-01  9.900e-01  9.900e-01  9.900e-01 	
 9.900e-01  9.900e-01  9.900e-01  9.900e-01  9.900e-01  9.900e-01  9.900e-01  9.900e-01  9.900e-01  9.900e-01  9.900e-01  9.900e-01  9.900e-01  9.900e-01  9.900e-01  9.900e-01  9.900e-01  9.900e-01  9.900e-01  9.900e-01  9.900e-01  9.900e-01  9.900e-01  9.900e-01  9.900e-01  9.900e-01  9.900e-01  9.900e-01  9.900e-01  9.900e-01  9.900e-01  9.900e-01  9.900e-01  9.900e-01  9.900e-01  9.900e-01  9.900e-01  9.900e-01  9.900e-01  9.900e-01  9.900e-01  9.900e-01  9.900e-01  9.900e-01  9.900e-01  9.900e-01  9.900e-01  9.900e-01  9.900e-01  9.900e-01 	
 9.900e-01  9.900e-01  9.900e-01  9.900e-01  9.900e-01  9.900e-01  9.900e-01  9.900e-01  9.900e-01  9.900e-01  9.900e-01  9.900e-01  9.900e-01  9.900e-01  9.900e-01  9.900e-01  9.900e-01  9.900e-01  9.900e-01  9.900e-01  9.900e-01  9.900e-01  9.900e-01  9.900e-01  9.900e-01  9.900e-01  9.900e-01  9.900e-01  9.900e-01  9.900e-01  9.900e-01  9.900e-01  9.900e-01  9.900e-01  9.900e-01  9.900e-01  9.900e-01  9.900e-01  9.900e-01  9.900e-01  9.900e-01  9.900e-01  9.900e-01  9.900e-01  9.900e-01  9.900e-01  9.900e-01  9.900e-01  9.900e-01  9.900e-01 	
 9.900e-01  9.900e-01  9.900e-01  9.900e-01  9.900e-01  9.900e-01  9.900e-01  9.900e-01  9.900e-01  9.900e-01  9.900e-01  9.900e-01  9.900e-01  9.900e-01  9.900e-01  9.900e-01  9.900e-01  9.900e-01  9.900e-01  9.900e-01  9.900e-01  9.900e-01  9.900e-01  9.900e-01  9.900e-01  9.900e-01  9.900e-01  9.900e-01  9.900e-01  9.900e-01  9.900e-01  9.900e-01  9.900e-01  9.900e-01  9.900e-01  9.900e-01  9.900e-01  9.900e-01  9.900e-01  9.900e-01  9.900e-01  9.900e-01  9.900e-01  9.900e-01  9.900e-01  9.900e-01  9.900e-01  9.900e-01  9.900e-01  9.900e-01 	
 9.900e-01  9.900e-01  9.900e-01  9.900e-01  9.900e-01  9.900e-01  9.900e-01  9.900e-01  9.900e-01  9.900e-01  9.900e-01  9.900e-01  9.900e-01  9.900e-01  9.900e-01  9.900e-01  9.900e-01  9.900e-01  9.900e-01  9.900e-01  9.900e-01  9.900e-01  9.900e-01  9.900e-01  9.900e-01  9.900e-01  9.900e-01  9.900e-01  9.900e-01  9.900e-01  9.900e-01  9.900e-01  9.900e-01  9.900e-01  9.900e-01  9.900e-01  9.900e-01  9.900e-01  9.900e-01  9.900e-01  9.900e-01  9.900e-01  9.900e-01  9.900e-01  9.900e-01  9.900e-01  9.900e-01  9.900e-01  9.900e-01  9.900e-01 	
 9.900e-01  9.900e-01  9.900e-01  9.900e-01  9.900e-01  9.900e-01  9.900e-01  9.900e-01  9.900e-01  9.900e-01  9.900e-01  9.900e-01  9.900e-01  9.900e-01  9.900e-01  9.900e-01  9.900e-01  9.900e-01  9.900e-01  9.900e-01  9.900e-01  9.900e-01  9.900e-01  9.900e-01  9.900e-01  9.900e-01  9.900e-01  9.900e-01  9.900e-01  9.900e-01  9.900e-01  9.900e-01  9.900e-01  9.900e-01  9.900e-01  9.900e-01  9.900e-01  9.900e-01  9.900e-01  9.900e-01  9.900e-01  9.900e-01  9.900e-01  9.900e-01  9.900e-01  9.900e-01  9.900e-01  9.900e-01  9.900e-01  9.900e-01 	
 9.900e-01  9.900e-01  9.900e-01  9.900e-01  9.900e-01  9.900e-01  9.900e-01  9.900e-01  9.900e-01  9.900e-01  9.900e-01  9.900e-01  9.900e-01  9.900e-01  9.900e-01  9.900e-01  9.900e-01  9.900e-01  9.900e-01  9.900e-01  9.900e-01  9.900e-01  9.900e-01  9.900e-01  9.900e-01  9.900e-01  9.900e-01  9.900e-01  9.900e-01  9.900e-01  9.900e-01  9.900e-01  9.900e-01  9.900e-01  9.900e-01  9.900e-01  9.900e-01  9.900e-01  9.900e-01  9.900e-01  9.900e-01  9.900e-01  9.900e-01  9.900e-01  9.900e-01  9.900e-01  9.900e-01  9.900e-01  9.900e-01  9.900e-01 	
 9.900e-01  9.900e-01  9.900e-01  9.900e-01  9.900e-01  9.900e-01  9.900e-01  9.900e-01  9.900e-01  9.900e-01  9.900e-01  9.900e-01  9.900e-01  9.900e-01  9.900e-01  9.900e-01  9.900e-01  9.900e-01  9.900e-01  9.900e-01  9.900e-01  9.900e-01  9.900e-01  9.900e-01  9.900e-01  9.900e-01  9.900e-01  9.900e-01  9.900e-01  9.900e-01  9.900e-01  9.900e-01  9.900e-01  9.900e-01  9.900e-01  9.900e-01  9.900e-01  9.900e-01  9.900e-01  9.900e-01  9.900e-01  9.900e-01  9.900e-01  9.900e-01  9.900e-01  9.900e-01  9.900e-01  9.900e-01  9.900e-01  9.900e-01 	
 9.900e-01  9.900e-01  9.900e-01  9.900e-01  9.900e-01  9.900e-01  9.900e-01  9.900e-01  9.900e-01  9.900e-01  9.900e-01  9.900e-01  9.900e-01  9.900e-01  9.900e-01  9.900e-01  9.900e-01  9.900e-01  9.900e-01  9.900e-01  9.900e-01  9.900e-01  9.900e-01  9.900e-01  9.900e-01  9.900e-01  9.900e-01  9.900e-01  9.900e-01  9.900e-01  9.900e-01  9.900e-01  9.900e-01  9.900e-01  9.900e-01  9.900e-01  9.900e-01  9.900e-01  9.900e-01  9.900e-01  9.900e-01  9.900e-01  9.900e-01  9.900e-01  9.900e-01  9.900e-01  9.900e-01  9.900e-01  9.900e-01  9.900e-01 	
 9.900e-01  9.900e-01  9.900e-01  9.900e-01  9.900e-01  9.900e-01  9.900e-01  9.900e-01  9.900e-01  9.900e-01  9.900e-01  9.900e-01  9.900e-01  9.900e-01  9.900e-01  9.900e-01  9.900e-01  9.900e-01  9.900e-01  9.900e-01  9.900e-01  9.900e-01  9.900e-01  9.900e-01  9.900e-01  9.900e-01  9.900e-01  9.900e-01  9.900e-01  9.900e-01  9.900e-01  9.900e-01  9.900e-01  9.900e-01  9.900e-01  9.900e-01  9.900e-01  9.900e-01  9.900e-01  9.900e-01  9.900e-01  9.900e-01  9.900e-01  9.900e-01  9.900e-01  9.900e-01  9.900e-01  9.900e-01  9.900e-01  9.900e-01 	
 9.900e-01  9.900e-01  9.900e-01  9.900e-01  9.900e-01  9.900e-01  9.900e-01  9.900e-01  9.900e-01  9.900e-01  9.900e-01  9.900e-01  9.900e-01  9.900e-01  9.900e-01  9.900e-01  9.900e-01  9.900e-01  9.900e-01  9.900e-01  9.900e-01  9.900e-01  9.900e-01  9.900e-01  9.900e-01  9.900e-01  9.900e-01  9.900e-01  9.900e-01  9.900e-01  9.900e-01  9.900e-01  9.900e-01  9.900e-01  9.900e-01  9.900e-01  9.900e-01  9.900e-01  9.900e-01  9.900e-01  9.900e-01  9.900e-01  9.900e-01  9.900e-01  9.900e-01  9.900e-01  9.900e-01  9.900e-01  9.900e-01  9.900e-01 	
 9.900e-01  9.900e-01  9.900e-01  9.900e-01  9.900e-01  9.900e-01  9.900e-01  9.900e-01  9.900e-01  9.900e-01  9.900e-01  9.900e-01  9.900e-01  9.900e-01  9.900e-01  9.900e-01  9.900e-01  9.900e-01  9.900e-01  9.900e-01  9.900e-01  9.900e-01  9.900e-01  9.900e-01  9.900e-01  9.900e-01  9.900e-01  9.900e-01  9.900e-01  9.900e-01  9.900e-01  9.900e-01  9.900e-01  9.900e-01  9.900e-01  9.900e-01  9.900e-01  9.900e-01  9.900e-01  9.900e-01  9.900e-01  9.900e-01  9.900e-01  9.900e-01  9.900e-01  9.900e-01  9.900e-01  9.900e-01  9.900e-01  9.900e-01 	
 9.900e-01  9.900e-01  9.900e-01  9.900e-01  9.900e-01  9.900e-01  9.900e-01  9.900e-01  9.900e-01  9.900e-01  9.900e-01  9.900e-01  9.900e-01  9.900e-01  9.900e-01  9.900e-01  9.900e-01  9.900e-01  9.900e-01  9.900e-01  9.900e-01  9.900e-01  9.900e-01  9.900e-01  9.900e-01  9.900e-01  9.900e-01  9.900e-01  9.900e-01  9.900e-01  9.900e-01  9.900e-01  9.900e-01  9.900e-01  9.900e-01  9.900e-01  9.900e-01  9.900e-01  9.900e-01  9.900e-01  9.900e-01  9.900e-01  9.900e-01  9.900e-01  9.900e-01  9.900e-01  9.900e-01  9.900e-01  9.900e-01  9.900e-01 	
 9.900e-01  9.900e-01  9.900e-01  9.900e-01  9.900e-01  9.900e-01  9.900e-01  9.900e-01  9.900e-01  9.900e-01  9.900e-01  9.900e-01  9.900e-01  9.900e-01  9.900e-01  9.900e-01  9.900e-01  9.900e-01  9.900e-01  9.900e-01  9.900e-01  9.900e-01  9.900e-01  9.900e-01  9.900e-01  9.900e-01  9.900e-01  9.900e-01  9.900e-01  9.900e-01  9.900e-01  9.900e-01  9.900e-01  9.900e-01  9.900e-01  9.900e-01  9.900e-01  9.900e-01  9.900e-01  9.900e-01  9.900e-01  9.900e-01  9.900e-01  9.900e-01  9.900e-01  9.900e-01  9.900e-01  9.900e-01  9.900e-01  9.900e-01 	
