 2.722e-04  4.227e-04  6.105e-04  8.318e-04  1.082e-03  1.354e-03  1.645e-03  1.949e-03  2.261e-03  2.578e-03  2.898e-03  3.216e-03  3.532e-03  3.844e-03  4.151e-03  4.452e-03  4.745e-03  5.032e-03  5.310e-03  5.581e-03  5.844e-03  6.099e-03  6.347e-03  6.586e-03  6.818e-03  7.043e-03  7.261e-03  7.472e-03  7.676e-03  7.873e-03  8.064e-03  8.250e-03  8.429e-03  8.603e-03  8.771e-03  8.935e-03  9.093e-03  9.246e-03  9.395e-03  9.540e-03  9.680e-03  9.816e-03  9.949e-03  1.008e-02  1.020e-02  1.032e-02  1.044e-02  1.056e-02  1.067e-02  1.078e-02 	
 3.228e-04  4.915e-04  6.994e-04  9.420e-04  1.214e-03  1.508e-03  1.820e-03  2.144e-03  2.475e-03  2.811e-03  3.147e-03  3.482e-03  3.813e-03  4.138e-03  4.458e-03  4.770e-03  5.075e-03  5.371e-03  5.660e-03  5.939e-03  6.210e-03  6.473e-03  6.728e-03  6.974e-03  7.212e-03  7.443e-03  7.666e-03  7.881e-03  8.090e-03  8.292e-03  8.487e-03  8.677e-03  8.860e-03  9.037e-03  9.209e-03  9.375e-03  9.537e-03  9.693e-03  9.845e-03  9.992e-03  1.013e-02  1.027e-02  1.041e-02  1.054e-02  1.067e-02  1.079e-02  1.091e-02  1.103e-02  1.114e-02  1.125e-02 	
 3.848e-04  5.735e-04  8.034e-04  1.069e-03  1.363e-03  1.681e-03  2.014e-03  2.359e-03  2.711e-03  3.065e-03  3.419e-03  3.770e-03  4.116e-03  4.456e-03  4.789e-03  5.113e-03  5.429e-03  5.736e-03  6.033e-03  6.322e-03  6.601e-03  6.872e-03  7.133e-03  7.386e-03  7.631e-03  7.867e-03  8.096e-03  8.317e-03  8.530e-03  8.737e-03  8.937e-03  9.130e-03  9.317e-03  9.498e-03  9.674e-03  9.843e-03  1.001e-02  1.017e-02  1.032e-02  1.047e-02  1.062e-02  1.076e-02  1.090e-02  1.103e-02  1.116e-02  1.129e-02  1.141e-02  1.153e-02  1.164e-02  1.176e-02 	
 4.628e-04  6.740e-04  9.278e-04  1.218e-03  1.537e-03  1.879e-03  2.236e-03  2.603e-03  2.975e-03  3.349e-03  3.721e-03  4.089e-03  4.450e-03  4.805e-03  5.151e-03  5.488e-03  5.815e-03  6.132e-03  6.440e-03  6.738e-03  7.026e-03  7.304e-03  7.573e-03  7.833e-03  8.084e-03  8.327e-03  8.561e-03  8.787e-03  9.006e-03  9.218e-03  9.422e-03  9.620e-03  9.811e-03  9.997e-03  1.018e-02  1.035e-02  1.052e-02  1.068e-02  1.084e-02  1.099e-02  1.114e-02  1.129e-02  1.143e-02  1.156e-02  1.170e-02  1.183e-02  1.195e-02  1.207e-02  1.219e-02  1.231e-02 	
 5.638e-04  8.007e-04  1.082e-03  1.399e-03  1.746e-03  2.113e-03  2.496e-03  2.886e-03  3.281e-03  3.675e-03  4.066e-03  4.452e-03  4.830e-03  5.200e-03  5.560e-03  5.909e-03  6.249e-03  6.578e-03  6.896e-03  7.203e-03  7.500e-03  7.787e-03  8.064e-03  8.332e-03  8.590e-03  8.839e-03  9.080e-03  9.312e-03  9.537e-03  9.754e-03  9.964e-03  1.017e-02  1.036e-02  1.055e-02  1.074e-02  1.092e-02  1.109e-02  1.126e-02  1.142e-02  1.158e-02  1.173e-02  1.188e-02  1.202e-02  1.217e-02  1.230e-02  1.244e-02  1.257e-02  1.269e-02  1.282e-02  1.294e-02 	
 6.980e-04  9.653e-04  1.278e-03  1.627e-03  2.004e-03  2.401e-03  2.811e-03  3.228e-03  3.647e-03  4.064e-03  4.476e-03  4.881e-03  5.277e-03  5.663e-03  6.038e-03  6.403e-03  6.755e-03  7.096e-03  7.426e-03  7.744e-03  8.051e-03  8.348e-03  8.634e-03  8.910e-03  9.177e-03  9.434e-03  9.682e-03  9.922e-03  1.015e-02  1.038e-02  1.059e-02  1.080e-02  1.101e-02  1.120e-02  1.139e-02  1.158e-02  1.176e-02  1.193e-02  1.210e-02  1.226e-02  1.242e-02  1.258e-02  1.273e-02  1.287e-02  1.302e-02  1.316e-02  1.329e-02  1.342e-02  1.355e-02  1.368e-02 	
 8.797e-04  1.184e-03  1.533e-03  1.919e-03  2.332e-03  2.763e-03  3.205e-03  3.652e-03  4.098e-03  4.541e-03  4.977e-03  5.404e-03  5.820e-03  6.225e-03  6.618e-03  6.999e-03  7.367e-03  7.722e-03  8.065e-03  8.396e-03  8.716e-03  9.024e-03  9.321e-03  9.608e-03  9.884e-03  1.015e-02  1.041e-02  1.066e-02  1.090e-02  1.113e-02  1.136e-02  1.158e-02  1.179e-02  1.199e-02  1.219e-02  1.238e-02  1.257e-02  1.275e-02  1.293e-02  1.310e-02  1.327e-02  1.343e-02  1.359e-02  1.374e-02  1.389e-02  1.404e-02  1.419e-02  1.433e-02  1.446e-02  1.460e-02 	
 1.128e-03  1.477e-03  1.872e-03  2.302e-03  2.757e-03  3.228e-03  3.707e-03  4.189e-03  4.668e-03  5.141e-03  5.604e-03  6.057e-03  6.498e-03  6.925e-03  7.339e-03  7.739e-03  8.125e-03  8.498e-03  8.857e-03  9.204e-03  9.539e-03  9.861e-03  1.017e-02  1.047e-02  1.076e-02  1.104e-02  1.131e-02  1.157e-02  1.183e-02  1.207e-02  1.231e-02  1.254e-02  1.276e-02  1.298e-02  1.319e-02  1.339e-02  1.359e-02  1.379e-02  1.397e-02  1.416e-02  1.434e-02  1.451e-02  1.468e-02  1.485e-02  1.501e-02  1.517e-02  1.532e-02  1.548e-02  1.563e-02  1.577e-02 	
 1.466e-03  1.871e-03  2.321e-03  2.805e-03  3.310e-03  3.829e-03  4.353e-03  4.876e-03  5.394e-03  5.902e-03  6.399e-03  6.883e-03  7.352e-03  7.807e-03  8.246e-03  8.670e-03  9.080e-03  9.474e-03  9.855e-03  1.022e-02  1.058e-02  1.092e-02  1.125e-02  1.157e-02  1.187e-02  1.217e-02  1.246e-02  1.274e-02  1.301e-02  1.327e-02  1.352e-02  1.377e-02  1.401e-02  1.424e-02  1.447e-02  1.469e-02  1.490e-02  1.511e-02  1.532e-02  1.552e-02  1.571e-02  1.590e-02  1.609e-02  1.627e-02  1.645e-02  1.663e-02  1.680e-02  1.697e-02  1.714e-02  1.731e-02 	
 1.926e-03  2.399e-03  2.916e-03  3.463e-03  4.030e-03  4.606e-03  5.183e-03  5.756e-03  6.320e-03  6.871e-03  7.409e-03  7.930e-03  8.435e-03  8.923e-03  9.394e-03  9.849e-03  1.029e-02  1.071e-02  1.112e-02  1.151e-02  1.189e-02  1.226e-02  1.261e-02  1.296e-02  1.329e-02  1.361e-02  1.392e-02  1.422e-02  1.451e-02  1.480e-02  1.508e-02  1.534e-02  1.561e-02  1.586e-02  1.611e-02  1.636e-02  1.660e-02  1.683e-02  1.706e-02  1.728e-02  1.750e-02  1.772e-02  1.793e-02  1.814e-02  1.835e-02  1.855e-02  1.875e-02  1.895e-02  1.914e-02  1.934e-02 	
 2.543e-03  3.099e-03  3.696e-03  4.320e-03  4.959e-03  5.603e-03  6.244e-03  6.876e-03  7.496e-03  8.099e-03  8.686e-03  9.254e-03  9.803e-03  1.033e-02  1.085e-02  1.134e-02  1.182e-02  1.228e-02  1.272e-02  1.315e-02  1.356e-02  1.396e-02  1.435e-02  1.473e-02  1.509e-02  1.544e-02  1.579e-02  1.612e-02  1.645e-02  1.677e-02  1.707e-02  1.738e-02  1.767e-02  1.796e-02  1.825e-02  1.853e-02  1.880e-02  1.907e-02  1.934e-02  1.960e-02  1.985e-02  2.011e-02  2.036e-02  2.061e-02  2.086e-02  2.110e-02  2.135e-02  2.159e-02  2.183e-02  2.207e-02 	
 3.360e-03  4.014e-03  4.707e-03  5.422e-03  6.147e-03  6.871e-03  7.588e-03  8.293e-03  8.980e-03  9.648e-03  1.030e-02  1.092e-02  1.153e-02  1.211e-02  1.268e-02  1.322e-02  1.375e-02  1.425e-02  1.474e-02  1.522e-02  1.568e-02  1.613e-02  1.656e-02  1.698e-02  1.739e-02  1.779e-02  1.818e-02  1.856e-02  1.893e-02  1.930e-02  1.966e-02  2.001e-02  2.036e-02  2.070e-02  2.103e-02  2.136e-02  2.169e-02  2.202e-02  2.234e-02  2.266e-02  2.298e-02  2.329e-02  2.361e-02  2.393e-02  2.424e-02  2.456e-02  2.487e-02  2.519e-02  2.551e-02  2.583e-02 	
 4.430e-03  5.201e-03  6.005e-03  6.828e-03  7.655e-03  8.476e-03  9.285e-03  1.008e-02  1.085e-02  1.159e-02  1.232e-02  1.302e-02  1.369e-02  1.435e-02  1.498e-02  1.559e-02  1.618e-02  1.675e-02  1.731e-02  1.785e-02  1.837e-02  1.888e-02  1.938e-02  1.987e-02  2.034e-02  2.081e-02  2.127e-02  2.172e-02  2.216e-02  2.259e-02  2.303e-02  2.345e-02  2.388e-02  2.430e-02  2.471e-02  2.513e-02  2.555e-02  2.596e-02  2.638e-02  2.680e-02  2.722e-02  2.764e-02  2.807e-02  2.850e-02  2.894e-02  2.938e-02  2.982e-02  3.028e-02  3.074e-02  3.121e-02 	
 5.818e-03  6.727e-03  7.665e-03  8.616e-03  9.566e-03  1.050e-02  1.143e-02  1.233e-02  1.320e-02  1.405e-02  1.487e-02  1.566e-02  1.643e-02  1.718e-02  1.790e-02  1.860e-02  1.928e-02  1.994e-02  2.058e-02  2.121e-02  2.183e-02  2.243e-02  2.302e-02  2.360e-02  2.417e-02  2.474e-02  2.530e-02  2.585e-02  2.641e-02  2.695e-02  2.750e-02  2.805e-02  2.860e-02  2.916e-02  2.971e-02  3.028e-02  3.084e-02  3.142e-02  3.200e-02  3.260e-02  3.320e-02  3.382e-02  3.444e-02  3.509e-02  3.574e-02  3.642e-02  3.711e-02  3.782e-02  3.854e-02  3.929e-02 	
 7.621e-03  8.695e-03  9.795e-03  1.090e-02  1.200e-02  1.309e-02  1.415e-02  1.518e-02  1.619e-02  1.717e-02  1.812e-02  1.904e-02  1.993e-02  2.080e-02  2.164e-02  2.246e-02  2.327e-02  2.405e-02  2.483e-02  2.558e-02  2.633e-02  2.707e-02  2.780e-02  2.853e-02  2.926e-02  2.998e-02  3.071e-02  3.143e-02  3.217e-02  3.291e-02  3.366e-02  3.442e-02  3.519e-02  3.598e-02  3.679e-02  3.761e-02  3.846e-02  3.932e-02  4.022e-02  4.113e-02  4.208e-02  4.305e-02  4.406e-02  4.510e-02  4.617e-02  4.728e-02  4.842e-02  4.960e-02  5.082e-02  5.208e-02 	
 9.982e-03  1.126e-02  1.256e-02  1.386e-02  1.515e-02  1.642e-02  1.766e-02  1.887e-02  2.005e-02  2.120e-02  2.232e-02  2.341e-02  2.447e-02  2.551e-02  2.653e-02  2.753e-02  2.851e-02  2.949e-02  3.045e-02  3.141e-02  3.236e-02  3.332e-02  3.428e-02  3.525e-02  3.623e-02  3.722e-02  3.823e-02  3.927e-02  4.032e-02  4.140e-02  4.252e-02  4.366e-02  4.485e-02  4.607e-02  4.734e-02  4.865e-02  5.000e-02  5.141e-02  5.288e-02  5.439e-02  5.597e-02  5.760e-02  5.930e-02  6.106e-02  6.289e-02  6.478e-02  6.674e-02  6.877e-02  7.087e-02  7.304e-02 	
 1.311e-02  1.464e-02  1.620e-02  1.775e-02  1.928e-02  2.080e-02  2.228e-02  2.372e-02  2.514e-02  2.652e-02  2.787e-02  2.920e-02  3.051e-02  3.179e-02  3.307e-02  3.433e-02  3.559e-02  3.686e-02  3.813e-02  3.941e-02  4.072e-02  4.204e-02  4.340e-02  4.479e-02  4.622e-02  4.769e-02  4.922e-02  5.080e-02  5.244e-02  5.415e-02  5.594e-02  5.779e-02  5.973e-02  6.174e-02  6.385e-02  6.605e-02  6.833e-02  7.072e-02  7.320e-02  7.579e-02  7.848e-02  8.127e-02  8.417e-02  8.717e-02  9.029e-02  9.351e-02  9.684e-02  1.003e-01  1.038e-01  1.075e-01 	
 1.733e-02  1.919e-02  2.107e-02  2.294e-02  2.480e-02  2.664e-02  2.844e-02  3.021e-02  3.195e-02  3.366e-02  3.535e-02  3.703e-02  3.869e-02  4.036e-02  4.203e-02  4.372e-02  4.544e-02  4.719e-02  4.899e-02  5.083e-02  5.274e-02  5.472e-02  5.678e-02  5.893e-02  6.118e-02  6.353e-02  6.600e-02  6.858e-02  7.129e-02  7.413e-02  7.710e-02  8.022e-02  8.348e-02  8.689e-02  9.045e-02  9.417e-02  9.804e-02  1.021e-01  1.063e-01  1.106e-01  1.151e-01  1.197e-01  1.246e-01  1.295e-01  1.346e-01  1.399e-01  1.453e-01  1.508e-01  1.565e-01  1.624e-01 	
 2.304e-02  2.532e-02  2.763e-02  2.995e-02  3.224e-02  3.451e-02  3.676e-02  3.898e-02  4.118e-02  4.337e-02  4.557e-02  4.778e-02  5.002e-02  5.230e-02  5.464e-02  5.705e-02  5.954e-02  6.215e-02  6.487e-02  6.772e-02  7.071e-02  7.387e-02  7.719e-02  8.070e-02  8.440e-02  8.829e-02  9.239e-02  9.670e-02  1.012e-01  1.060e-01  1.110e-01  1.161e-01  1.216e-01  1.272e-01  1.331e-01  1.392e-01  1.454e-01  1.520e-01  1.587e-01  1.656e-01  1.727e-01  1.800e-01  1.875e-01  1.951e-01  2.029e-01  2.109e-01  2.190e-01  2.273e-01  2.357e-01  2.442e-01 	
 3.075e-02  3.360e-02  3.648e-02  3.937e-02  4.226e-02  4.513e-02  4.800e-02  5.087e-02  5.376e-02  5.670e-02  5.969e-02  6.277e-02  6.596e-02  6.928e-02  7.276e-02  7.643e-02  8.030e-02  8.440e-02  8.874e-02  9.335e-02  9.823e-02  1.034e-01  1.089e-01  1.147e-01  1.208e-01  1.272e-01  1.339e-01  1.409e-01  1.483e-01  1.559e-01  1.639e-01  1.721e-01  1.806e-01  1.894e-01  1.984e-01  2.077e-01  2.172e-01  2.269e-01  2.369e-01  2.470e-01  2.572e-01  2.677e-01  2.782e-01  2.889e-01  2.997e-01  3.105e-01  3.214e-01  3.324e-01  3.434e-01  3.545e-01 	
 4.108e-02  4.466e-02  4.830e-02  5.197e-02  5.566e-02  5.939e-02  6.317e-02  6.703e-02  7.101e-02  7.513e-02  7.945e-02  8.399e-02  8.880e-02  9.392e-02  9.937e-02  1.052e-01  1.114e-01  1.180e-01  1.250e-01  1.325e-01  1.404e-01  1.488e-01  1.575e-01  1.667e-01  1.764e-01  1.864e-01  1.968e-01  2.076e-01  2.187e-01  2.301e-01  2.418e-01  2.538e-01  2.660e-01  2.785e-01  2.911e-01  3.039e-01  3.168e-01  3.298e-01  3.428e-01  3.560e-01  3.691e-01  3.823e-01  3.954e-01  4.085e-01  4.215e-01  4.345e-01  4.473e-01  4.600e-01  4.726e-01  4.850e-01 	
 5.473e-02  5.928e-02  6.393e-02  6.868e-02  7.354e-02  7.854e-02  8.374e-02  8.917e-02  9.491e-02  1.010e-01  1.075e-01  1.145e-01  1.221e-01  1.301e-01  1.388e-01  1.480e-01  1.579e-01  1.683e-01  1.794e-01  1.910e-01  2.032e-01  2.158e-01  2.290e-01  2.426e-01  2.566e-01  2.709e-01  2.856e-01  3.005e-01  3.157e-01  3.310e-01  3.464e-01  3.620e-01  3.775e-01  3.931e-01  4.086e-01  4.240e-01  4.394e-01  4.546e-01  4.696e-01  4.844e-01  4.990e-01  5.134e-01  5.275e-01  5.414e-01  5.549e-01  5.682e-01  5.812e-01  5.938e-01  6.061e-01  6.182e-01 	
 7.270e-02  7.857e-02  8.467e-02  9.101e-02  9.765e-02  1.047e-01  1.121e-01  1.201e-01  1.288e-01  1.381e-01  1.482e-01  1.591e-01  1.708e-01  1.833e-01  1.966e-01  2.107e-01  2.255e-01  2.410e-01  2.571e-01  2.737e-01  2.908e-01  3.083e-01  3.261e-01  3.441e-01  3.623e-01  3.806e-01  3.989e-01  4.171e-01  4.352e-01  4.532e-01  4.710e-01  4.885e-01  5.057e-01  5.225e-01  5.390e-01  5.552e-01  5.709e-01  5.862e-01  6.010e-01  6.155e-01  6.294e-01  6.429e-01  6.560e-01  6.686e-01  6.808e-01  6.925e-01  7.038e-01  7.147e-01  7.252e-01  7.352e-01 	
 9.629e-02  1.041e-01  1.124e-01  1.211e-01  1.306e-01  1.408e-01  1.519e-01  1.640e-01  1.771e-01  1.914e-01  2.066e-01  2.230e-01  2.403e-01  2.585e-01  2.776e-01  2.973e-01  3.176e-01  3.383e-01  3.594e-01  3.806e-01  4.020e-01  4.233e-01  4.444e-01  4.654e-01  4.860e-01  5.063e-01  5.261e-01  5.454e-01  5.642e-01  5.825e-01  6.001e-01  6.171e-01  6.336e-01  6.494e-01  6.645e-01  6.791e-01  6.930e-01  7.064e-01  7.191e-01  7.313e-01  7.430e-01  7.541e-01  7.647e-01  7.747e-01  7.844e-01  7.935e-01  8.022e-01  8.105e-01  8.184e-01  8.259e-01 	
 1.270e-01  1.377e-01  1.492e-01  1.618e-01  1.755e-01  1.906e-01  2.071e-01  2.250e-01  2.442e-01  2.648e-01  2.864e-01  3.091e-01  3.325e-01  3.566e-01  3.810e-01  4.056e-01  4.303e-01  4.548e-01  4.790e-01  5.028e-01  5.260e-01  5.486e-01  5.705e-01  5.916e-01  6.119e-01  6.314e-01  6.500e-01  6.678e-01  6.847e-01  7.008e-01  7.161e-01  7.306e-01  7.444e-01  7.574e-01  7.696e-01  7.812e-01  7.922e-01  8.026e-01  8.123e-01  8.215e-01  8.302e-01  8.384e-01  8.462e-01  8.535e-01  8.603e-01  8.669e-01  8.730e-01  8.788e-01  8.843e-01  8.894e-01 	
 1.670e-01  1.818e-01  1.981e-01  2.162e-01  2.360e-01  2.576e-01  2.809e-01  3.057e-01  3.318e-01  3.588e-01  3.866e-01  4.146e-01  4.428e-01  4.708e-01  4.983e-01  5.253e-01  5.514e-01  5.767e-01  6.009e-01  6.241e-01  6.461e-01  6.671e-01  6.868e-01  7.055e-01  7.231e-01  7.396e-01  7.550e-01  7.695e-01  7.831e-01  7.958e-01  8.077e-01  8.188e-01  8.291e-01  8.388e-01  8.479e-01  8.563e-01  8.642e-01  8.716e-01  8.785e-01  8.849e-01  8.910e-01  8.966e-01  9.019e-01  9.069e-01  9.115e-01  9.159e-01  9.200e-01  9.238e-01  9.274e-01  9.308e-01 	
 2.184e-01  2.389e-01  2.616e-01  2.866e-01  3.137e-01  3.425e-01  3.728e-01  4.039e-01  4.355e-01  4.672e-01  4.985e-01  5.292e-01  5.589e-01  5.875e-01  6.148e-01  6.406e-01  6.650e-01  6.880e-01  7.094e-01  7.294e-01  7.480e-01  7.653e-01  7.813e-01  7.962e-01  8.099e-01  8.226e-01  8.343e-01  8.452e-01  8.552e-01  8.644e-01  8.730e-01  8.809e-01  8.882e-01  8.950e-01  9.013e-01  9.071e-01  9.125e-01  9.175e-01  9.222e-01  9.265e-01  9.305e-01  9.343e-01  9.378e-01  9.410e-01  9.441e-01  9.470e-01  9.496e-01  9.521e-01  9.545e-01  9.566e-01 	
 2.830e-01  3.104e-01  3.405e-01  3.726e-01  4.064e-01  4.411e-01  4.761e-01  5.108e-01  5.448e-01  5.776e-01  6.089e-01  6.385e-01  6.663e-01  6.923e-01  7.164e-01  7.386e-01  7.591e-01  7.780e-01  7.952e-01  8.110e-01  8.254e-01  8.386e-01  8.507e-01  8.617e-01  8.718e-01  8.809e-01  8.894e-01  8.971e-01  9.041e-01  9.106e-01  9.165e-01  9.219e-01  9.270e-01  9.316e-01  9.358e-01  9.397e-01  9.434e-01  9.467e-01  9.498e-01  9.527e-01  9.553e-01  9.578e-01  9.601e-01  9.623e-01  9.642e-01  9.661e-01  9.678e-01  9.695e-01  9.710e-01  9.724e-01 	
 3.604e-01  3.945e-01  4.306e-01  4.679e-01  5.055e-01  5.427e-01  5.788e-01  6.133e-01  6.459e-01  6.763e-01  7.045e-01  7.304e-01  7.542e-01  7.758e-01  7.954e-01  8.132e-01  8.292e-01  8.438e-01  8.569e-01  8.687e-01  8.794e-01  8.891e-01  8.979e-01  9.058e-01  9.130e-01  9.195e-01  9.254e-01  9.308e-01  9.357e-01  9.402e-01  9.442e-01  9.480e-01  9.514e-01  9.545e-01  9.574e-01  9.601e-01  9.625e-01  9.648e-01  9.669e-01  9.688e-01  9.706e-01  9.722e-01  9.738e-01  9.752e-01  9.765e-01  9.777e-01  9.789e-01  9.800e-01  9.810e-01  9.819e-01 	
 4.463e-01  4.847e-01  5.237e-01  5.625e-01  6.002e-01  6.361e-01  6.698e-01  7.011e-01  7.298e-01  7.559e-01  7.795e-01  8.008e-01  8.199e-01  8.370e-01  8.523e-01  8.660e-01  8.782e-01  8.891e-01  8.989e-01  9.076e-01  9.154e-01  9.225e-01  9.288e-01  9.345e-01  9.396e-01  9.442e-01  9.484e-01  9.522e-01  9.557e-01  9.588e-01  9.617e-01  9.643e-01  9.667e-01  9.688e-01  9.708e-01  9.727e-01  9.744e-01  9.759e-01  9.774e-01  9.787e-01  9.799e-01  9.811e-01  9.821e-01  9.831e-01  9.840e-01  9.848e-01  9.856e-01  9.864e-01  9.870e-01  9.877e-01 	
 5.317e-01  5.705e-01  6.087e-01  6.455e-01  6.802e-01  7.124e-01  7.419e-01  7.686e-01  7.927e-01  8.142e-01  8.333e-01  8.504e-01  8.654e-01  8.788e-01  8.906e-01  9.011e-01  9.104e-01  9.187e-01  9.260e-01  9.326e-01  9.384e-01  9.436e-01  9.483e-01  9.525e-01  9.563e-01  9.596e-01  9.627e-01  9.655e-01  9.680e-01  9.703e-01  9.724e-01  9.743e-01  9.760e-01  9.776e-01  9.790e-01  9.803e-01  9.816e-01  9.827e-01  9.837e-01  9.847e-01  9.856e-01  9.864e-01  9.871e-01  9.878e-01  9.885e-01  9.891e-01  9.897e-01  9.902e-01  9.907e-01  9.912e-01 	
 6.060e-01  6.421e-01  6.770e-01  7.100e-01  7.404e-01  7.683e-01  7.933e-01  8.158e-01  8.357e-01  8.534e-01  8.690e-01  8.827e-01  8.948e-01  9.055e-01  9.149e-01  9.232e-01  9.305e-01  9.370e-01  9.427e-01  9.478e-01  9.524e-01  9.564e-01  9.601e-01  9.633e-01  9.662e-01  9.689e-01  9.712e-01  9.734e-01  9.753e-01  9.771e-01  9.787e-01  9.802e-01  9.815e-01  9.827e-01  9.838e-01  9.848e-01  9.858e-01  9.867e-01  9.874e-01  9.882e-01  9.889e-01  9.895e-01  9.901e-01  9.906e-01  9.911e-01  9.916e-01  9.920e-01  9.924e-01  9.928e-01  9.932e-01 	
 6.617e-01  6.938e-01  7.247e-01  7.536e-01  7.801e-01  8.042e-01  8.258e-01  8.450e-01  8.620e-01  8.770e-01  8.902e-01  9.017e-01  9.119e-01  9.209e-01  9.288e-01  9.357e-01  9.419e-01  9.473e-01  9.521e-01  9.564e-01  9.602e-01  9.636e-01  9.666e-01  9.693e-01  9.718e-01  9.740e-01  9.759e-01  9.777e-01  9.794e-01  9.808e-01  9.822e-01  9.834e-01  9.845e-01  9.855e-01  9.864e-01  9.873e-01  9.881e-01  9.888e-01  9.895e-01  9.901e-01  9.907e-01  9.912e-01  9.917e-01  9.921e-01  9.926e-01  9.930e-01  9.933e-01  9.937e-01  9.940e-01  9.943e-01 	
 6.987e-01  7.273e-01  7.548e-01  7.806e-01  8.042e-01  8.257e-01  8.449e-01  8.620e-01  8.772e-01  8.905e-01  9.022e-01  9.125e-01  9.216e-01  9.295e-01  9.365e-01  9.427e-01  9.482e-01  9.530e-01  9.573e-01  9.611e-01  9.645e-01  9.675e-01  9.702e-01  9.726e-01  9.748e-01  9.767e-01  9.785e-01  9.801e-01  9.815e-01  9.828e-01  9.840e-01  9.851e-01  9.861e-01  9.870e-01  9.879e-01  9.886e-01  9.893e-01  9.900e-01  9.906e-01  9.911e-01  9.916e-01  9.921e-01  9.925e-01  9.930e-01  9.933e-01  9.937e-01  9.940e-01  9.943e-01  9.946e-01  9.949e-01 	
 7.193e-01  7.454e-01  7.708e-01  7.947e-01  8.167e-01  8.367e-01  8.546e-01  8.706e-01  8.847e-01  8.972e-01  9.081e-01  9.178e-01  9.262e-01  9.337e-01  9.403e-01  9.461e-01  9.512e-01  9.557e-01  9.597e-01  9.633e-01  9.665e-01  9.693e-01  9.718e-01  9.741e-01  9.762e-01  9.780e-01  9.797e-01  9.812e-01  9.825e-01  9.838e-01  9.849e-01  9.859e-01  9.869e-01  9.877e-01  9.885e-01  9.892e-01  9.899e-01  9.905e-01  9.911e-01  9.916e-01  9.921e-01  9.925e-01  9.929e-01  9.933e-01  9.937e-01  9.940e-01  9.943e-01  9.946e-01  9.949e-01  9.951e-01 	
 7.294e-01  7.545e-01  7.789e-01  8.019e-01  8.232e-01  8.425e-01  8.598e-01  8.752e-01  8.888e-01  9.008e-01  9.114e-01  9.207e-01  9.289e-01  9.361e-01  9.424e-01  9.480e-01  9.529e-01  9.573e-01  9.611e-01  9.646e-01  9.676e-01  9.704e-01  9.728e-01  9.750e-01  9.770e-01  9.788e-01  9.804e-01  9.818e-01  9.831e-01  9.843e-01  9.854e-01  9.864e-01  9.873e-01  9.881e-01  9.889e-01  9.896e-01  9.902e-01  9.908e-01  9.914e-01  9.919e-01  9.923e-01  9.928e-01  9.932e-01  9.935e-01  9.939e-01  9.942e-01  9.945e-01  9.948e-01  9.950e-01  9.953e-01 	
 7.346e-01  7.591e-01  7.831e-01  8.057e-01  8.265e-01  8.455e-01  8.625e-01  8.776e-01  8.909e-01  9.027e-01  9.131e-01  9.222e-01  9.302e-01  9.372e-01  9.434e-01  9.489e-01  9.537e-01  9.580e-01  9.618e-01  9.652e-01  9.682e-01  9.709e-01  9.733e-01  9.754e-01  9.774e-01  9.791e-01  9.807e-01  9.821e-01  9.834e-01  9.846e-01  9.856e-01  9.866e-01  9.875e-01  9.883e-01  9.891e-01  9.897e-01  9.904e-01  9.910e-01  9.915e-01  9.920e-01  9.924e-01  9.929e-01  9.933e-01  9.936e-01  9.940e-01  9.943e-01  9.946e-01  9.948e-01  9.951e-01  9.953e-01 	
 7.359e-01  7.601e-01  7.837e-01  8.061e-01  8.268e-01  8.455e-01  8.624e-01  8.774e-01  8.907e-01  9.025e-01  9.128e-01  9.219e-01  9.299e-01  9.369e-01  9.432e-01  9.486e-01  9.535e-01  9.578e-01  9.616e-01  9.649e-01  9.680e-01  9.706e-01  9.731e-01  9.752e-01  9.772e-01  9.789e-01  9.805e-01  9.819e-01  9.832e-01  9.844e-01  9.855e-01  9.865e-01  9.874e-01  9.882e-01  9.890e-01  9.896e-01  9.903e-01  9.909e-01  9.914e-01  9.919e-01  9.924e-01  9.928e-01  9.932e-01  9.936e-01  9.939e-01  9.942e-01  9.945e-01  9.948e-01  9.951e-01  9.953e-01 	
 7.325e-01  7.563e-01  7.797e-01  8.019e-01  8.226e-01  8.414e-01  8.584e-01  8.736e-01  8.871e-01  8.991e-01  9.096e-01  9.189e-01  9.272e-01  9.344e-01  9.408e-01  9.464e-01  9.514e-01  9.559e-01  9.598e-01  9.633e-01  9.665e-01  9.693e-01  9.718e-01  9.740e-01  9.761e-01  9.779e-01  9.796e-01  9.811e-01  9.824e-01  9.837e-01  9.848e-01  9.858e-01  9.867e-01  9.876e-01  9.884e-01  9.891e-01  9.898e-01  9.904e-01  9.910e-01  9.915e-01  9.920e-01  9.924e-01  9.928e-01  9.932e-01  9.936e-01  9.939e-01  9.942e-01  9.945e-01  9.948e-01  9.950e-01 	
 7.252e-01  7.487e-01  7.721e-01  7.945e-01  8.154e-01  8.346e-01  8.520e-01  8.676e-01  8.816e-01  8.939e-01  9.049e-01  9.146e-01  9.232e-01  9.307e-01  9.374e-01  9.433e-01  9.486e-01  9.533e-01  9.574e-01  9.611e-01  9.644e-01  9.674e-01  9.700e-01  9.724e-01  9.746e-01  9.765e-01  9.782e-01  9.798e-01  9.813e-01  9.826e-01  9.838e-01  9.849e-01  9.859e-01  9.868e-01  9.876e-01  9.884e-01  9.891e-01  9.897e-01  9.904e-01  9.909e-01  9.914e-01  9.919e-01  9.923e-01  9.928e-01  9.931e-01  9.935e-01  9.938e-01  9.941e-01  9.944e-01  9.947e-01 	
 7.230e-01  7.467e-01  7.703e-01  7.928e-01  8.139e-01  8.332e-01  8.508e-01  8.665e-01  8.805e-01  8.930e-01  9.040e-01  9.138e-01  9.224e-01  9.300e-01  9.368e-01  9.428e-01  9.481e-01  9.528e-01  9.569e-01  9.607e-01  9.640e-01  9.670e-01  9.697e-01  9.721e-01  9.743e-01  9.762e-01  9.780e-01  9.796e-01  9.810e-01  9.824e-01  9.836e-01  9.847e-01  9.857e-01  9.866e-01  9.875e-01  9.882e-01  9.890e-01  9.896e-01  9.902e-01  9.908e-01  9.913e-01  9.918e-01  9.922e-01  9.927e-01  9.930e-01  9.934e-01  9.937e-01  9.941e-01  9.944e-01  9.946e-01 	
 7.147e-01  7.381e-01  7.615e-01  7.842e-01  8.055e-01  8.252e-01  8.431e-01  8.593e-01  8.738e-01  8.867e-01  8.982e-01  9.084e-01  9.175e-01  9.255e-01  9.326e-01  9.389e-01  9.445e-01  9.495e-01  9.539e-01  9.579e-01  9.614e-01  9.646e-01  9.675e-01  9.700e-01  9.724e-01  9.744e-01  9.763e-01  9.781e-01  9.796e-01  9.810e-01  9.823e-01  9.835e-01  9.846e-01  9.856e-01  9.865e-01  9.873e-01  9.881e-01  9.888e-01  9.895e-01  9.901e-01  9.906e-01  9.911e-01  9.916e-01  9.921e-01  9.925e-01  9.929e-01  9.933e-01  9.936e-01  9.939e-01  9.942e-01 	
 7.091e-01  7.325e-01  7.560e-01  7.788e-01  8.004e-01  8.203e-01  8.385e-01  8.550e-01  8.698e-01  8.830e-01  8.948e-01  9.053e-01  9.146e-01  9.228e-01  9.301e-01  9.366e-01  9.424e-01  9.476e-01  9.522e-01  9.563e-01  9.599e-01  9.632e-01  9.662e-01  9.688e-01  9.712e-01  9.734e-01  9.754e-01  9.772e-01  9.788e-01  9.802e-01  9.816e-01  9.828e-01  9.839e-01  9.850e-01  9.859e-01  9.868e-01  9.876e-01  9.883e-01  9.890e-01  9.896e-01  9.902e-01  9.908e-01  9.913e-01  9.917e-01  9.922e-01  9.926e-01  9.930e-01  9.933e-01  9.936e-01  9.939e-01 	
 7.018e-01  7.250e-01  7.484e-01  7.713e-01  7.931e-01  8.133e-01  8.319e-01  8.488e-01  8.640e-01  8.776e-01  8.898e-01  9.006e-01  9.102e-01  9.188e-01  9.264e-01  9.332e-01  9.393e-01  9.447e-01  9.495e-01  9.538e-01  9.576e-01  9.611e-01  9.642e-01  9.670e-01  9.695e-01  9.718e-01  9.739e-01  9.758e-01  9.775e-01  9.791e-01  9.805e-01  9.818e-01  9.830e-01  9.840e-01  9.851e-01  9.860e-01  9.868e-01  9.876e-01  9.883e-01  9.890e-01  9.896e-01  9.902e-01  9.907e-01  9.912e-01  9.917e-01  9.921e-01  9.925e-01  9.929e-01  9.932e-01  9.936e-01 	
 6.969e-01  7.199e-01  7.434e-01  7.664e-01  7.883e-01  8.088e-01  8.276e-01  8.447e-01  8.602e-01  8.741e-01  8.865e-01  8.976e-01  9.074e-01  9.162e-01  9.241e-01  9.310e-01  9.372e-01  9.428e-01  9.477e-01  9.522e-01  9.561e-01  9.597e-01  9.629e-01  9.658e-01  9.684e-01  9.708e-01  9.729e-01  9.749e-01  9.767e-01  9.783e-01  9.797e-01  9.811e-01  9.823e-01  9.834e-01  9.845e-01  9.854e-01  9.863e-01  9.871e-01  9.879e-01  9.886e-01  9.892e-01  9.898e-01  9.904e-01  9.909e-01  9.914e-01  9.918e-01  9.922e-01  9.926e-01  9.930e-01  9.933e-01 	
 6.896e-01  7.124e-01  7.358e-01  7.588e-01  7.809e-01  8.016e-01  8.207e-01  8.382e-01  8.541e-01  8.684e-01  8.812e-01  8.926e-01  9.029e-01  9.120e-01  9.201e-01  9.274e-01  9.339e-01  9.397e-01  9.449e-01  9.495e-01  9.537e-01  9.574e-01  9.608e-01  9.639e-01  9.666e-01  9.691e-01  9.714e-01  9.734e-01  9.753e-01  9.770e-01  9.785e-01  9.800e-01  9.813e-01  9.824e-01  9.835e-01  9.846e-01  9.855e-01  9.863e-01  9.871e-01  9.879e-01  9.885e-01  9.892e-01  9.898e-01  9.903e-01  9.908e-01  9.913e-01  9.917e-01  9.921e-01  9.925e-01  9.929e-01 	
 6.835e-01  7.060e-01  7.292e-01  7.523e-01  7.745e-01  7.954e-01  8.148e-01  8.326e-01  8.488e-01  8.634e-01  8.765e-01  8.883e-01  8.988e-01  9.083e-01  9.167e-01  9.242e-01  9.309e-01  9.370e-01  9.423e-01  9.472e-01  9.515e-01  9.554e-01  9.589e-01  9.621e-01  9.650e-01  9.676e-01  9.699e-01  9.721e-01  9.740e-01  9.758e-01  9.775e-01  9.789e-01  9.803e-01  9.816e-01  9.827e-01  9.838e-01  9.847e-01  9.856e-01  9.865e-01  9.872e-01  9.880e-01  9.886e-01  9.892e-01  9.898e-01  9.903e-01  9.908e-01  9.913e-01  9.917e-01  9.921e-01  9.925e-01 	
 6.780e-01  7.002e-01  7.234e-01  7.464e-01  7.687e-01  7.898e-01  8.094e-01  8.274e-01  8.439e-01  8.588e-01  8.722e-01  8.843e-01  8.951e-01  9.048e-01  9.135e-01  9.212e-01  9.282e-01  9.344e-01  9.400e-01  9.450e-01  9.495e-01  9.535e-01  9.572e-01  9.605e-01  9.635e-01  9.662e-01  9.686e-01  9.709e-01  9.729e-01  9.747e-01  9.764e-01  9.780e-01  9.794e-01  9.807e-01  9.819e-01  9.830e-01  9.840e-01  9.850e-01  9.858e-01  9.867e-01  9.874e-01  9.881e-01  9.887e-01  9.893e-01  9.899e-01  9.904e-01  9.909e-01  9.913e-01  9.918e-01  9.922e-01 	
 6.726e-01  6.945e-01  7.174e-01  7.404e-01  7.628e-01  7.840e-01  8.038e-01  8.221e-01  8.389e-01  8.541e-01  8.678e-01  8.802e-01  8.913e-01  9.012e-01  9.102e-01  9.182e-01  9.253e-01  9.318e-01  9.375e-01  9.427e-01  9.474e-01  9.516e-01  9.554e-01  9.588e-01  9.619e-01  9.647e-01  9.672e-01  9.696e-01  9.717e-01  9.736e-01  9.754e-01  9.770e-01  9.785e-01  9.798e-01  9.811e-01  9.822e-01  9.833e-01  9.843e-01  9.852e-01  9.860e-01  9.868e-01  9.875e-01  9.882e-01  9.888e-01  9.894e-01  9.900e-01  9.905e-01  9.909e-01  9.914e-01  9.918e-01 	
 6.677e-01  6.893e-01  7.120e-01  7.350e-01  7.573e-01  7.787e-01  7.987e-01  8.172e-01  8.342e-01  8.497e-01  8.637e-01  8.763e-01  8.877e-01  8.979e-01  9.070e-01  9.152e-01  9.226e-01  9.292e-01  9.352e-01  9.405e-01  9.453e-01  9.497e-01  9.536e-01  9.572e-01  9.604e-01  9.633e-01  9.659e-01  9.683e-01  9.705e-01  9.725e-01  9.744e-01  9.760e-01  9.776e-01  9.790e-01  9.803e-01  9.815e-01  9.826e-01  9.836e-01  9.846e-01  9.854e-01  9.863e-01  9.870e-01  9.877e-01  9.884e-01  9.890e-01  9.895e-01  9.901e-01  9.906e-01  9.910e-01  9.914e-01 	
