 1.358e-01  1.358e-01  1.358e-01  1.358e-01  1.358e-01  1.358e-01  1.358e-01  1.358e-01  1.358e-01  1.358e-01  1.358e-01  1.358e-01  1.358e-01  1.358e-01  1.358e-01  1.358e-01  1.358e-01  1.358e-01  1.358e-01  1.358e-01  1.358e-01  1.358e-01  1.358e-01  1.358e-01  1.358e-01  1.358e-01  1.358e-01  1.358e-01  1.358e-01  1.358e-01  1.358e-01  1.358e-01  1.358e-01  1.358e-01  1.358e-01  1.358e-01  1.358e-01  1.358e-01  1.358e-01  1.358e-01  1.358e-01  1.358e-01  1.358e-01  1.358e-01  1.358e-01  1.358e-01  1.358e-01  1.358e-01  1.358e-01  1.358e-01 	
 1.876e-01  1.876e-01  1.876e-01  1.876e-01  1.876e-01  1.876e-01  1.876e-01  1.876e-01  1.876e-01  1.876e-01  1.876e-01  1.876e-01  1.876e-01  1.876e-01  1.876e-01  1.876e-01  1.876e-01  1.876e-01  1.876e-01  1.876e-01  1.876e-01  1.876e-01  1.876e-01  1.876e-01  1.876e-01  1.876e-01  1.876e-01  1.876e-01  1.876e-01  1.876e-01  1.876e-01  1.876e-01  1.876e-01  1.876e-01  1.876e-01  1.876e-01  1.876e-01  1.876e-01  1.876e-01  1.876e-01  1.876e-01  1.876e-01  1.876e-01  1.876e-01  1.876e-01  1.876e-01  1.876e-01  1.876e-01  1.876e-01  1.876e-01 	
 2.511e-01  2.511e-01  2.511e-01  2.511e-01  2.511e-01  2.511e-01  2.511e-01  2.511e-01  2.511e-01  2.511e-01  2.511e-01  2.511e-01  2.511e-01  2.511e-01  2.511e-01  2.511e-01  2.511e-01  2.511e-01  2.511e-01  2.511e-01  2.511e-01  2.511e-01  2.511e-01  2.511e-01  2.511e-01  2.511e-01  2.511e-01  2.511e-01  2.511e-01  2.511e-01  2.511e-01  2.511e-01  2.511e-01  2.511e-01  2.511e-01  2.511e-01  2.511e-01  2.511e-01  2.511e-01  2.511e-01  2.511e-01  2.511e-01  2.511e-01  2.511e-01  2.511e-01  2.511e-01  2.511e-01  2.511e-01  2.511e-01  2.511e-01 	
 3.237e-01  3.237e-01  3.237e-01  3.237e-01  3.237e-01  3.237e-01  3.237e-01  3.237e-01  3.237e-01  3.237e-01  3.237e-01  3.237e-01  3.237e-01  3.237e-01  3.237e-01  3.237e-01  3.237e-01  3.237e-01  3.237e-01  3.237e-01  3.237e-01  3.237e-01  3.237e-01  3.237e-01  3.237e-01  3.237e-01  3.237e-01  3.237e-01  3.237e-01  3.237e-01  3.237e-01  3.237e-01  3.237e-01  3.237e-01  3.237e-01  3.237e-01  3.237e-01  3.237e-01  3.237e-01  3.237e-01  3.237e-01  3.237e-01  3.237e-01  3.237e-01  3.237e-01  3.237e-01  3.237e-01  3.237e-01  3.237e-01  3.237e-01 	
 4.001e-01  4.001e-01  4.001e-01  4.001e-01  4.001e-01  4.001e-01  4.001e-01  4.001e-01  4.001e-01  4.001e-01  4.001e-01  4.001e-01  4.001e-01  4.001e-01  4.001e-01  4.001e-01  4.001e-01  4.001e-01  4.001e-01  4.001e-01  4.001e-01  4.001e-01  4.001e-01  4.001e-01  4.001e-01  4.001e-01  4.001e-01  4.001e-01  4.001e-01  4.001e-01  4.001e-01  4.001e-01  4.001e-01  4.001e-01  4.001e-01  4.001e-01  4.001e-01  4.001e-01  4.001e-01  4.001e-01  4.001e-01  4.001e-01  4.001e-01  4.001e-01  4.001e-01  4.001e-01  4.001e-01  4.001e-01  4.001e-01  4.001e-01 	
 4.727e-01  4.727e-01  4.727e-01  4.727e-01  4.727e-01  4.727e-01  4.727e-01  4.727e-01  4.727e-01  4.727e-01  4.727e-01  4.727e-01  4.727e-01  4.727e-01  4.727e-01  4.727e-01  4.727e-01  4.727e-01  4.727e-01  4.727e-01  4.727e-01  4.727e-01  4.727e-01  4.727e-01  4.727e-01  4.727e-01  4.727e-01  4.727e-01  4.727e-01  4.727e-01  4.727e-01  4.727e-01  4.727e-01  4.727e-01  4.727e-01  4.727e-01  4.727e-01  4.727e-01  4.727e-01  4.727e-01  4.727e-01  4.727e-01  4.727e-01  4.727e-01  4.727e-01  4.727e-01  4.727e-01  4.727e-01  4.727e-01  4.727e-01 	
 5.320e-01  5.320e-01  5.320e-01  5.320e-01  5.320e-01  5.320e-01  5.320e-01  5.320e-01  5.320e-01  5.320e-01  5.320e-01  5.320e-01  5.320e-01  5.320e-01  5.320e-01  5.320e-01  5.320e-01  5.320e-01  5.320e-01  5.320e-01  5.320e-01  5.320e-01  5.320e-01  5.320e-01  5.320e-01  5.320e-01  5.320e-01  5.320e-01  5.320e-01  5.320e-01  5.320e-01  5.320e-01  5.320e-01  5.320e-01  5.320e-01  5.320e-01  5.320e-01  5.320e-01  5.320e-01  5.320e-01  5.320e-01  5.320e-01  5.320e-01  5.320e-01  5.320e-01  5.320e-01  5.320e-01  5.320e-01  5.320e-01  5.320e-01 	
 5.665e-01  5.665e-01  5.665e-01  5.665e-01  5.665e-01  5.665e-01  5.665e-01  5.665e-01  5.665e-01  5.665e-01  5.665e-01  5.665e-01  5.665e-01  5.665e-01  5.665e-01  5.665e-01  5.665e-01  5.665e-01  5.665e-01  5.665e-01  5.665e-01  5.665e-01  5.665e-01  5.665e-01  5.665e-01  5.665e-01  5.665e-01  5.665e-01  5.665e-01  5.665e-01  5.665e-01  5.665e-01  5.665e-01  5.665e-01  5.665e-01  5.665e-01  5.665e-01  5.665e-01  5.665e-01  5.665e-01  5.665e-01  5.665e-01  5.665e-01  5.665e-01  5.665e-01  5.665e-01  5.665e-01  5.665e-01  5.665e-01  5.665e-01 	
 5.654e-01  5.654e-01  5.654e-01  5.654e-01  5.654e-01  5.654e-01  5.654e-01  5.654e-01  5.654e-01  5.654e-01  5.654e-01  5.654e-01  5.654e-01  5.654e-01  5.654e-01  5.654e-01  5.654e-01  5.654e-01  5.654e-01  5.654e-01  5.654e-01  5.654e-01  5.654e-01  5.654e-01  5.654e-01  5.654e-01  5.654e-01  5.654e-01  5.654e-01  5.654e-01  5.654e-01  5.654e-01  5.654e-01  5.654e-01  5.654e-01  5.654e-01  5.654e-01  5.654e-01  5.654e-01  5.654e-01  5.654e-01  5.654e-01  5.654e-01  5.654e-01  5.654e-01  5.654e-01  5.654e-01  5.654e-01  5.654e-01  5.654e-01 	
 5.828e-01  5.828e-01  5.828e-01  5.828e-01  5.828e-01  5.828e-01  5.828e-01  5.828e-01  5.828e-01  5.828e-01  5.828e-01  5.828e-01  5.828e-01  5.828e-01  5.828e-01  5.828e-01  5.828e-01  5.828e-01  5.828e-01  5.828e-01  5.828e-01  5.828e-01  5.828e-01  5.828e-01  5.828e-01  5.828e-01  5.828e-01  5.828e-01  5.828e-01  5.828e-01  5.828e-01  5.828e-01  5.828e-01  5.828e-01  5.828e-01  5.828e-01  5.828e-01  5.828e-01  5.828e-01  5.828e-01  5.828e-01  5.828e-01  5.828e-01  5.828e-01  5.828e-01  5.828e-01  5.828e-01  5.828e-01  5.828e-01  5.828e-01 	
 6.918e-01  6.918e-01  6.918e-01  6.918e-01  6.918e-01  6.918e-01  6.918e-01  6.918e-01  6.918e-01  6.918e-01  6.918e-01  6.918e-01  6.918e-01  6.918e-01  6.918e-01  6.918e-01  6.918e-01  6.918e-01  6.918e-01  6.918e-01  6.918e-01  6.918e-01  6.918e-01  6.918e-01  6.918e-01  6.918e-01  6.918e-01  6.918e-01  6.918e-01  6.918e-01  6.918e-01  6.918e-01  6.918e-01  6.918e-01  6.918e-01  6.918e-01  6.918e-01  6.918e-01  6.918e-01  6.918e-01  6.918e-01  6.918e-01  6.918e-01  6.918e-01  6.918e-01  6.918e-01  6.918e-01  6.918e-01  6.918e-01  6.918e-01 	
 6.634e-01  6.634e-01  6.634e-01  6.634e-01  6.634e-01  6.634e-01  6.634e-01  6.634e-01  6.634e-01  6.634e-01  6.634e-01  6.634e-01  6.634e-01  6.634e-01  6.634e-01  6.634e-01  6.634e-01  6.634e-01  6.634e-01  6.634e-01  6.634e-01  6.634e-01  6.634e-01  6.634e-01  6.634e-01  6.634e-01  6.634e-01  6.634e-01  6.634e-01  6.634e-01  6.634e-01  6.634e-01  6.634e-01  6.634e-01  6.634e-01  6.634e-01  6.634e-01  6.634e-01  6.634e-01  6.634e-01  6.634e-01  6.634e-01  6.634e-01  6.634e-01  6.634e-01  6.634e-01  6.634e-01  6.634e-01  6.634e-01  6.634e-01 	
 4.804e-01  4.804e-01  4.804e-01  4.804e-01  4.804e-01  4.804e-01  4.804e-01  4.804e-01  4.804e-01  4.804e-01  4.804e-01  4.804e-01  4.804e-01  4.804e-01  4.804e-01  4.804e-01  4.804e-01  4.804e-01  4.804e-01  4.804e-01  4.804e-01  4.804e-01  4.804e-01  4.804e-01  4.804e-01  4.804e-01  4.804e-01  4.804e-01  4.804e-01  4.804e-01  4.804e-01  4.804e-01  4.804e-01  4.804e-01  4.804e-01  4.804e-01  4.804e-01  4.804e-01  4.804e-01  4.804e-01  4.804e-01  4.804e-01  4.804e-01  4.804e-01  4.804e-01  4.804e-01  4.804e-01  4.804e-01  4.804e-01  4.804e-01 	
 4.792e-01  4.792e-01  4.792e-01  4.792e-01  4.792e-01  4.792e-01  4.792e-01  4.792e-01  4.792e-01  4.792e-01  4.792e-01  4.792e-01  4.792e-01  4.792e-01  4.792e-01  4.792e-01  4.792e-01  4.792e-01  4.792e-01  4.792e-01  4.792e-01  4.792e-01  4.792e-01  4.792e-01  4.792e-01  4.792e-01  4.792e-01  4.792e-01  4.792e-01  4.792e-01  4.792e-01  4.792e-01  4.792e-01  4.792e-01  4.792e-01  4.792e-01  4.792e-01  4.792e-01  4.792e-01  4.792e-01  4.792e-01  4.792e-01  4.792e-01  4.792e-01  4.792e-01  4.792e-01  4.792e-01  4.792e-01  4.792e-01  4.792e-01 	
 3.969e-01  3.969e-01  3.969e-01  3.969e-01  3.969e-01  3.969e-01  3.969e-01  3.969e-01  3.969e-01  3.969e-01  3.969e-01  3.969e-01  3.969e-01  3.969e-01  3.969e-01  3.969e-01  3.969e-01  3.969e-01  3.969e-01  3.969e-01  3.969e-01  3.969e-01  3.969e-01  3.969e-01  3.969e-01  3.969e-01  3.969e-01  3.969e-01  3.969e-01  3.969e-01  3.969e-01  3.969e-01  3.969e-01  3.969e-01  3.969e-01  3.969e-01  3.969e-01  3.969e-01  3.969e-01  3.969e-01  3.969e-01  3.969e-01  3.969e-01  3.969e-01  3.969e-01  3.969e-01  3.969e-01  3.969e-01  3.969e-01  3.969e-01 	
 4.907e-01  4.907e-01  4.907e-01  4.907e-01  4.907e-01  4.907e-01  4.907e-01  4.907e-01  4.907e-01  4.907e-01  4.907e-01  4.907e-01  4.907e-01  4.907e-01  4.907e-01  4.907e-01  4.907e-01  4.907e-01  4.907e-01  4.907e-01  4.907e-01  4.907e-01  4.907e-01  4.907e-01  4.907e-01  4.907e-01  4.907e-01  4.907e-01  4.907e-01  4.907e-01  4.907e-01  4.907e-01  4.907e-01  4.907e-01  4.907e-01  4.907e-01  4.907e-01  4.907e-01  4.907e-01  4.907e-01  4.907e-01  4.907e-01  4.907e-01  4.907e-01  4.907e-01  4.907e-01  4.907e-01  4.907e-01  4.907e-01  4.907e-01 	
 5.589e-01  5.589e-01  5.589e-01  5.589e-01  5.589e-01  5.589e-01  5.589e-01  5.589e-01  5.589e-01  5.589e-01  5.589e-01  5.589e-01  5.589e-01  5.589e-01  5.589e-01  5.589e-01  5.589e-01  5.589e-01  5.589e-01  5.589e-01  5.589e-01  5.589e-01  5.589e-01  5.589e-01  5.589e-01  5.589e-01  5.589e-01  5.589e-01  5.589e-01  5.589e-01  5.589e-01  5.589e-01  5.589e-01  5.589e-01  5.589e-01  5.589e-01  5.589e-01  5.589e-01  5.589e-01  5.589e-01  5.589e-01  5.589e-01  5.589e-01  5.589e-01  5.589e-01  5.589e-01  5.589e-01  5.589e-01  5.589e-01  5.589e-01 	
 5.501e-01  5.501e-01  5.501e-01  5.501e-01  5.501e-01  5.501e-01  5.501e-01  5.501e-01  5.501e-01  5.501e-01  5.501e-01  5.501e-01  5.501e-01  5.501e-01  5.501e-01  5.501e-01  5.501e-01  5.501e-01  5.501e-01  5.501e-01  5.501e-01  5.501e-01  5.501e-01  5.501e-01  5.501e-01  5.501e-01  5.501e-01  5.501e-01  5.501e-01  5.501e-01  5.501e-01  5.501e-01  5.501e-01  5.501e-01  5.501e-01  5.501e-01  5.501e-01  5.501e-01  5.501e-01  5.501e-01  5.501e-01  5.501e-01  5.501e-01  5.501e-01  5.501e-01  5.501e-01  5.501e-01  5.501e-01  5.501e-01  5.501e-01 	
 5.128e-01  5.128e-01  5.128e-01  5.128e-01  5.128e-01  5.128e-01  5.128e-01  5.128e-01  5.128e-01  5.128e-01  5.128e-01  5.128e-01  5.128e-01  5.128e-01  5.128e-01  5.128e-01  5.128e-01  5.128e-01  5.128e-01  5.128e-01  5.128e-01  5.128e-01  5.128e-01  5.128e-01  5.128e-01  5.128e-01  5.128e-01  5.128e-01  5.128e-01  5.128e-01  5.128e-01  5.128e-01  5.128e-01  5.128e-01  5.128e-01  5.128e-01  5.128e-01  5.128e-01  5.128e-01  5.128e-01  5.128e-01  5.128e-01  5.128e-01  5.128e-01  5.128e-01  5.128e-01  5.128e-01  5.128e-01  5.128e-01  5.128e-01 	
 5.334e-01  5.334e-01  5.334e-01  5.334e-01  5.334e-01  5.334e-01  5.334e-01  5.334e-01  5.334e-01  5.334e-01  5.334e-01  5.334e-01  5.334e-01  5.334e-01  5.334e-01  5.334e-01  5.334e-01  5.334e-01  5.334e-01  5.334e-01  5.334e-01  5.334e-01  5.334e-01  5.334e-01  5.334e-01  5.334e-01  5.334e-01  5.334e-01  5.334e-01  5.334e-01  5.334e-01  5.334e-01  5.334e-01  5.334e-01  5.334e-01  5.334e-01  5.334e-01  5.334e-01  5.334e-01  5.334e-01  5.334e-01  5.334e-01  5.334e-01  5.334e-01  5.334e-01  5.334e-01  5.334e-01  5.334e-01  5.334e-01  5.334e-01 	
 5.527e-01  5.527e-01  5.527e-01  5.527e-01  5.527e-01  5.527e-01  5.527e-01  5.527e-01  5.527e-01  5.527e-01  5.527e-01  5.527e-01  5.527e-01  5.527e-01  5.527e-01  5.527e-01  5.527e-01  5.527e-01  5.527e-01  5.527e-01  5.527e-01  5.527e-01  5.527e-01  5.527e-01  5.527e-01  5.527e-01  5.527e-01  5.527e-01  5.527e-01  5.527e-01  5.527e-01  5.527e-01  5.527e-01  5.527e-01  5.527e-01  5.527e-01  5.527e-01  5.527e-01  5.527e-01  5.527e-01  5.527e-01  5.527e-01  5.527e-01  5.527e-01  5.527e-01  5.527e-01  5.527e-01  5.527e-01  5.527e-01  5.527e-01 	
 5.494e-01  5.494e-01  5.494e-01  5.494e-01  5.494e-01  5.494e-01  5.494e-01  5.494e-01  5.494e-01  5.494e-01  5.494e-01  5.494e-01  5.494e-01  5.494e-01  5.494e-01  5.494e-01  5.494e-01  5.494e-01  5.494e-01  5.494e-01  5.494e-01  5.494e-01  5.494e-01  5.494e-01  5.494e-01  5.494e-01  5.494e-01  5.494e-01  5.494e-01  5.494e-01  5.494e-01  5.494e-01  5.494e-01  5.494e-01  5.494e-01  5.494e-01  5.494e-01  5.494e-01  5.494e-01  5.494e-01  5.494e-01  5.494e-01  5.494e-01  5.494e-01  5.494e-01  5.494e-01  5.494e-01  5.494e-01  5.494e-01  5.494e-01 	
 5.623e-01  5.623e-01  5.623e-01  5.623e-01  5.623e-01  5.623e-01  5.623e-01  5.623e-01  5.623e-01  5.623e-01  5.623e-01  5.623e-01  5.623e-01  5.623e-01  5.623e-01  5.623e-01  5.623e-01  5.623e-01  5.623e-01  5.623e-01  5.623e-01  5.623e-01  5.623e-01  5.623e-01  5.623e-01  5.623e-01  5.623e-01  5.623e-01  5.623e-01  5.623e-01  5.623e-01  5.623e-01  5.623e-01  5.623e-01  5.623e-01  5.623e-01  5.623e-01  5.623e-01  5.623e-01  5.623e-01  5.623e-01  5.623e-01  5.623e-01  5.623e-01  5.623e-01  5.623e-01  5.623e-01  5.623e-01  5.623e-01  5.623e-01 	
 5.669e-01  5.669e-01  5.669e-01  5.669e-01  5.669e-01  5.669e-01  5.669e-01  5.669e-01  5.669e-01  5.669e-01  5.669e-01  5.669e-01  5.669e-01  5.669e-01  5.669e-01  5.669e-01  5.669e-01  5.669e-01  5.669e-01  5.669e-01  5.669e-01  5.669e-01  5.669e-01  5.669e-01  5.669e-01  5.669e-01  5.669e-01  5.669e-01  5.669e-01  5.669e-01  5.669e-01  5.669e-01  5.669e-01  5.669e-01  5.669e-01  5.669e-01  5.669e-01  5.669e-01  5.669e-01  5.669e-01  5.669e-01  5.669e-01  5.669e-01  5.669e-01  5.669e-01  5.669e-01  5.669e-01  5.669e-01  5.669e-01  5.669e-01 	
 5.741e-01  5.741e-01  5.741e-01  5.741e-01  5.741e-01  5.741e-01  5.741e-01  5.741e-01  5.741e-01  5.741e-01  5.741e-01  5.741e-01  5.741e-01  5.741e-01  5.741e-01  5.741e-01  5.741e-01  5.741e-01  5.741e-01  5.741e-01  5.741e-01  5.741e-01  5.741e-01  5.741e-01  5.741e-01  5.741e-01  5.741e-01  5.741e-01  5.741e-01  5.741e-01  5.741e-01  5.741e-01  5.741e-01  5.741e-01  5.741e-01  5.741e-01  5.741e-01  5.741e-01  5.741e-01  5.741e-01  5.741e-01  5.741e-01  5.741e-01  5.741e-01  5.741e-01  5.741e-01  5.741e-01  5.741e-01  5.741e-01  5.741e-01 	
 5.810e-01  5.810e-01  5.810e-01  5.810e-01  5.810e-01  5.810e-01  5.810e-01  5.810e-01  5.810e-01  5.810e-01  5.810e-01  5.810e-01  5.810e-01  5.810e-01  5.810e-01  5.810e-01  5.810e-01  5.810e-01  5.810e-01  5.810e-01  5.810e-01  5.810e-01  5.810e-01  5.810e-01  5.810e-01  5.810e-01  5.810e-01  5.810e-01  5.810e-01  5.810e-01  5.810e-01  5.810e-01  5.810e-01  5.810e-01  5.810e-01  5.810e-01  5.810e-01  5.810e-01  5.810e-01  5.810e-01  5.810e-01  5.810e-01  5.810e-01  5.810e-01  5.810e-01  5.810e-01  5.810e-01  5.810e-01  5.810e-01  5.810e-01 	
 5.865e-01  5.865e-01  5.865e-01  5.865e-01  5.865e-01  5.865e-01  5.865e-01  5.865e-01  5.865e-01  5.865e-01  5.865e-01  5.865e-01  5.865e-01  5.865e-01  5.865e-01  5.865e-01  5.865e-01  5.865e-01  5.865e-01  5.865e-01  5.865e-01  5.865e-01  5.865e-01  5.865e-01  5.865e-01  5.865e-01  5.865e-01  5.865e-01  5.865e-01  5.865e-01  5.865e-01  5.865e-01  5.865e-01  5.865e-01  5.865e-01  5.865e-01  5.865e-01  5.865e-01  5.865e-01  5.865e-01  5.865e-01  5.865e-01  5.865e-01  5.865e-01  5.865e-01  5.865e-01  5.865e-01  5.865e-01  5.865e-01  5.865e-01 	
 5.917e-01  5.917e-01  5.917e-01  5.917e-01  5.917e-01  5.917e-01  5.917e-01  5.917e-01  5.917e-01  5.917e-01  5.917e-01  5.917e-01  5.917e-01  5.917e-01  5.917e-01  5.917e-01  5.917e-01  5.917e-01  5.917e-01  5.917e-01  5.917e-01  5.917e-01  5.917e-01  5.917e-01  5.917e-01  5.917e-01  5.917e-01  5.917e-01  5.917e-01  5.917e-01  5.917e-01  5.917e-01  5.917e-01  5.917e-01  5.917e-01  5.917e-01  5.917e-01  5.917e-01  5.917e-01  5.917e-01  5.917e-01  5.917e-01  5.917e-01  5.917e-01  5.917e-01  5.917e-01  5.917e-01  5.917e-01  5.917e-01  5.917e-01 	
 5.965e-01  5.965e-01  5.965e-01  5.965e-01  5.965e-01  5.965e-01  5.965e-01  5.965e-01  5.965e-01  5.965e-01  5.965e-01  5.965e-01  5.965e-01  5.965e-01  5.965e-01  5.965e-01  5.965e-01  5.965e-01  5.965e-01  5.965e-01  5.965e-01  5.965e-01  5.965e-01  5.965e-01  5.965e-01  5.965e-01  5.965e-01  5.965e-01  5.965e-01  5.965e-01  5.965e-01  5.965e-01  5.965e-01  5.965e-01  5.965e-01  5.965e-01  5.965e-01  5.965e-01  5.965e-01  5.965e-01  5.965e-01  5.965e-01  5.965e-01  5.965e-01  5.965e-01  5.965e-01  5.965e-01  5.965e-01  5.965e-01  5.965e-01 	
 6.009e-01  6.009e-01  6.009e-01  6.009e-01  6.009e-01  6.009e-01  6.009e-01  6.009e-01  6.009e-01  6.009e-01  6.009e-01  6.009e-01  6.009e-01  6.009e-01  6.009e-01  6.009e-01  6.009e-01  6.009e-01  6.009e-01  6.009e-01  6.009e-01  6.009e-01  6.009e-01  6.009e-01  6.009e-01  6.009e-01  6.009e-01  6.009e-01  6.009e-01  6.009e-01  6.009e-01  6.009e-01  6.009e-01  6.009e-01  6.009e-01  6.009e-01  6.009e-01  6.009e-01  6.009e-01  6.009e-01  6.009e-01  6.009e-01  6.009e-01  6.009e-01  6.009e-01  6.009e-01  6.009e-01  6.009e-01  6.009e-01  6.009e-01 	
 6.049e-01  6.049e-01  6.049e-01  6.049e-01  6.049e-01  6.049e-01  6.049e-01  6.049e-01  6.049e-01  6.049e-01  6.049e-01  6.049e-01  6.049e-01  6.049e-01  6.049e-01  6.049e-01  6.049e-01  6.049e-01  6.049e-01  6.049e-01  6.049e-01  6.049e-01  6.049e-01  6.049e-01  6.049e-01  6.049e-01  6.049e-01  6.049e-01  6.049e-01  6.049e-01  6.049e-01  6.049e-01  6.049e-01  6.049e-01  6.049e-01  6.049e-01  6.049e-01  6.049e-01  6.049e-01  6.049e-01  6.049e-01  6.049e-01  6.049e-01  6.049e-01  6.049e-01  6.049e-01  6.049e-01  6.049e-01  6.049e-01  6.049e-01 	
 6.085e-01  6.085e-01  6.085e-01  6.085e-01  6.085e-01  6.085e-01  6.085e-01  6.085e-01  6.085e-01  6.085e-01  6.085e-01  6.085e-01  6.085e-01  6.085e-01  6.085e-01  6.085e-01  6.085e-01  6.085e-01  6.085e-01  6.085e-01  6.085e-01  6.085e-01  6.085e-01  6.085e-01  6.085e-01  6.085e-01  6.085e-01  6.085e-01  6.085e-01  6.085e-01  6.085e-01  6.085e-01  6.085e-01  6.085e-01  6.085e-01  6.085e-01  6.085e-01  6.085e-01  6.085e-01  6.085e-01  6.085e-01  6.085e-01  6.085e-01  6.085e-01  6.085e-01  6.085e-01  6.085e-01  6.085e-01  6.085e-01  6.085e-01 	
 6.118e-01  6.118e-01  6.118e-01  6.118e-01  6.118e-01  6.118e-01  6.118e-01  6.118e-01  6.118e-01  6.118e-01  6.118e-01  6.118e-01  6.118e-01  6.118e-01  6.118e-01  6.118e-01  6.118e-01  6.118e-01  6.118e-01  6.118e-01  6.118e-01  6.118e-01  6.118e-01  6.118e-01  6.118e-01  6.118e-01  6.118e-01  6.118e-01  6.118e-01  6.118e-01  6.118e-01  6.118e-01  6.118e-01  6.118e-01  6.118e-01  6.118e-01  6.118e-01  6.118e-01  6.118e-01  6.118e-01  6.118e-01  6.118e-01  6.118e-01  6.118e-01  6.118e-01  6.118e-01  6.118e-01  6.118e-01  6.118e-01  6.118e-01 	
 6.148e-01  6.148e-01  6.148e-01  6.148e-01  6.148e-01  6.148e-01  6.148e-01  6.148e-01  6.148e-01  6.148e-01  6.148e-01  6.148e-01  6.148e-01  6.148e-01  6.148e-01  6.148e-01  6.148e-01  6.148e-01  6.148e-01  6.148e-01  6.148e-01  6.148e-01  6.148e-01  6.148e-01  6.148e-01  6.148e-01  6.148e-01  6.148e-01  6.148e-01  6.148e-01  6.148e-01  6.148e-01  6.148e-01  6.148e-01  6.148e-01  6.148e-01  6.148e-01  6.148e-01  6.148e-01  6.148e-01  6.148e-01  6.148e-01  6.148e-01  6.148e-01  6.148e-01  6.148e-01  6.148e-01  6.148e-01  6.148e-01  6.148e-01 	
 6.174e-01  6.174e-01  6.174e-01  6.174e-01  6.174e-01  6.174e-01  6.174e-01  6.174e-01  6.174e-01  6.174e-01  6.174e-01  6.174e-01  6.174e-01  6.174e-01  6.174e-01  6.174e-01  6.174e-01  6.174e-01  6.174e-01  6.174e-01  6.174e-01  6.174e-01  6.174e-01  6.174e-01  6.174e-01  6.174e-01  6.174e-01  6.174e-01  6.174e-01  6.174e-01  6.174e-01  6.174e-01  6.174e-01  6.174e-01  6.174e-01  6.174e-01  6.174e-01  6.174e-01  6.174e-01  6.174e-01  6.174e-01  6.174e-01  6.174e-01  6.174e-01  6.174e-01  6.174e-01  6.174e-01  6.174e-01  6.174e-01  6.174e-01 	
 6.198e-01  6.198e-01  6.198e-01  6.198e-01  6.198e-01  6.198e-01  6.198e-01  6.198e-01  6.198e-01  6.198e-01  6.198e-01  6.198e-01  6.198e-01  6.198e-01  6.198e-01  6.198e-01  6.198e-01  6.198e-01  6.198e-01  6.198e-01  6.198e-01  6.198e-01  6.198e-01  6.198e-01  6.198e-01  6.198e-01  6.198e-01  6.198e-01  6.198e-01  6.198e-01  6.198e-01  6.198e-01  6.198e-01  6.198e-01  6.198e-01  6.198e-01  6.198e-01  6.198e-01  6.198e-01  6.198e-01  6.198e-01  6.198e-01  6.198e-01  6.198e-01  6.198e-01  6.198e-01  6.198e-01  6.198e-01  6.198e-01  6.198e-01 	
 6.220e-01  6.220e-01  6.220e-01  6.220e-01  6.220e-01  6.220e-01  6.220e-01  6.220e-01  6.220e-01  6.220e-01  6.220e-01  6.220e-01  6.220e-01  6.220e-01  6.220e-01  6.220e-01  6.220e-01  6.220e-01  6.220e-01  6.220e-01  6.220e-01  6.220e-01  6.220e-01  6.220e-01  6.220e-01  6.220e-01  6.220e-01  6.220e-01  6.220e-01  6.220e-01  6.220e-01  6.220e-01  6.220e-01  6.220e-01  6.220e-01  6.220e-01  6.220e-01  6.220e-01  6.220e-01  6.220e-01  6.220e-01  6.220e-01  6.220e-01  6.220e-01  6.220e-01  6.220e-01  6.220e-01  6.220e-01  6.220e-01  6.220e-01 	
 6.240e-01  6.240e-01  6.240e-01  6.240e-01  6.240e-01  6.240e-01  6.240e-01  6.240e-01  6.240e-01  6.240e-01  6.240e-01  6.240e-01  6.240e-01  6.240e-01  6.240e-01  6.240e-01  6.240e-01  6.240e-01  6.240e-01  6.240e-01  6.240e-01  6.240e-01  6.240e-01  6.240e-01  6.240e-01  6.240e-01  6.240e-01  6.240e-01  6.240e-01  6.240e-01  6.240e-01  6.240e-01  6.240e-01  6.240e-01  6.240e-01  6.240e-01  6.240e-01  6.240e-01  6.240e-01  6.240e-01  6.240e-01  6.240e-01  6.240e-01  6.240e-01  6.240e-01  6.240e-01  6.240e-01  6.240e-01  6.240e-01  6.240e-01 	
 6.257e-01  6.257e-01  6.257e-01  6.257e-01  6.257e-01  6.257e-01  6.257e-01  6.257e-01  6.257e-01  6.257e-01  6.257e-01  6.257e-01  6.257e-01  6.257e-01  6.257e-01  6.257e-01  6.257e-01  6.257e-01  6.257e-01  6.257e-01  6.257e-01  6.257e-01  6.257e-01  6.257e-01  6.257e-01  6.257e-01  6.257e-01  6.257e-01  6.257e-01  6.257e-01  6.257e-01  6.257e-01  6.257e-01  6.257e-01  6.257e-01  6.257e-01  6.257e-01  6.257e-01  6.257e-01  6.257e-01  6.257e-01  6.257e-01  6.257e-01  6.257e-01  6.257e-01  6.257e-01  6.257e-01  6.257e-01  6.257e-01  6.257e-01 	
 6.273e-01  6.273e-01  6.273e-01  6.273e-01  6.273e-01  6.273e-01  6.273e-01  6.273e-01  6.273e-01  6.273e-01  6.273e-01  6.273e-01  6.273e-01  6.273e-01  6.273e-01  6.273e-01  6.273e-01  6.273e-01  6.273e-01  6.273e-01  6.273e-01  6.273e-01  6.273e-01  6.273e-01  6.273e-01  6.273e-01  6.273e-01  6.273e-01  6.273e-01  6.273e-01  6.273e-01  6.273e-01  6.273e-01  6.273e-01  6.273e-01  6.273e-01  6.273e-01  6.273e-01  6.273e-01  6.273e-01  6.273e-01  6.273e-01  6.273e-01  6.273e-01  6.273e-01  6.273e-01  6.273e-01  6.273e-01  6.273e-01  6.273e-01 	
 6.287e-01  6.287e-01  6.287e-01  6.287e-01  6.287e-01  6.287e-01  6.287e-01  6.287e-01  6.287e-01  6.287e-01  6.287e-01  6.287e-01  6.287e-01  6.287e-01  6.287e-01  6.287e-01  6.287e-01  6.287e-01  6.287e-01  6.287e-01  6.287e-01  6.287e-01  6.287e-01  6.287e-01  6.287e-01  6.287e-01  6.287e-01  6.287e-01  6.287e-01  6.287e-01  6.287e-01  6.287e-01  6.287e-01  6.287e-01  6.287e-01  6.287e-01  6.287e-01  6.287e-01  6.287e-01  6.287e-01  6.287e-01  6.287e-01  6.287e-01  6.287e-01  6.287e-01  6.287e-01  6.287e-01  6.287e-01  6.287e-01  6.287e-01 	
 6.300e-01  6.300e-01  6.300e-01  6.300e-01  6.300e-01  6.300e-01  6.300e-01  6.300e-01  6.300e-01  6.300e-01  6.300e-01  6.300e-01  6.300e-01  6.300e-01  6.300e-01  6.300e-01  6.300e-01  6.300e-01  6.300e-01  6.300e-01  6.300e-01  6.300e-01  6.300e-01  6.300e-01  6.300e-01  6.300e-01  6.300e-01  6.300e-01  6.300e-01  6.300e-01  6.300e-01  6.300e-01  6.300e-01  6.300e-01  6.300e-01  6.300e-01  6.300e-01  6.300e-01  6.300e-01  6.300e-01  6.300e-01  6.300e-01  6.300e-01  6.300e-01  6.300e-01  6.300e-01  6.300e-01  6.300e-01  6.300e-01  6.300e-01 	
 6.311e-01  6.311e-01  6.311e-01  6.311e-01  6.311e-01  6.311e-01  6.311e-01  6.311e-01  6.311e-01  6.311e-01  6.311e-01  6.311e-01  6.311e-01  6.311e-01  6.311e-01  6.311e-01  6.311e-01  6.311e-01  6.311e-01  6.311e-01  6.311e-01  6.311e-01  6.311e-01  6.311e-01  6.311e-01  6.311e-01  6.311e-01  6.311e-01  6.311e-01  6.311e-01  6.311e-01  6.311e-01  6.311e-01  6.311e-01  6.311e-01  6.311e-01  6.311e-01  6.311e-01  6.311e-01  6.311e-01  6.311e-01  6.311e-01  6.311e-01  6.311e-01  6.311e-01  6.311e-01  6.311e-01  6.311e-01  6.311e-01  6.311e-01 	
 6.321e-01  6.321e-01  6.321e-01  6.321e-01  6.321e-01  6.321e-01  6.321e-01  6.321e-01  6.321e-01  6.321e-01  6.321e-01  6.321e-01  6.321e-01  6.321e-01  6.321e-01  6.321e-01  6.321e-01  6.321e-01  6.321e-01  6.321e-01  6.321e-01  6.321e-01  6.321e-01  6.321e-01  6.321e-01  6.321e-01  6.321e-01  6.321e-01  6.321e-01  6.321e-01  6.321e-01  6.321e-01  6.321e-01  6.321e-01  6.321e-01  6.321e-01  6.321e-01  6.321e-01  6.321e-01  6.321e-01  6.321e-01  6.321e-01  6.321e-01  6.321e-01  6.321e-01  6.321e-01  6.321e-01  6.321e-01  6.321e-01  6.321e-01 	
 6.330e-01  6.330e-01  6.330e-01  6.330e-01  6.330e-01  6.330e-01  6.330e-01  6.330e-01  6.330e-01  6.330e-01  6.330e-01  6.330e-01  6.330e-01  6.330e-01  6.330e-01  6.330e-01  6.330e-01  6.330e-01  6.330e-01  6.330e-01  6.330e-01  6.330e-01  6.330e-01  6.330e-01  6.330e-01  6.330e-01  6.330e-01  6.330e-01  6.330e-01  6.330e-01  6.330e-01  6.330e-01  6.330e-01  6.330e-01  6.330e-01  6.330e-01  6.330e-01  6.330e-01  6.330e-01  6.330e-01  6.330e-01  6.330e-01  6.330e-01  6.330e-01  6.330e-01  6.330e-01  6.330e-01  6.330e-01  6.330e-01  6.330e-01 	
 6.338e-01  6.338e-01  6.338e-01  6.338e-01  6.338e-01  6.338e-01  6.338e-01  6.338e-01  6.338e-01  6.338e-01  6.338e-01  6.338e-01  6.338e-01  6.338e-01  6.338e-01  6.338e-01  6.338e-01  6.338e-01  6.338e-01  6.338e-01  6.338e-01  6.338e-01  6.338e-01  6.338e-01  6.338e-01  6.338e-01  6.338e-01  6.338e-01  6.338e-01  6.338e-01  6.338e-01  6.338e-01  6.338e-01  6.338e-01  6.338e-01  6.338e-01  6.338e-01  6.338e-01  6.338e-01  6.338e-01  6.338e-01  6.338e-01  6.338e-01  6.338e-01  6.338e-01  6.338e-01  6.338e-01  6.338e-01  6.338e-01  6.338e-01 	
 6.345e-01  6.345e-01  6.345e-01  6.345e-01  6.345e-01  6.345e-01  6.345e-01  6.345e-01  6.345e-01  6.345e-01  6.345e-01  6.345e-01  6.345e-01  6.345e-01  6.345e-01  6.345e-01  6.345e-01  6.345e-01  6.345e-01  6.345e-01  6.345e-01  6.345e-01  6.345e-01  6.345e-01  6.345e-01  6.345e-01  6.345e-01  6.345e-01  6.345e-01  6.345e-01  6.345e-01  6.345e-01  6.345e-01  6.345e-01  6.345e-01  6.345e-01  6.345e-01  6.345e-01  6.345e-01  6.345e-01  6.345e-01  6.345e-01  6.345e-01  6.345e-01  6.345e-01  6.345e-01  6.345e-01  6.345e-01  6.345e-01  6.345e-01 	
 6.351e-01  6.351e-01  6.351e-01  6.351e-01  6.351e-01  6.351e-01  6.351e-01  6.351e-01  6.351e-01  6.351e-01  6.351e-01  6.351e-01  6.351e-01  6.351e-01  6.351e-01  6.351e-01  6.351e-01  6.351e-01  6.351e-01  6.351e-01  6.351e-01  6.351e-01  6.351e-01  6.351e-01  6.351e-01  6.351e-01  6.351e-01  6.351e-01  6.351e-01  6.351e-01  6.351e-01  6.351e-01  6.351e-01  6.351e-01  6.351e-01  6.351e-01  6.351e-01  6.351e-01  6.351e-01  6.351e-01  6.351e-01  6.351e-01  6.351e-01  6.351e-01  6.351e-01  6.351e-01  6.351e-01  6.351e-01  6.351e-01  6.351e-01 	
 6.356e-01  6.356e-01  6.356e-01  6.356e-01  6.356e-01  6.356e-01  6.356e-01  6.356e-01  6.356e-01  6.356e-01  6.356e-01  6.356e-01  6.356e-01  6.356e-01  6.356e-01  6.356e-01  6.356e-01  6.356e-01  6.356e-01  6.356e-01  6.356e-01  6.356e-01  6.356e-01  6.356e-01  6.356e-01  6.356e-01  6.356e-01  6.356e-01  6.356e-01  6.356e-01  6.356e-01  6.356e-01  6.356e-01  6.356e-01  6.356e-01  6.356e-01  6.356e-01  6.356e-01  6.356e-01  6.356e-01  6.356e-01  6.356e-01  6.356e-01  6.356e-01  6.356e-01  6.356e-01  6.356e-01  6.356e-01  6.356e-01  6.356e-01 	
 6.361e-01  6.361e-01  6.361e-01  6.361e-01  6.361e-01  6.361e-01  6.361e-01  6.361e-01  6.361e-01  6.361e-01  6.361e-01  6.361e-01  6.361e-01  6.361e-01  6.361e-01  6.361e-01  6.361e-01  6.361e-01  6.361e-01  6.361e-01  6.361e-01  6.361e-01  6.361e-01  6.361e-01  6.361e-01  6.361e-01  6.361e-01  6.361e-01  6.361e-01  6.361e-01  6.361e-01  6.361e-01  6.361e-01  6.361e-01  6.361e-01  6.361e-01  6.361e-01  6.361e-01  6.361e-01  6.361e-01  6.361e-01  6.361e-01  6.361e-01  6.361e-01  6.361e-01  6.361e-01  6.361e-01  6.361e-01  6.361e-01  6.361e-01 	
