 3.794e-05  4.838e-05  5.958e-05  7.137e-05  8.360e-05  9.614e-05  1.089e-04  1.217e-04  1.346e-04  1.475e-04  1.603e-04  1.730e-04  1.856e-04  1.980e-04  2.101e-04  2.221e-04  2.339e-04  2.454e-04  2.567e-04  2.678e-04  2.786e-04  2.892e-04  2.995e-04  3.097e-04  3.195e-04  3.292e-04  3.387e-04  3.479e-04  3.569e-04  3.658e-04  3.744e-04  3.828e-04  3.911e-04  3.992e-04  4.071e-04  4.149e-04  4.225e-04  4.300e-04  4.373e-04  4.445e-04  4.516e-04  4.585e-04  4.653e-04  4.720e-04  4.787e-04  4.852e-04  4.916e-04  4.979e-04  5.041e-04  5.102e-04 	
 5.698e-05  7.249e-05  8.906e-05  1.064e-04  1.244e-04  1.427e-04  1.613e-04  1.799e-04  1.986e-04  2.171e-04  2.355e-04  2.537e-04  2.715e-04  2.891e-04  3.063e-04  3.232e-04  3.397e-04  3.559e-04  3.717e-04  3.870e-04  4.021e-04  4.167e-04  4.310e-04  4.449e-04  4.585e-04  4.717e-04  4.846e-04  4.972e-04  5.095e-04  5.215e-04  5.331e-04  5.446e-04  5.557e-04  5.666e-04  5.773e-04  5.877e-04  5.979e-04  6.080e-04  6.178e-04  6.274e-04  6.368e-04  6.461e-04  6.552e-04  6.642e-04  6.730e-04  6.817e-04  6.903e-04  6.987e-04  7.071e-04  7.153e-04 	
 8.503e-05  1.078e-04  1.321e-04  1.574e-04  1.834e-04  2.098e-04  2.364e-04  2.631e-04  2.895e-04  3.158e-04  3.416e-04  3.670e-04  3.920e-04  4.164e-04  4.402e-04  4.635e-04  4.862e-04  5.083e-04  5.298e-04  5.507e-04  5.710e-04  5.907e-04  6.100e-04  6.286e-04  6.468e-04  6.645e-04  6.816e-04  6.983e-04  7.146e-04  7.305e-04  7.459e-04  7.610e-04  7.757e-04  7.900e-04  8.041e-04  8.178e-04  8.312e-04  8.444e-04  8.573e-04  8.699e-04  8.824e-04  8.946e-04  9.066e-04  9.185e-04  9.301e-04  9.416e-04  9.530e-04  9.643e-04  9.754e-04  9.864e-04 	
 1.258e-04  1.590e-04  1.939e-04  2.302e-04  2.672e-04  3.046e-04  3.421e-04  3.793e-04  4.162e-04  4.524e-04  4.880e-04  5.228e-04  5.567e-04  5.898e-04  6.220e-04  6.532e-04  6.835e-04  7.129e-04  7.414e-04  7.691e-04  7.958e-04  8.218e-04  8.469e-04  8.713e-04  8.949e-04  9.179e-04  9.402e-04  9.618e-04  9.829e-04  1.003e-03  1.023e-03  1.043e-03  1.062e-03  1.080e-03  1.098e-03  1.116e-03  1.134e-03  1.151e-03  1.167e-03  1.184e-03  1.200e-03  1.216e-03  1.232e-03  1.248e-03  1.263e-03  1.278e-03  1.294e-03  1.309e-03  1.324e-03  1.339e-03 	
 1.843e-04  2.315e-04  2.811e-04  3.321e-04  3.837e-04  4.355e-04  4.871e-04  5.379e-04  5.879e-04  6.368e-04  6.844e-04  7.308e-04  7.757e-04  8.193e-04  8.615e-04  9.022e-04  9.416e-04  9.797e-04  1.016e-03  1.052e-03  1.086e-03  1.119e-03  1.151e-03  1.182e-03  1.212e-03  1.241e-03  1.270e-03  1.297e-03  1.324e-03  1.350e-03  1.375e-03  1.400e-03  1.424e-03  1.448e-03  1.471e-03  1.494e-03  1.516e-03  1.538e-03  1.560e-03  1.582e-03  1.603e-03  1.624e-03  1.645e-03  1.666e-03  1.687e-03  1.708e-03  1.729e-03  1.749e-03  1.770e-03  1.791e-03 	
 2.662e-04  3.323e-04  4.011e-04  4.711e-04  5.415e-04  6.114e-04  6.804e-04  7.481e-04  8.140e-04  8.780e-04  9.401e-04  1.000e-03  1.058e-03  1.114e-03  1.167e-03  1.219e-03  1.269e-03  1.316e-03  1.362e-03  1.407e-03  1.449e-03  1.491e-03  1.531e-03  1.569e-03  1.606e-03  1.643e-03  1.678e-03  1.712e-03  1.746e-03  1.778e-03  1.810e-03  1.842e-03  1.873e-03  1.903e-03  1.933e-03  1.963e-03  1.992e-03  2.021e-03  2.050e-03  2.079e-03  2.108e-03  2.137e-03  2.166e-03  2.195e-03  2.224e-03  2.253e-03  2.283e-03  2.313e-03  2.343e-03  2.373e-03 	
 3.783e-04  4.687e-04  5.617e-04  6.554e-04  7.487e-04  8.406e-04  9.304e-04  1.018e-03  1.102e-03  1.183e-03  1.262e-03  1.337e-03  1.409e-03  1.478e-03  1.545e-03  1.608e-03  1.669e-03  1.728e-03  1.784e-03  1.838e-03  1.890e-03  1.941e-03  1.990e-03  2.037e-03  2.083e-03  2.128e-03  2.172e-03  2.215e-03  2.257e-03  2.299e-03  2.340e-03  2.380e-03  2.421e-03  2.461e-03  2.500e-03  2.540e-03  2.580e-03  2.620e-03  2.661e-03  2.701e-03  2.742e-03  2.783e-03  2.825e-03  2.867e-03  2.910e-03  2.954e-03  2.998e-03  3.044e-03  3.090e-03  3.137e-03 	
 5.275e-04  6.479e-04  7.702e-04  8.921e-04  1.012e-03  1.129e-03  1.242e-03  1.352e-03  1.456e-03  1.557e-03  1.653e-03  1.744e-03  1.832e-03  1.915e-03  1.995e-03  2.072e-03  2.145e-03  2.215e-03  2.283e-03  2.349e-03  2.412e-03  2.474e-03  2.534e-03  2.592e-03  2.650e-03  2.706e-03  2.762e-03  2.817e-03  2.872e-03  2.927e-03  2.982e-03  3.036e-03  3.091e-03  3.147e-03  3.203e-03  3.259e-03  3.316e-03  3.375e-03  3.434e-03  3.494e-03  3.555e-03  3.618e-03  3.682e-03  3.748e-03  3.815e-03  3.884e-03  3.955e-03  4.027e-03  4.101e-03  4.177e-03 	
 7.204e-04  8.761e-04  1.032e-03  1.186e-03  1.336e-03  1.480e-03  1.619e-03  1.751e-03  1.877e-03  1.998e-03  2.112e-03  2.221e-03  2.324e-03  2.423e-03  2.518e-03  2.609e-03  2.696e-03  2.781e-03  2.863e-03  2.942e-03  3.021e-03  3.097e-03  3.173e-03  3.248e-03  3.322e-03  3.396e-03  3.471e-03  3.545e-03  3.621e-03  3.697e-03  3.774e-03  3.853e-03  3.933e-03  4.015e-03  4.098e-03  4.184e-03  4.271e-03  4.362e-03  4.454e-03  4.549e-03  4.647e-03  4.748e-03  4.852e-03  4.959e-03  5.070e-03  5.184e-03  5.301e-03  5.422e-03  5.547e-03  5.675e-03 	
 9.620e-04  1.157e-03  1.350e-03  1.538e-03  1.719e-03  1.892e-03  2.057e-03  2.213e-03  2.361e-03  2.502e-03  2.635e-03  2.763e-03  2.884e-03  3.001e-03  3.113e-03  3.222e-03  3.328e-03  3.431e-03  3.533e-03  3.634e-03  3.734e-03  3.834e-03  3.935e-03  4.036e-03  4.139e-03  4.243e-03  4.349e-03  4.457e-03  4.569e-03  4.683e-03  4.800e-03  4.921e-03  5.045e-03  5.174e-03  5.307e-03  5.445e-03  5.587e-03  5.734e-03  5.887e-03  6.045e-03  6.209e-03  6.378e-03  6.553e-03  6.735e-03  6.923e-03  7.117e-03  7.318e-03  7.526e-03  7.741e-03  7.963e-03 	
 1.256e-03  1.493e-03  1.725e-03  1.948e-03  2.160e-03  2.362e-03  2.552e-03  2.733e-03  2.904e-03  3.067e-03  3.222e-03  3.371e-03  3.515e-03  3.655e-03  3.792e-03  3.927e-03  4.061e-03  4.195e-03  4.330e-03  4.466e-03  4.603e-03  4.744e-03  4.888e-03  5.036e-03  5.188e-03  5.346e-03  5.509e-03  5.678e-03  5.853e-03  6.035e-03  6.224e-03  6.421e-03  6.626e-03  6.840e-03  7.062e-03  7.293e-03  7.533e-03  7.784e-03  8.044e-03  8.314e-03  8.595e-03  8.887e-03  9.189e-03  9.504e-03  9.829e-03  1.017e-02  1.052e-02  1.088e-02  1.125e-02  1.164e-02 	
 1.604e-03  1.884e-03  2.154e-03  2.411e-03  2.655e-03  2.885e-03  3.103e-03  3.311e-03  3.508e-03  3.699e-03  3.883e-03  4.064e-03  4.242e-03  4.419e-03  4.596e-03  4.775e-03  4.958e-03  5.144e-03  5.336e-03  5.535e-03  5.740e-03  5.954e-03  6.176e-03  6.408e-03  6.651e-03  6.905e-03  7.171e-03  7.449e-03  7.740e-03  8.045e-03  8.364e-03  8.697e-03  9.046e-03  9.411e-03  9.792e-03  1.019e-02  1.060e-02  1.104e-02  1.149e-02  1.196e-02  1.245e-02  1.295e-02  1.348e-02  1.403e-02  1.459e-02  1.518e-02  1.579e-02  1.642e-02  1.708e-02  1.775e-02 	
 2.009e-03  2.331e-03  2.638e-03  2.930e-03  3.206e-03  3.469e-03  3.720e-03  3.962e-03  4.198e-03  4.431e-03  4.662e-03  4.895e-03  5.132e-03  5.374e-03  5.624e-03  5.883e-03  6.154e-03  6.436e-03  6.733e-03  7.045e-03  7.374e-03  7.720e-03  8.085e-03  8.470e-03  8.876e-03  9.303e-03  9.753e-03  1.023e-02  1.073e-02  1.125e-02  1.180e-02  1.237e-02  1.298e-02  1.361e-02  1.427e-02  1.496e-02  1.568e-02  1.643e-02  1.722e-02  1.803e-02  1.888e-02  1.976e-02  2.067e-02  2.162e-02  2.260e-02  2.362e-02  2.467e-02  2.576e-02  2.688e-02  2.804e-02 	
 2.475e-03  2.839e-03  3.186e-03  3.516e-03  3.833e-03  4.139e-03  4.440e-03  4.739e-03  5.040e-03  5.347e-03  5.663e-03  5.991e-03  6.336e-03  6.698e-03  7.081e-03  7.487e-03  7.918e-03  8.376e-03  8.864e-03  9.382e-03  9.932e-03  1.052e-02  1.114e-02  1.179e-02  1.249e-02  1.322e-02  1.400e-02  1.482e-02  1.568e-02  1.659e-02  1.754e-02  1.854e-02  1.958e-02  2.068e-02  2.182e-02  2.301e-02  2.426e-02  2.555e-02  2.690e-02  2.830e-02  2.975e-02  3.126e-02  3.282e-02  3.443e-02  3.610e-02  3.782e-02  3.960e-02  4.143e-02  4.332e-02  4.526e-02 	
 3.018e-03  3.429e-03  3.824e-03  4.209e-03  4.589e-03  4.970e-03  5.359e-03  5.761e-03  6.182e-03  6.628e-03  7.101e-03  7.607e-03  8.150e-03  8.733e-03  9.359e-03  1.003e-02  1.075e-02  1.153e-02  1.236e-02  1.324e-02  1.418e-02  1.519e-02  1.626e-02  1.739e-02  1.859e-02  1.986e-02  2.120e-02  2.262e-02  2.410e-02  2.566e-02  2.730e-02  2.901e-02  3.080e-02  3.266e-02  3.461e-02  3.664e-02  3.874e-02  4.093e-02  4.319e-02  4.554e-02  4.796e-02  5.047e-02  5.305e-02  5.571e-02  5.845e-02  6.127e-02  6.416e-02  6.713e-02  7.016e-02  7.327e-02 	
 3.672e-03  4.148e-03  4.621e-03  5.100e-03  5.596e-03  6.116e-03  6.671e-03  7.268e-03  7.913e-03  8.615e-03  9.378e-03  1.021e-02  1.111e-02  1.209e-02  1.315e-02  1.430e-02  1.553e-02  1.686e-02  1.828e-02  1.981e-02  2.143e-02  2.316e-02  2.500e-02  2.695e-02  2.901e-02  3.118e-02  3.346e-02  3.586e-02  3.838e-02  4.101e-02  4.376e-02  4.662e-02  4.960e-02  5.270e-02  5.591e-02  5.923e-02  6.267e-02  6.622e-02  6.987e-02  7.363e-02  7.749e-02  8.146e-02  8.552e-02  8.967e-02  9.392e-02  9.825e-02  1.027e-01  1.072e-01  1.117e-01  1.164e-01 	
 4.510e-03  5.099e-03  5.717e-03  6.377e-03  7.094e-03  7.880e-03  8.747e-03  9.705e-03  1.076e-02  1.193e-02  1.322e-02  1.463e-02  1.617e-02  1.785e-02  1.967e-02  2.164e-02  2.376e-02  2.604e-02  2.848e-02  3.109e-02  3.385e-02  3.679e-02  3.990e-02  4.317e-02  4.662e-02  5.023e-02  5.402e-02  5.797e-02  6.208e-02  6.635e-02  7.078e-02  7.537e-02  8.011e-02  8.498e-02  9.000e-02  9.515e-02  1.004e-01  1.058e-01  1.113e-01  1.170e-01  1.227e-01  1.285e-01  1.344e-01  1.403e-01  1.463e-01  1.524e-01  1.586e-01  1.647e-01  1.710e-01  1.772e-01 	
 5.675e-03  6.483e-03  7.379e-03  8.383e-03  9.515e-03  1.079e-02  1.223e-02  1.384e-02  1.564e-02  1.763e-02  1.983e-02  2.225e-02  2.489e-02  2.776e-02  3.088e-02  3.423e-02  3.783e-02  4.167e-02  4.576e-02  5.010e-02  5.469e-02  5.951e-02  6.458e-02  6.987e-02  7.540e-02  8.114e-02  8.709e-02  9.324e-02  9.957e-02  1.061e-01  1.128e-01  1.196e-01  1.266e-01  1.337e-01  1.409e-01  1.482e-01  1.556e-01  1.630e-01  1.705e-01  1.781e-01  1.857e-01  1.933e-01  2.009e-01  2.085e-01  2.161e-01  2.236e-01  2.311e-01  2.385e-01  2.459e-01  2.532e-01 	
 7.441e-03  8.672e-03  1.009e-02  1.174e-02  1.363e-02  1.579e-02  1.824e-02  2.100e-02  2.408e-02  2.749e-02  3.125e-02  3.536e-02  3.983e-02  4.466e-02  4.985e-02  5.540e-02  6.130e-02  6.755e-02  7.413e-02  8.103e-02  8.824e-02  9.574e-02  1.035e-01  1.115e-01  1.198e-01  1.282e-01  1.368e-01  1.456e-01  1.545e-01  1.636e-01  1.727e-01  1.818e-01  1.910e-01  2.002e-01  2.094e-01  2.186e-01  2.277e-01  2.367e-01  2.457e-01  2.545e-01  2.633e-01  2.719e-01  2.804e-01  2.887e-01  2.969e-01  3.050e-01  3.128e-01  3.205e-01  3.280e-01  3.353e-01 	
 1.030e-02  1.232e-02  1.471e-02  1.750e-02  2.074e-02  2.444e-02  2.863e-02  3.332e-02  3.854e-02  4.428e-02  5.054e-02  5.733e-02  6.464e-02  7.244e-02  8.071e-02  8.944e-02  9.858e-02  1.081e-01  1.180e-01  1.282e-01  1.386e-01  1.493e-01  1.601e-01  1.711e-01  1.822e-01  1.933e-01  2.045e-01  2.156e-01  2.266e-01  2.376e-01  2.484e-01  2.591e-01  2.696e-01  2.800e-01  2.901e-01  2.999e-01  3.096e-01  3.190e-01  3.281e-01  3.370e-01  3.456e-01  3.540e-01  3.621e-01  3.699e-01  3.774e-01  3.847e-01  3.918e-01  3.985e-01  4.051e-01  4.114e-01 	
 1.511e-02  1.854e-02  2.262e-02  2.740e-02  3.291e-02  3.918e-02  4.622e-02  5.402e-02  6.258e-02  7.188e-02  8.188e-02  9.253e-02  1.038e-01  1.156e-01  1.278e-01  1.405e-01  1.534e-01  1.666e-01  1.800e-01  1.934e-01  2.069e-01  2.204e-01  2.337e-01  2.469e-01  2.598e-01  2.725e-01  2.850e-01  2.971e-01  3.088e-01  3.202e-01  3.313e-01  3.419e-01  3.522e-01  3.621e-01  3.715e-01  3.806e-01  3.894e-01  3.977e-01  4.057e-01  4.133e-01  4.206e-01  4.276e-01  4.342e-01  4.405e-01  4.466e-01  4.524e-01  4.579e-01  4.631e-01  4.681e-01  4.729e-01 	
 2.331e-02  2.918e-02  3.613e-02  4.420e-02  5.339e-02  6.369e-02  7.506e-02  8.743e-02  1.007e-01  1.148e-01  1.296e-01  1.450e-01  1.608e-01  1.769e-01  1.931e-01  2.094e-01  2.257e-01  2.417e-01  2.575e-01  2.729e-01  2.879e-01  3.024e-01  3.165e-01  3.300e-01  3.429e-01  3.553e-01  3.671e-01  3.784e-01  3.891e-01  3.992e-01  4.088e-01  4.179e-01  4.265e-01  4.347e-01  4.424e-01  4.496e-01  4.565e-01  4.630e-01  4.691e-01  4.749e-01  4.803e-01  4.854e-01  4.903e-01  4.949e-01  4.992e-01  5.034e-01  5.072e-01  5.109e-01  5.144e-01  5.177e-01 	
 3.726e-02  4.717e-02  5.872e-02  7.187e-02  8.652e-02  1.025e-01  1.197e-01  1.379e-01  1.568e-01  1.761e-01  1.958e-01  2.154e-01  2.349e-01  2.541e-01  2.728e-01  2.909e-01  3.083e-01  3.250e-01  3.409e-01  3.559e-01  3.702e-01  3.836e-01  3.962e-01  4.080e-01  4.191e-01  4.295e-01  4.392e-01  4.482e-01  4.567e-01  4.645e-01  4.719e-01  4.788e-01  4.852e-01  4.911e-01  4.967e-01  5.019e-01  5.068e-01  5.114e-01  5.156e-01  5.196e-01  5.234e-01  5.269e-01  5.302e-01  5.333e-01  5.362e-01  5.389e-01  5.415e-01  5.439e-01  5.462e-01  5.484e-01 	
 6.029e-02  7.637e-02  9.461e-02  1.147e-01  1.364e-01  1.591e-01  1.826e-01  2.063e-01  2.300e-01  2.532e-01  2.758e-01  2.974e-01  3.181e-01  3.376e-01  3.559e-01  3.730e-01  3.889e-01  4.037e-01  4.174e-01  4.301e-01  4.417e-01  4.525e-01  4.624e-01  4.715e-01  4.798e-01  4.876e-01  4.947e-01  5.012e-01  5.072e-01  5.128e-01  5.179e-01  5.227e-01  5.271e-01  5.312e-01  5.349e-01  5.384e-01  5.417e-01  5.447e-01  5.475e-01  5.501e-01  5.526e-01  5.549e-01  5.570e-01  5.590e-01  5.609e-01  5.627e-01  5.644e-01  5.659e-01  5.674e-01  5.688e-01 	
 9.671e-02  1.212e-01  1.478e-01  1.757e-01  2.043e-01  2.328e-01  2.607e-01  2.875e-01  3.129e-01  3.367e-01  3.587e-01  3.790e-01  3.976e-01  4.145e-01  4.299e-01  4.439e-01  4.566e-01  4.681e-01  4.785e-01  4.879e-01  4.965e-01  5.042e-01  5.113e-01  5.177e-01  5.235e-01  5.288e-01  5.337e-01  5.381e-01  5.422e-01  5.459e-01  5.493e-01  5.525e-01  5.554e-01  5.580e-01  5.605e-01  5.628e-01  5.649e-01  5.669e-01  5.687e-01  5.704e-01  5.720e-01  5.735e-01  5.748e-01  5.761e-01  5.774e-01  5.785e-01  5.796e-01  5.806e-01  5.816e-01  5.825e-01 	
 1.501e-01  1.838e-01  2.183e-01  2.523e-01  2.850e-01  3.156e-01  3.438e-01  3.695e-01  3.926e-01  4.134e-01  4.318e-01  4.483e-01  4.628e-01  4.758e-01  4.873e-01  4.976e-01  5.067e-01  5.149e-01  5.222e-01  5.287e-01  5.346e-01  5.399e-01  5.447e-01  5.490e-01  5.529e-01  5.565e-01  5.597e-01  5.627e-01  5.654e-01  5.678e-01  5.701e-01  5.721e-01  5.740e-01  5.758e-01  5.774e-01  5.789e-01  5.803e-01  5.816e-01  5.828e-01  5.839e-01  5.849e-01  5.859e-01  5.868e-01  5.877e-01  5.885e-01  5.892e-01  5.899e-01  5.906e-01  5.912e-01  5.918e-01 	
 2.206e-01  2.612e-01  2.997e-01  3.350e-01  3.666e-01  3.945e-01  4.189e-01  4.401e-01  4.584e-01  4.743e-01  4.881e-01  5.000e-01  5.105e-01  5.196e-01  5.276e-01  5.347e-01  5.410e-01  5.465e-01  5.515e-01  5.559e-01  5.599e-01  5.635e-01  5.667e-01  5.696e-01  5.723e-01  5.747e-01  5.768e-01  5.788e-01  5.806e-01  5.823e-01  5.838e-01  5.852e-01  5.865e-01  5.877e-01  5.888e-01  5.898e-01  5.907e-01  5.916e-01  5.924e-01  5.931e-01  5.938e-01  5.945e-01  5.951e-01  5.957e-01  5.962e-01  5.967e-01  5.972e-01  5.977e-01  5.981e-01  5.985e-01 	
 3.014e-01  3.431e-01  3.795e-01  4.107e-01  4.369e-01  4.590e-01  4.776e-01  4.931e-01  5.063e-01  5.175e-01  5.271e-01  5.354e-01  5.426e-01  5.488e-01  5.543e-01  5.592e-01  5.634e-01  5.673e-01  5.707e-01  5.737e-01  5.765e-01  5.790e-01  5.812e-01  5.832e-01  5.851e-01  5.867e-01  5.883e-01  5.897e-01  5.909e-01  5.921e-01  5.932e-01  5.942e-01  5.951e-01  5.959e-01  5.967e-01  5.974e-01  5.980e-01  5.987e-01  5.992e-01  5.998e-01  6.003e-01  6.007e-01  6.012e-01  6.016e-01  6.020e-01  6.023e-01  6.027e-01  6.030e-01  6.033e-01  6.036e-01 	
 3.802e-01  4.166e-01  4.462e-01  4.703e-01  4.897e-01  5.056e-01  5.186e-01  5.294e-01  5.385e-01  5.462e-01  5.528e-01  5.585e-01  5.634e-01  5.678e-01  5.716e-01  5.750e-01  5.781e-01  5.808e-01  5.833e-01  5.855e-01  5.875e-01  5.893e-01  5.910e-01  5.925e-01  5.938e-01  5.951e-01  5.962e-01  5.972e-01  5.982e-01  5.991e-01  5.999e-01  6.006e-01  6.013e-01  6.019e-01  6.025e-01  6.030e-01  6.035e-01  6.040e-01  6.044e-01  6.048e-01  6.051e-01  6.055e-01  6.058e-01  6.061e-01  6.064e-01  6.067e-01  6.069e-01  6.072e-01  6.074e-01  6.076e-01 	
 4.459e-01  4.738e-01  4.954e-01  5.124e-01  5.259e-01  5.368e-01  5.457e-01  5.532e-01  5.594e-01  5.648e-01  5.694e-01  5.735e-01  5.771e-01  5.803e-01  5.831e-01  5.857e-01  5.880e-01  5.901e-01  5.919e-01  5.936e-01  5.952e-01  5.966e-01  5.979e-01  5.991e-01  6.002e-01  6.012e-01  6.021e-01  6.029e-01  6.036e-01  6.043e-01  6.050e-01  6.055e-01  6.061e-01  6.066e-01  6.070e-01  6.074e-01  6.078e-01  6.082e-01  6.085e-01  6.088e-01  6.091e-01  6.093e-01  6.096e-01  6.098e-01  6.100e-01  6.102e-01  6.104e-01  6.106e-01  6.108e-01  6.109e-01 	
 4.940e-01  5.136e-01  5.285e-01  5.401e-01  5.494e-01  5.569e-01  5.632e-01  5.685e-01  5.730e-01  5.770e-01  5.804e-01  5.835e-01  5.863e-01  5.888e-01  5.910e-01  5.931e-01  5.950e-01  5.966e-01  5.982e-01  5.996e-01  6.009e-01  6.021e-01  6.031e-01  6.041e-01  6.050e-01  6.058e-01  6.066e-01  6.073e-01  6.079e-01  6.085e-01  6.090e-01  6.095e-01  6.099e-01  6.103e-01  6.107e-01  6.110e-01  6.113e-01  6.116e-01  6.119e-01  6.121e-01  6.123e-01  6.125e-01  6.127e-01  6.129e-01  6.131e-01  6.132e-01  6.134e-01  6.135e-01  6.137e-01  6.138e-01 	
 5.262e-01  5.395e-01  5.497e-01  5.578e-01  5.644e-01  5.698e-01  5.745e-01  5.785e-01  5.821e-01  5.852e-01  5.880e-01  5.905e-01  5.928e-01  5.949e-01  5.968e-01  5.986e-01  6.002e-01  6.016e-01  6.030e-01  6.042e-01  6.053e-01  6.064e-01  6.073e-01  6.082e-01  6.089e-01  6.096e-01  6.103e-01  6.109e-01  6.114e-01  6.119e-01  6.124e-01  6.128e-01  6.132e-01  6.135e-01  6.138e-01  6.141e-01  6.143e-01  6.146e-01  6.148e-01  6.150e-01  6.152e-01  6.153e-01  6.155e-01  6.156e-01  6.157e-01  6.159e-01  6.160e-01  6.161e-01  6.162e-01  6.163e-01 	
 5.469e-01  5.561e-01  5.634e-01  5.693e-01  5.743e-01  5.786e-01  5.823e-01  5.856e-01  5.886e-01  5.912e-01  5.936e-01  5.958e-01  5.978e-01  5.997e-01  6.014e-01  6.029e-01  6.044e-01  6.057e-01  6.069e-01  6.080e-01  6.090e-01  6.099e-01  6.108e-01  6.115e-01  6.123e-01  6.129e-01  6.135e-01  6.140e-01  6.145e-01  6.149e-01  6.153e-01  6.156e-01  6.160e-01  6.163e-01  6.165e-01  6.167e-01  6.170e-01  6.172e-01  6.173e-01  6.175e-01  6.176e-01  6.178e-01  6.179e-01  6.180e-01  6.181e-01  6.182e-01  6.182e-01  6.183e-01  6.184e-01  6.184e-01 	
 5.604e-01  5.671e-01  5.727e-01  5.774e-01  5.814e-01  5.850e-01  5.882e-01  5.910e-01  5.936e-01  5.960e-01  5.981e-01  6.001e-01  6.019e-01  6.036e-01  6.052e-01  6.066e-01  6.079e-01  6.091e-01  6.102e-01  6.113e-01  6.122e-01  6.130e-01  6.138e-01  6.145e-01  6.151e-01  6.157e-01  6.162e-01  6.167e-01  6.171e-01  6.175e-01  6.179e-01  6.182e-01  6.185e-01  6.187e-01  6.189e-01  6.191e-01  6.193e-01  6.194e-01  6.196e-01  6.197e-01  6.198e-01  6.199e-01  6.200e-01  6.201e-01  6.201e-01  6.202e-01  6.203e-01  6.203e-01  6.204e-01  6.204e-01 	
 5.698e-01  5.750e-01  5.795e-01  5.834e-01  5.869e-01  5.900e-01  5.929e-01  5.954e-01  5.978e-01  5.999e-01  6.019e-01  6.038e-01  6.055e-01  6.070e-01  6.085e-01  6.098e-01  6.110e-01  6.122e-01  6.132e-01  6.141e-01  6.150e-01  6.158e-01  6.165e-01  6.171e-01  6.177e-01  6.182e-01  6.187e-01  6.191e-01  6.195e-01  6.199e-01  6.202e-01  6.204e-01  6.207e-01  6.209e-01  6.211e-01  6.212e-01  6.214e-01  6.215e-01  6.216e-01  6.217e-01  6.218e-01  6.219e-01  6.219e-01  6.220e-01  6.220e-01  6.220e-01  6.221e-01  6.221e-01  6.221e-01  6.221e-01 	
 5.768e-01  5.811e-01  5.849e-01  5.884e-01  5.915e-01  5.943e-01  5.969e-01  5.993e-01  6.014e-01  6.035e-01  6.053e-01  6.070e-01  6.086e-01  6.101e-01  6.114e-01  6.127e-01  6.138e-01  6.149e-01  6.158e-01  6.167e-01  6.175e-01  6.182e-01  6.189e-01  6.195e-01  6.200e-01  6.205e-01  6.209e-01  6.213e-01  6.217e-01  6.220e-01  6.222e-01  6.225e-01  6.227e-01  6.229e-01  6.230e-01  6.231e-01  6.233e-01  6.234e-01  6.234e-01  6.235e-01  6.236e-01  6.236e-01  6.236e-01  6.237e-01  6.237e-01  6.237e-01  6.237e-01  6.237e-01  6.237e-01  6.237e-01 	
 5.825e-01  5.862e-01  5.896e-01  5.926e-01  5.955e-01  5.981e-01  6.005e-01  6.027e-01  6.047e-01  6.066e-01  6.084e-01  6.100e-01  6.115e-01  6.128e-01  6.141e-01  6.153e-01  6.164e-01  6.173e-01  6.182e-01  6.191e-01  6.198e-01  6.205e-01  6.211e-01  6.216e-01  6.221e-01  6.226e-01  6.230e-01  6.233e-01  6.236e-01  6.239e-01  6.241e-01  6.243e-01  6.245e-01  6.246e-01  6.248e-01  6.249e-01  6.249e-01  6.250e-01  6.251e-01  6.251e-01  6.251e-01  6.252e-01  6.252e-01  6.252e-01  6.252e-01  6.252e-01  6.252e-01  6.252e-01  6.251e-01  6.251e-01 	
 5.874e-01  5.906e-01  5.937e-01  5.965e-01  5.991e-01  6.015e-01  6.037e-01  6.058e-01  6.077e-01  6.095e-01  6.111e-01  6.126e-01  6.140e-01  6.153e-01  6.165e-01  6.176e-01  6.187e-01  6.196e-01  6.204e-01  6.212e-01  6.219e-01  6.225e-01  6.231e-01  6.236e-01  6.240e-01  6.244e-01  6.248e-01  6.251e-01  6.254e-01  6.256e-01  6.258e-01  6.260e-01  6.261e-01  6.262e-01  6.263e-01  6.264e-01  6.265e-01  6.265e-01  6.265e-01  6.266e-01  6.266e-01  6.266e-01  6.266e-01  6.265e-01  6.265e-01  6.265e-01  6.265e-01  6.264e-01  6.264e-01  6.264e-01 	
 5.917e-01  5.946e-01  5.974e-01  6.000e-01  6.024e-01  6.046e-01  6.067e-01  6.086e-01  6.104e-01  6.121e-01  6.136e-01  6.151e-01  6.164e-01  6.176e-01  6.187e-01  6.198e-01  6.207e-01  6.216e-01  6.224e-01  6.231e-01  6.238e-01  6.243e-01  6.249e-01  6.253e-01  6.257e-01  6.261e-01  6.264e-01  6.267e-01  6.269e-01  6.271e-01  6.273e-01  6.275e-01  6.276e-01  6.277e-01  6.277e-01  6.278e-01  6.278e-01  6.278e-01  6.279e-01  6.279e-01  6.278e-01  6.278e-01  6.278e-01  6.278e-01  6.277e-01  6.277e-01  6.276e-01  6.276e-01  6.275e-01  6.275e-01 	
 5.955e-01  5.982e-01  6.007e-01  6.031e-01  6.054e-01  6.075e-01  6.094e-01  6.112e-01  6.129e-01  6.145e-01  6.159e-01  6.173e-01  6.185e-01  6.197e-01  6.207e-01  6.217e-01  6.226e-01  6.234e-01  6.242e-01  6.248e-01  6.254e-01  6.260e-01  6.265e-01  6.269e-01  6.273e-01  6.276e-01  6.279e-01  6.281e-01  6.283e-01  6.285e-01  6.287e-01  6.288e-01  6.289e-01  6.289e-01  6.290e-01  6.290e-01  6.290e-01  6.290e-01  6.290e-01  6.290e-01  6.290e-01  6.289e-01  6.289e-01  6.289e-01  6.288e-01  6.287e-01  6.287e-01  6.286e-01  6.285e-01  6.285e-01 	
 5.990e-01  6.014e-01  6.038e-01  6.060e-01  6.081e-01  6.100e-01  6.119e-01  6.136e-01  6.151e-01  6.166e-01  6.180e-01  6.193e-01  6.204e-01  6.215e-01  6.225e-01  6.235e-01  6.243e-01  6.251e-01  6.258e-01  6.264e-01  6.270e-01  6.275e-01  6.279e-01  6.283e-01  6.287e-01  6.290e-01  6.292e-01  6.294e-01  6.296e-01  6.298e-01  6.299e-01  6.300e-01  6.300e-01  6.301e-01  6.301e-01  6.301e-01  6.301e-01  6.301e-01  6.301e-01  6.300e-01  6.300e-01  6.299e-01  6.299e-01  6.298e-01  6.297e-01  6.297e-01  6.296e-01  6.295e-01  6.294e-01  6.294e-01 	
 6.021e-01  6.043e-01  6.065e-01  6.086e-01  6.105e-01  6.123e-01  6.141e-01  6.157e-01  6.172e-01  6.185e-01  6.198e-01  6.210e-01  6.222e-01  6.232e-01  6.241e-01  6.250e-01  6.258e-01  6.265e-01  6.272e-01  6.278e-01  6.283e-01  6.288e-01  6.292e-01  6.296e-01  6.299e-01  6.302e-01  6.304e-01  6.306e-01  6.307e-01  6.309e-01  6.310e-01  6.310e-01  6.311e-01  6.311e-01  6.311e-01  6.311e-01  6.311e-01  6.311e-01  6.310e-01  6.310e-01  6.309e-01  6.308e-01  6.308e-01  6.307e-01  6.306e-01  6.305e-01  6.304e-01  6.303e-01  6.302e-01  6.301e-01 	
 6.049e-01  6.069e-01  6.089e-01  6.109e-01  6.127e-01  6.144e-01  6.160e-01  6.175e-01  6.190e-01  6.203e-01  6.215e-01  6.226e-01  6.237e-01  6.247e-01  6.256e-01  6.264e-01  6.272e-01  6.279e-01  6.285e-01  6.290e-01  6.295e-01  6.300e-01  6.304e-01  6.307e-01  6.310e-01  6.312e-01  6.314e-01  6.316e-01  6.317e-01  6.318e-01  6.319e-01  6.320e-01  6.320e-01  6.320e-01  6.320e-01  6.320e-01  6.319e-01  6.319e-01  6.318e-01  6.318e-01  6.317e-01  6.316e-01  6.315e-01  6.314e-01  6.313e-01  6.312e-01  6.311e-01  6.310e-01  6.309e-01  6.308e-01 	
 6.075e-01  6.093e-01  6.111e-01  6.129e-01  6.146e-01  6.163e-01  6.178e-01  6.192e-01  6.206e-01  6.218e-01  6.230e-01  6.241e-01  6.251e-01  6.260e-01  6.269e-01  6.277e-01  6.284e-01  6.290e-01  6.296e-01  6.301e-01  6.306e-01  6.310e-01  6.314e-01  6.317e-01  6.320e-01  6.322e-01  6.324e-01  6.325e-01  6.326e-01  6.327e-01  6.328e-01  6.328e-01  6.328e-01  6.328e-01  6.328e-01  6.328e-01  6.327e-01  6.326e-01  6.326e-01  6.325e-01  6.324e-01  6.323e-01  6.322e-01  6.321e-01  6.320e-01  6.319e-01  6.318e-01  6.316e-01  6.315e-01  6.314e-01 	
 6.097e-01  6.114e-01  6.131e-01  6.148e-01  6.164e-01  6.179e-01  6.194e-01  6.207e-01  6.220e-01  6.232e-01  6.243e-01  6.253e-01  6.263e-01  6.272e-01  6.280e-01  6.288e-01  6.295e-01  6.301e-01  6.306e-01  6.311e-01  6.316e-01  6.320e-01  6.323e-01  6.326e-01  6.328e-01  6.330e-01  6.332e-01  6.333e-01  6.334e-01  6.335e-01  6.335e-01  6.335e-01  6.335e-01  6.335e-01  6.335e-01  6.334e-01  6.334e-01  6.333e-01  6.332e-01  6.331e-01  6.330e-01  6.329e-01  6.328e-01  6.327e-01  6.326e-01  6.324e-01  6.323e-01  6.322e-01  6.321e-01  6.319e-01 	
 6.118e-01  6.133e-01  6.149e-01  6.165e-01  6.180e-01  6.194e-01  6.208e-01  6.221e-01  6.233e-01  6.244e-01  6.255e-01  6.265e-01  6.274e-01  6.283e-01  6.290e-01  6.298e-01  6.304e-01  6.310e-01  6.315e-01  6.320e-01  6.324e-01  6.328e-01  6.331e-01  6.334e-01  6.336e-01  6.338e-01  6.339e-01  6.340e-01  6.341e-01  6.342e-01  6.342e-01  6.342e-01  6.342e-01  6.341e-01  6.341e-01  6.340e-01  6.339e-01  6.339e-01  6.338e-01  6.337e-01  6.335e-01  6.334e-01  6.333e-01  6.332e-01  6.331e-01  6.329e-01  6.328e-01  6.327e-01  6.325e-01  6.324e-01 	
 6.136e-01  6.150e-01  6.165e-01  6.179e-01  6.194e-01  6.207e-01  6.220e-01  6.233e-01  6.244e-01  6.255e-01  6.265e-01  6.275e-01  6.284e-01  6.292e-01  6.299e-01  6.306e-01  6.312e-01  6.318e-01  6.323e-01  6.328e-01  6.332e-01  6.335e-01  6.338e-01  6.340e-01  6.343e-01  6.344e-01  6.345e-01  6.346e-01  6.347e-01  6.348e-01  6.348e-01  6.348e-01  6.347e-01  6.347e-01  6.346e-01  6.345e-01  6.345e-01  6.344e-01  6.343e-01  6.341e-01  6.340e-01  6.339e-01  6.338e-01  6.336e-01  6.335e-01  6.334e-01  6.332e-01  6.331e-01  6.329e-01  6.328e-01 	
 6.152e-01  6.165e-01  6.179e-01  6.193e-01  6.206e-01  6.219e-01  6.232e-01  6.243e-01  6.254e-01  6.265e-01  6.275e-01  6.284e-01  6.292e-01  6.300e-01  6.307e-01  6.314e-01  6.320e-01  6.325e-01  6.330e-01  6.334e-01  6.338e-01  6.341e-01  6.344e-01  6.347e-01  6.348e-01  6.350e-01  6.351e-01  6.352e-01  6.352e-01  6.353e-01  6.353e-01  6.353e-01  6.352e-01  6.352e-01  6.351e-01  6.350e-01  6.349e-01  6.348e-01  6.347e-01  6.346e-01  6.344e-01  6.343e-01  6.342e-01  6.340e-01  6.339e-01  6.337e-01  6.336e-01  6.334e-01  6.333e-01  6.331e-01 	
 6.167e-01  6.179e-01  6.191e-01  6.204e-01  6.217e-01  6.230e-01  6.241e-01  6.253e-01  6.263e-01  6.273e-01  6.283e-01  6.292e-01  6.300e-01  6.307e-01  6.314e-01  6.321e-01  6.326e-01  6.332e-01  6.336e-01  6.340e-01  6.344e-01  6.347e-01  6.350e-01  6.352e-01  6.354e-01  6.355e-01  6.356e-01  6.357e-01  6.357e-01  6.357e-01  6.357e-01  6.357e-01  6.356e-01  6.356e-01  6.355e-01  6.354e-01  6.353e-01  6.352e-01  6.350e-01  6.349e-01  6.348e-01  6.346e-01  6.345e-01  6.343e-01  6.342e-01  6.340e-01  6.339e-01  6.337e-01  6.336e-01  6.334e-01 	
 6.180e-01  6.191e-01  6.203e-01  6.215e-01  6.227e-01  6.239e-01  6.250e-01  6.261e-01  6.271e-01  6.281e-01  6.290e-01  6.298e-01  6.306e-01  6.314e-01  6.320e-01  6.327e-01  6.332e-01  6.337e-01  6.342e-01  6.346e-01  6.349e-01  6.352e-01  6.354e-01  6.356e-01  6.358e-01  6.359e-01  6.360e-01  6.361e-01  6.361e-01  6.361e-01  6.361e-01  6.361e-01  6.360e-01  6.359e-01  6.358e-01  6.357e-01  6.356e-01  6.355e-01  6.354e-01  6.352e-01  6.351e-01  6.349e-01  6.348e-01  6.346e-01  6.345e-01  6.343e-01  6.342e-01  6.340e-01  6.338e-01  6.337e-01 	
