 3.300e-01  3.300e-01  3.300e-01  3.300e-01  3.300e-01  3.300e-01  3.300e-01  3.300e-01  3.300e-01  3.300e-01  3.300e-01  3.300e-01  3.300e-01  3.300e-01  3.300e-01  3.300e-01  3.300e-01  3.300e-01  3.300e-01  3.300e-01  3.300e-01  3.300e-01  3.300e-01  3.300e-01  3.300e-01  3.300e-01  3.300e-01  3.300e-01  3.300e-01  3.300e-01  3.300e-01  3.300e-01  3.300e-01  3.300e-01  3.300e-01  3.300e-01  3.300e-01  3.300e-01  3.300e-01  3.300e-01  3.300e-01  3.300e-01  3.300e-01  3.300e-01  3.300e-01  3.300e-01  3.300e-01  3.300e-01  3.300e-01  3.300e-01 	
 3.852e-01  3.852e-01  3.852e-01  3.852e-01  3.852e-01  3.852e-01  3.852e-01  3.852e-01  3.852e-01  3.852e-01  3.852e-01  3.852e-01  3.852e-01  3.852e-01  3.852e-01  3.852e-01  3.852e-01  3.852e-01  3.852e-01  3.852e-01  3.852e-01  3.852e-01  3.852e-01  3.852e-01  3.852e-01  3.852e-01  3.852e-01  3.852e-01  3.852e-01  3.852e-01  3.852e-01  3.852e-01  3.852e-01  3.852e-01  3.852e-01  3.852e-01  3.852e-01  3.852e-01  3.852e-01  3.852e-01  3.852e-01  3.852e-01  3.852e-01  3.852e-01  3.852e-01  3.852e-01  3.852e-01  3.852e-01  3.852e-01  3.852e-01 	
 4.341e-01  4.341e-01  4.341e-01  4.341e-01  4.341e-01  4.341e-01  4.341e-01  4.341e-01  4.341e-01  4.341e-01  4.341e-01  4.341e-01  4.341e-01  4.341e-01  4.341e-01  4.341e-01  4.341e-01  4.341e-01  4.341e-01  4.341e-01  4.341e-01  4.341e-01  4.341e-01  4.341e-01  4.341e-01  4.341e-01  4.341e-01  4.341e-01  4.341e-01  4.341e-01  4.341e-01  4.341e-01  4.341e-01  4.341e-01  4.341e-01  4.341e-01  4.341e-01  4.341e-01  4.341e-01  4.341e-01  4.341e-01  4.341e-01  4.341e-01  4.341e-01  4.341e-01  4.341e-01  4.341e-01  4.341e-01  4.341e-01  4.341e-01 	
 4.753e-01  4.753e-01  4.753e-01  4.753e-01  4.753e-01  4.753e-01  4.753e-01  4.753e-01  4.753e-01  4.753e-01  4.753e-01  4.753e-01  4.753e-01  4.753e-01  4.753e-01  4.753e-01  4.753e-01  4.753e-01  4.753e-01  4.753e-01  4.753e-01  4.753e-01  4.753e-01  4.753e-01  4.753e-01  4.753e-01  4.753e-01  4.753e-01  4.753e-01  4.753e-01  4.753e-01  4.753e-01  4.753e-01  4.753e-01  4.753e-01  4.753e-01  4.753e-01  4.753e-01  4.753e-01  4.753e-01  4.753e-01  4.753e-01  4.753e-01  4.753e-01  4.753e-01  4.753e-01  4.753e-01  4.753e-01  4.753e-01  4.753e-01 	
 4.917e-01  4.917e-01  4.917e-01  4.917e-01  4.917e-01  4.917e-01  4.917e-01  4.917e-01  4.917e-01  4.917e-01  4.917e-01  4.917e-01  4.917e-01  4.917e-01  4.917e-01  4.917e-01  4.917e-01  4.917e-01  4.917e-01  4.917e-01  4.917e-01  4.917e-01  4.917e-01  4.917e-01  4.917e-01  4.917e-01  4.917e-01  4.917e-01  4.917e-01  4.917e-01  4.917e-01  4.917e-01  4.917e-01  4.917e-01  4.917e-01  4.917e-01  4.917e-01  4.917e-01  4.917e-01  4.917e-01  4.917e-01  4.917e-01  4.917e-01  4.917e-01  4.917e-01  4.917e-01  4.917e-01  4.917e-01  4.917e-01  4.917e-01 	
 4.774e-01  4.774e-01  4.774e-01  4.774e-01  4.774e-01  4.774e-01  4.774e-01  4.774e-01  4.774e-01  4.774e-01  4.774e-01  4.774e-01  4.774e-01  4.774e-01  4.774e-01  4.774e-01  4.774e-01  4.774e-01  4.774e-01  4.774e-01  4.774e-01  4.774e-01  4.774e-01  4.774e-01  4.774e-01  4.774e-01  4.774e-01  4.774e-01  4.774e-01  4.774e-01  4.774e-01  4.774e-01  4.774e-01  4.774e-01  4.774e-01  4.774e-01  4.774e-01  4.774e-01  4.774e-01  4.774e-01  4.774e-01  4.774e-01  4.774e-01  4.774e-01  4.774e-01  4.774e-01  4.774e-01  4.774e-01  4.774e-01  4.774e-01 	
 4.716e-01  4.716e-01  4.716e-01  4.716e-01  4.716e-01  4.716e-01  4.716e-01  4.716e-01  4.716e-01  4.716e-01  4.716e-01  4.716e-01  4.716e-01  4.716e-01  4.716e-01  4.716e-01  4.716e-01  4.716e-01  4.716e-01  4.716e-01  4.716e-01  4.716e-01  4.716e-01  4.716e-01  4.716e-01  4.716e-01  4.716e-01  4.716e-01  4.716e-01  4.716e-01  4.716e-01  4.716e-01  4.716e-01  4.716e-01  4.716e-01  4.716e-01  4.716e-01  4.716e-01  4.716e-01  4.716e-01  4.716e-01  4.716e-01  4.716e-01  4.716e-01  4.716e-01  4.716e-01  4.716e-01  4.716e-01  4.716e-01  4.716e-01 	
 4.759e-01  4.759e-01  4.759e-01  4.759e-01  4.759e-01  4.759e-01  4.759e-01  4.759e-01  4.759e-01  4.759e-01  4.759e-01  4.759e-01  4.759e-01  4.759e-01  4.759e-01  4.759e-01  4.759e-01  4.759e-01  4.759e-01  4.759e-01  4.759e-01  4.759e-01  4.759e-01  4.759e-01  4.759e-01  4.759e-01  4.759e-01  4.759e-01  4.759e-01  4.759e-01  4.759e-01  4.759e-01  4.759e-01  4.759e-01  4.759e-01  4.759e-01  4.759e-01  4.759e-01  4.759e-01  4.759e-01  4.759e-01  4.759e-01  4.759e-01  4.759e-01  4.759e-01  4.759e-01  4.759e-01  4.759e-01  4.759e-01  4.759e-01 	
 4.748e-01  4.748e-01  4.748e-01  4.748e-01  4.748e-01  4.748e-01  4.748e-01  4.748e-01  4.748e-01  4.748e-01  4.748e-01  4.748e-01  4.748e-01  4.748e-01  4.748e-01  4.748e-01  4.748e-01  4.748e-01  4.748e-01  4.748e-01  4.748e-01  4.748e-01  4.748e-01  4.748e-01  4.748e-01  4.748e-01  4.748e-01  4.748e-01  4.748e-01  4.748e-01  4.748e-01  4.748e-01  4.748e-01  4.748e-01  4.748e-01  4.748e-01  4.748e-01  4.748e-01  4.748e-01  4.748e-01  4.748e-01  4.748e-01  4.748e-01  4.748e-01  4.748e-01  4.748e-01  4.748e-01  4.748e-01  4.748e-01  4.748e-01 	
 4.852e-01  4.852e-01  4.852e-01  4.852e-01  4.852e-01  4.852e-01  4.852e-01  4.852e-01  4.852e-01  4.852e-01  4.852e-01  4.852e-01  4.852e-01  4.852e-01  4.852e-01  4.852e-01  4.852e-01  4.852e-01  4.852e-01  4.852e-01  4.852e-01  4.852e-01  4.852e-01  4.852e-01  4.852e-01  4.852e-01  4.852e-01  4.852e-01  4.852e-01  4.852e-01  4.852e-01  4.852e-01  4.852e-01  4.852e-01  4.852e-01  4.852e-01  4.852e-01  4.852e-01  4.852e-01  4.852e-01  4.852e-01  4.852e-01  4.852e-01  4.852e-01  4.852e-01  4.852e-01  4.852e-01  4.852e-01  4.852e-01  4.852e-01 	
 4.980e-01  4.980e-01  4.980e-01  4.980e-01  4.980e-01  4.980e-01  4.980e-01  4.980e-01  4.980e-01  4.980e-01  4.980e-01  4.980e-01  4.980e-01  4.980e-01  4.980e-01  4.980e-01  4.980e-01  4.980e-01  4.980e-01  4.980e-01  4.980e-01  4.980e-01  4.980e-01  4.980e-01  4.980e-01  4.980e-01  4.980e-01  4.980e-01  4.980e-01  4.980e-01  4.980e-01  4.980e-01  4.980e-01  4.980e-01  4.980e-01  4.980e-01  4.980e-01  4.980e-01  4.980e-01  4.980e-01  4.980e-01  4.980e-01  4.980e-01  4.980e-01  4.980e-01  4.980e-01  4.980e-01  4.980e-01  4.980e-01  4.980e-01 	
 5.095e-01  5.095e-01  5.095e-01  5.095e-01  5.095e-01  5.095e-01  5.095e-01  5.095e-01  5.095e-01  5.095e-01  5.095e-01  5.095e-01  5.095e-01  5.095e-01  5.095e-01  5.095e-01  5.095e-01  5.095e-01  5.095e-01  5.095e-01  5.095e-01  5.095e-01  5.095e-01  5.095e-01  5.095e-01  5.095e-01  5.095e-01  5.095e-01  5.095e-01  5.095e-01  5.095e-01  5.095e-01  5.095e-01  5.095e-01  5.095e-01  5.095e-01  5.095e-01  5.095e-01  5.095e-01  5.095e-01  5.095e-01  5.095e-01  5.095e-01  5.095e-01  5.095e-01  5.095e-01  5.095e-01  5.095e-01  5.095e-01  5.095e-01 	
 5.195e-01  5.195e-01  5.195e-01  5.195e-01  5.195e-01  5.195e-01  5.195e-01  5.195e-01  5.195e-01  5.195e-01  5.195e-01  5.195e-01  5.195e-01  5.195e-01  5.195e-01  5.195e-01  5.195e-01  5.195e-01  5.195e-01  5.195e-01  5.195e-01  5.195e-01  5.195e-01  5.195e-01  5.195e-01  5.195e-01  5.195e-01  5.195e-01  5.195e-01  5.195e-01  5.195e-01  5.195e-01  5.195e-01  5.195e-01  5.195e-01  5.195e-01  5.195e-01  5.195e-01  5.195e-01  5.195e-01  5.195e-01  5.195e-01  5.195e-01  5.195e-01  5.195e-01  5.195e-01  5.195e-01  5.195e-01  5.195e-01  5.195e-01 	
 5.287e-01  5.287e-01  5.287e-01  5.287e-01  5.287e-01  5.287e-01  5.287e-01  5.287e-01  5.287e-01  5.287e-01  5.287e-01  5.287e-01  5.287e-01  5.287e-01  5.287e-01  5.287e-01  5.287e-01  5.287e-01  5.287e-01  5.287e-01  5.287e-01  5.287e-01  5.287e-01  5.287e-01  5.287e-01  5.287e-01  5.287e-01  5.287e-01  5.287e-01  5.287e-01  5.287e-01  5.287e-01  5.287e-01  5.287e-01  5.287e-01  5.287e-01  5.287e-01  5.287e-01  5.287e-01  5.287e-01  5.287e-01  5.287e-01  5.287e-01  5.287e-01  5.287e-01  5.287e-01  5.287e-01  5.287e-01  5.287e-01  5.287e-01 	
 5.372e-01  5.372e-01  5.372e-01  5.372e-01  5.372e-01  5.372e-01  5.372e-01  5.372e-01  5.372e-01  5.372e-01  5.372e-01  5.372e-01  5.372e-01  5.372e-01  5.372e-01  5.372e-01  5.372e-01  5.372e-01  5.372e-01  5.372e-01  5.372e-01  5.372e-01  5.372e-01  5.372e-01  5.372e-01  5.372e-01  5.372e-01  5.372e-01  5.372e-01  5.372e-01  5.372e-01  5.372e-01  5.372e-01  5.372e-01  5.372e-01  5.372e-01  5.372e-01  5.372e-01  5.372e-01  5.372e-01  5.372e-01  5.372e-01  5.372e-01  5.372e-01  5.372e-01  5.372e-01  5.372e-01  5.372e-01  5.372e-01  5.372e-01 	
 5.452e-01  5.452e-01  5.452e-01  5.452e-01  5.452e-01  5.452e-01  5.452e-01  5.452e-01  5.452e-01  5.452e-01  5.452e-01  5.452e-01  5.452e-01  5.452e-01  5.452e-01  5.452e-01  5.452e-01  5.452e-01  5.452e-01  5.452e-01  5.452e-01  5.452e-01  5.452e-01  5.452e-01  5.452e-01  5.452e-01  5.452e-01  5.452e-01  5.452e-01  5.452e-01  5.452e-01  5.452e-01  5.452e-01  5.452e-01  5.452e-01  5.452e-01  5.452e-01  5.452e-01  5.452e-01  5.452e-01  5.452e-01  5.452e-01  5.452e-01  5.452e-01  5.452e-01  5.452e-01  5.452e-01  5.452e-01  5.452e-01  5.452e-01 	
 5.527e-01  5.527e-01  5.527e-01  5.527e-01  5.527e-01  5.527e-01  5.527e-01  5.527e-01  5.527e-01  5.527e-01  5.527e-01  5.527e-01  5.527e-01  5.527e-01  5.527e-01  5.527e-01  5.527e-01  5.527e-01  5.527e-01  5.527e-01  5.527e-01  5.527e-01  5.527e-01  5.527e-01  5.527e-01  5.527e-01  5.527e-01  5.527e-01  5.527e-01  5.527e-01  5.527e-01  5.527e-01  5.527e-01  5.527e-01  5.527e-01  5.527e-01  5.527e-01  5.527e-01  5.527e-01  5.527e-01  5.527e-01  5.527e-01  5.527e-01  5.527e-01  5.527e-01  5.527e-01  5.527e-01  5.527e-01  5.527e-01  5.527e-01 	
 5.596e-01  5.596e-01  5.596e-01  5.596e-01  5.596e-01  5.596e-01  5.596e-01  5.596e-01  5.596e-01  5.596e-01  5.596e-01  5.596e-01  5.596e-01  5.596e-01  5.596e-01  5.596e-01  5.596e-01  5.596e-01  5.596e-01  5.596e-01  5.596e-01  5.596e-01  5.596e-01  5.596e-01  5.596e-01  5.596e-01  5.596e-01  5.596e-01  5.596e-01  5.596e-01  5.596e-01  5.596e-01  5.596e-01  5.596e-01  5.596e-01  5.596e-01  5.596e-01  5.596e-01  5.596e-01  5.596e-01  5.596e-01  5.596e-01  5.596e-01  5.596e-01  5.596e-01  5.596e-01  5.596e-01  5.596e-01  5.596e-01  5.596e-01 	
 5.660e-01  5.660e-01  5.660e-01  5.660e-01  5.660e-01  5.660e-01  5.660e-01  5.660e-01  5.660e-01  5.660e-01  5.660e-01  5.660e-01  5.660e-01  5.660e-01  5.660e-01  5.660e-01  5.660e-01  5.660e-01  5.660e-01  5.660e-01  5.660e-01  5.660e-01  5.660e-01  5.660e-01  5.660e-01  5.660e-01  5.660e-01  5.660e-01  5.660e-01  5.660e-01  5.660e-01  5.660e-01  5.660e-01  5.660e-01  5.660e-01  5.660e-01  5.660e-01  5.660e-01  5.660e-01  5.660e-01  5.660e-01  5.660e-01  5.660e-01  5.660e-01  5.660e-01  5.660e-01  5.660e-01  5.660e-01  5.660e-01  5.660e-01 	
 5.718e-01  5.718e-01  5.718e-01  5.718e-01  5.718e-01  5.718e-01  5.718e-01  5.718e-01  5.718e-01  5.718e-01  5.718e-01  5.718e-01  5.718e-01  5.718e-01  5.718e-01  5.718e-01  5.718e-01  5.718e-01  5.718e-01  5.718e-01  5.718e-01  5.718e-01  5.718e-01  5.718e-01  5.718e-01  5.718e-01  5.718e-01  5.718e-01  5.718e-01  5.718e-01  5.718e-01  5.718e-01  5.718e-01  5.718e-01  5.718e-01  5.718e-01  5.718e-01  5.718e-01  5.718e-01  5.718e-01  5.718e-01  5.718e-01  5.718e-01  5.718e-01  5.718e-01  5.718e-01  5.718e-01  5.718e-01  5.718e-01  5.718e-01 	
 5.772e-01  5.772e-01  5.772e-01  5.772e-01  5.772e-01  5.772e-01  5.772e-01  5.772e-01  5.772e-01  5.772e-01  5.772e-01  5.772e-01  5.772e-01  5.772e-01  5.772e-01  5.772e-01  5.772e-01  5.772e-01  5.772e-01  5.772e-01  5.772e-01  5.772e-01  5.772e-01  5.772e-01  5.772e-01  5.772e-01  5.772e-01  5.772e-01  5.772e-01  5.772e-01  5.772e-01  5.772e-01  5.772e-01  5.772e-01  5.772e-01  5.772e-01  5.772e-01  5.772e-01  5.772e-01  5.772e-01  5.772e-01  5.772e-01  5.772e-01  5.772e-01  5.772e-01  5.772e-01  5.772e-01  5.772e-01  5.772e-01  5.772e-01 	
 5.821e-01  5.821e-01  5.821e-01  5.821e-01  5.821e-01  5.821e-01  5.821e-01  5.821e-01  5.821e-01  5.821e-01  5.821e-01  5.821e-01  5.821e-01  5.821e-01  5.821e-01  5.821e-01  5.821e-01  5.821e-01  5.821e-01  5.821e-01  5.821e-01  5.821e-01  5.821e-01  5.821e-01  5.821e-01  5.821e-01  5.821e-01  5.821e-01  5.821e-01  5.821e-01  5.821e-01  5.821e-01  5.821e-01  5.821e-01  5.821e-01  5.821e-01  5.821e-01  5.821e-01  5.821e-01  5.821e-01  5.821e-01  5.821e-01  5.821e-01  5.821e-01  5.821e-01  5.821e-01  5.821e-01  5.821e-01  5.821e-01  5.821e-01 	
 5.866e-01  5.866e-01  5.866e-01  5.866e-01  5.866e-01  5.866e-01  5.866e-01  5.866e-01  5.866e-01  5.866e-01  5.866e-01  5.866e-01  5.866e-01  5.866e-01  5.866e-01  5.866e-01  5.866e-01  5.866e-01  5.866e-01  5.866e-01  5.866e-01  5.866e-01  5.866e-01  5.866e-01  5.866e-01  5.866e-01  5.866e-01  5.866e-01  5.866e-01  5.866e-01  5.866e-01  5.866e-01  5.866e-01  5.866e-01  5.866e-01  5.866e-01  5.866e-01  5.866e-01  5.866e-01  5.866e-01  5.866e-01  5.866e-01  5.866e-01  5.866e-01  5.866e-01  5.866e-01  5.866e-01  5.866e-01  5.866e-01  5.866e-01 	
 5.907e-01  5.907e-01  5.907e-01  5.907e-01  5.907e-01  5.907e-01  5.907e-01  5.907e-01  5.907e-01  5.907e-01  5.907e-01  5.907e-01  5.907e-01  5.907e-01  5.907e-01  5.907e-01  5.907e-01  5.907e-01  5.907e-01  5.907e-01  5.907e-01  5.907e-01  5.907e-01  5.907e-01  5.907e-01  5.907e-01  5.907e-01  5.907e-01  5.907e-01  5.907e-01  5.907e-01  5.907e-01  5.907e-01  5.907e-01  5.907e-01  5.907e-01  5.907e-01  5.907e-01  5.907e-01  5.907e-01  5.907e-01  5.907e-01  5.907e-01  5.907e-01  5.907e-01  5.907e-01  5.907e-01  5.907e-01  5.907e-01  5.907e-01 	
 5.944e-01  5.944e-01  5.944e-01  5.944e-01  5.944e-01  5.944e-01  5.944e-01  5.944e-01  5.944e-01  5.944e-01  5.944e-01  5.944e-01  5.944e-01  5.944e-01  5.944e-01  5.944e-01  5.944e-01  5.944e-01  5.944e-01  5.944e-01  5.944e-01  5.944e-01  5.944e-01  5.944e-01  5.944e-01  5.944e-01  5.944e-01  5.944e-01  5.944e-01  5.944e-01  5.944e-01  5.944e-01  5.944e-01  5.944e-01  5.944e-01  5.944e-01  5.944e-01  5.944e-01  5.944e-01  5.944e-01  5.944e-01  5.944e-01  5.944e-01  5.944e-01  5.944e-01  5.944e-01  5.944e-01  5.944e-01  5.944e-01  5.944e-01 	
 5.978e-01  5.978e-01  5.978e-01  5.978e-01  5.978e-01  5.978e-01  5.978e-01  5.978e-01  5.978e-01  5.978e-01  5.978e-01  5.978e-01  5.978e-01  5.978e-01  5.978e-01  5.978e-01  5.978e-01  5.978e-01  5.978e-01  5.978e-01  5.978e-01  5.978e-01  5.978e-01  5.978e-01  5.978e-01  5.978e-01  5.978e-01  5.978e-01  5.978e-01  5.978e-01  5.978e-01  5.978e-01  5.978e-01  5.978e-01  5.978e-01  5.978e-01  5.978e-01  5.978e-01  5.978e-01  5.978e-01  5.978e-01  5.978e-01  5.978e-01  5.978e-01  5.978e-01  5.978e-01  5.978e-01  5.978e-01  5.978e-01  5.978e-01 	
 6.009e-01  6.009e-01  6.009e-01  6.009e-01  6.009e-01  6.009e-01  6.009e-01  6.009e-01  6.009e-01  6.009e-01  6.009e-01  6.009e-01  6.009e-01  6.009e-01  6.009e-01  6.009e-01  6.009e-01  6.009e-01  6.009e-01  6.009e-01  6.009e-01  6.009e-01  6.009e-01  6.009e-01  6.009e-01  6.009e-01  6.009e-01  6.009e-01  6.009e-01  6.009e-01  6.009e-01  6.009e-01  6.009e-01  6.009e-01  6.009e-01  6.009e-01  6.009e-01  6.009e-01  6.009e-01  6.009e-01  6.009e-01  6.009e-01  6.009e-01  6.009e-01  6.009e-01  6.009e-01  6.009e-01  6.009e-01  6.009e-01  6.009e-01 	
 6.037e-01  6.037e-01  6.037e-01  6.037e-01  6.037e-01  6.037e-01  6.037e-01  6.037e-01  6.037e-01  6.037e-01  6.037e-01  6.037e-01  6.037e-01  6.037e-01  6.037e-01  6.037e-01  6.037e-01  6.037e-01  6.037e-01  6.037e-01  6.037e-01  6.037e-01  6.037e-01  6.037e-01  6.037e-01  6.037e-01  6.037e-01  6.037e-01  6.037e-01  6.037e-01  6.037e-01  6.037e-01  6.037e-01  6.037e-01  6.037e-01  6.037e-01  6.037e-01  6.037e-01  6.037e-01  6.037e-01  6.037e-01  6.037e-01  6.037e-01  6.037e-01  6.037e-01  6.037e-01  6.037e-01  6.037e-01  6.037e-01  6.037e-01 	
 6.062e-01  6.062e-01  6.062e-01  6.062e-01  6.062e-01  6.062e-01  6.062e-01  6.062e-01  6.062e-01  6.062e-01  6.062e-01  6.062e-01  6.062e-01  6.062e-01  6.062e-01  6.062e-01  6.062e-01  6.062e-01  6.062e-01  6.062e-01  6.062e-01  6.062e-01  6.062e-01  6.062e-01  6.062e-01  6.062e-01  6.062e-01  6.062e-01  6.062e-01  6.062e-01  6.062e-01  6.062e-01  6.062e-01  6.062e-01  6.062e-01  6.062e-01  6.062e-01  6.062e-01  6.062e-01  6.062e-01  6.062e-01  6.062e-01  6.062e-01  6.062e-01  6.062e-01  6.062e-01  6.062e-01  6.062e-01  6.062e-01  6.062e-01 	
 6.084e-01  6.084e-01  6.084e-01  6.084e-01  6.084e-01  6.084e-01  6.084e-01  6.084e-01  6.084e-01  6.084e-01  6.084e-01  6.084e-01  6.084e-01  6.084e-01  6.084e-01  6.084e-01  6.084e-01  6.084e-01  6.084e-01  6.084e-01  6.084e-01  6.084e-01  6.084e-01  6.084e-01  6.084e-01  6.084e-01  6.084e-01  6.084e-01  6.084e-01  6.084e-01  6.084e-01  6.084e-01  6.084e-01  6.084e-01  6.084e-01  6.084e-01  6.084e-01  6.084e-01  6.084e-01  6.084e-01  6.084e-01  6.084e-01  6.084e-01  6.084e-01  6.084e-01  6.084e-01  6.084e-01  6.084e-01  6.084e-01  6.084e-01 	
 6.104e-01  6.104e-01  6.104e-01  6.104e-01  6.104e-01  6.104e-01  6.104e-01  6.104e-01  6.104e-01  6.104e-01  6.104e-01  6.104e-01  6.104e-01  6.104e-01  6.104e-01  6.104e-01  6.104e-01  6.104e-01  6.104e-01  6.104e-01  6.104e-01  6.104e-01  6.104e-01  6.104e-01  6.104e-01  6.104e-01  6.104e-01  6.104e-01  6.104e-01  6.104e-01  6.104e-01  6.104e-01  6.104e-01  6.104e-01  6.104e-01  6.104e-01  6.104e-01  6.104e-01  6.104e-01  6.104e-01  6.104e-01  6.104e-01  6.104e-01  6.104e-01  6.104e-01  6.104e-01  6.104e-01  6.104e-01  6.104e-01  6.104e-01 	
 6.122e-01  6.122e-01  6.122e-01  6.122e-01  6.122e-01  6.122e-01  6.122e-01  6.122e-01  6.122e-01  6.122e-01  6.122e-01  6.122e-01  6.122e-01  6.122e-01  6.122e-01  6.122e-01  6.122e-01  6.122e-01  6.122e-01  6.122e-01  6.122e-01  6.122e-01  6.122e-01  6.122e-01  6.122e-01  6.122e-01  6.122e-01  6.122e-01  6.122e-01  6.122e-01  6.122e-01  6.122e-01  6.122e-01  6.122e-01  6.122e-01  6.122e-01  6.122e-01  6.122e-01  6.122e-01  6.122e-01  6.122e-01  6.122e-01  6.122e-01  6.122e-01  6.122e-01  6.122e-01  6.122e-01  6.122e-01  6.122e-01  6.122e-01 	
 6.138e-01  6.138e-01  6.138e-01  6.138e-01  6.138e-01  6.138e-01  6.138e-01  6.138e-01  6.138e-01  6.138e-01  6.138e-01  6.138e-01  6.138e-01  6.138e-01  6.138e-01  6.138e-01  6.138e-01  6.138e-01  6.138e-01  6.138e-01  6.138e-01  6.138e-01  6.138e-01  6.138e-01  6.138e-01  6.138e-01  6.138e-01  6.138e-01  6.138e-01  6.138e-01  6.138e-01  6.138e-01  6.138e-01  6.138e-01  6.138e-01  6.138e-01  6.138e-01  6.138e-01  6.138e-01  6.138e-01  6.138e-01  6.138e-01  6.138e-01  6.138e-01  6.138e-01  6.138e-01  6.138e-01  6.138e-01  6.138e-01  6.138e-01 	
 6.153e-01  6.153e-01  6.153e-01  6.153e-01  6.153e-01  6.153e-01  6.153e-01  6.153e-01  6.153e-01  6.153e-01  6.153e-01  6.153e-01  6.153e-01  6.153e-01  6.153e-01  6.153e-01  6.153e-01  6.153e-01  6.153e-01  6.153e-01  6.153e-01  6.153e-01  6.153e-01  6.153e-01  6.153e-01  6.153e-01  6.153e-01  6.153e-01  6.153e-01  6.153e-01  6.153e-01  6.153e-01  6.153e-01  6.153e-01  6.153e-01  6.153e-01  6.153e-01  6.153e-01  6.153e-01  6.153e-01  6.153e-01  6.153e-01  6.153e-01  6.153e-01  6.153e-01  6.153e-01  6.153e-01  6.153e-01  6.153e-01  6.153e-01 	
 6.165e-01  6.165e-01  6.165e-01  6.165e-01  6.165e-01  6.165e-01  6.165e-01  6.165e-01  6.165e-01  6.165e-01  6.165e-01  6.165e-01  6.165e-01  6.165e-01  6.165e-01  6.165e-01  6.165e-01  6.165e-01  6.165e-01  6.165e-01  6.165e-01  6.165e-01  6.165e-01  6.165e-01  6.165e-01  6.165e-01  6.165e-01  6.165e-01  6.165e-01  6.165e-01  6.165e-01  6.165e-01  6.165e-01  6.165e-01  6.165e-01  6.165e-01  6.165e-01  6.165e-01  6.165e-01  6.165e-01  6.165e-01  6.165e-01  6.165e-01  6.165e-01  6.165e-01  6.165e-01  6.165e-01  6.165e-01  6.165e-01  6.165e-01 	
 6.177e-01  6.177e-01  6.177e-01  6.177e-01  6.177e-01  6.177e-01  6.177e-01  6.177e-01  6.177e-01  6.177e-01  6.177e-01  6.177e-01  6.177e-01  6.177e-01  6.177e-01  6.177e-01  6.177e-01  6.177e-01  6.177e-01  6.177e-01  6.177e-01  6.177e-01  6.177e-01  6.177e-01  6.177e-01  6.177e-01  6.177e-01  6.177e-01  6.177e-01  6.177e-01  6.177e-01  6.177e-01  6.177e-01  6.177e-01  6.177e-01  6.177e-01  6.177e-01  6.177e-01  6.177e-01  6.177e-01  6.177e-01  6.177e-01  6.177e-01  6.177e-01  6.177e-01  6.177e-01  6.177e-01  6.177e-01  6.177e-01  6.177e-01 	
 6.186e-01  6.186e-01  6.186e-01  6.186e-01  6.186e-01  6.186e-01  6.186e-01  6.186e-01  6.186e-01  6.186e-01  6.186e-01  6.186e-01  6.186e-01  6.186e-01  6.186e-01  6.186e-01  6.186e-01  6.186e-01  6.186e-01  6.186e-01  6.186e-01  6.186e-01  6.186e-01  6.186e-01  6.186e-01  6.186e-01  6.186e-01  6.186e-01  6.186e-01  6.186e-01  6.186e-01  6.186e-01  6.186e-01  6.186e-01  6.186e-01  6.186e-01  6.186e-01  6.186e-01  6.186e-01  6.186e-01  6.186e-01  6.186e-01  6.186e-01  6.186e-01  6.186e-01  6.186e-01  6.186e-01  6.186e-01  6.186e-01  6.186e-01 	
 6.195e-01  6.195e-01  6.195e-01  6.195e-01  6.195e-01  6.195e-01  6.195e-01  6.195e-01  6.195e-01  6.195e-01  6.195e-01  6.195e-01  6.195e-01  6.195e-01  6.195e-01  6.195e-01  6.195e-01  6.195e-01  6.195e-01  6.195e-01  6.195e-01  6.195e-01  6.195e-01  6.195e-01  6.195e-01  6.195e-01  6.195e-01  6.195e-01  6.195e-01  6.195e-01  6.195e-01  6.195e-01  6.195e-01  6.195e-01  6.195e-01  6.195e-01  6.195e-01  6.195e-01  6.195e-01  6.195e-01  6.195e-01  6.195e-01  6.195e-01  6.195e-01  6.195e-01  6.195e-01  6.195e-01  6.195e-01  6.195e-01  6.195e-01 	
 6.203e-01  6.203e-01  6.203e-01  6.203e-01  6.203e-01  6.203e-01  6.203e-01  6.203e-01  6.203e-01  6.203e-01  6.203e-01  6.203e-01  6.203e-01  6.203e-01  6.203e-01  6.203e-01  6.203e-01  6.203e-01  6.203e-01  6.203e-01  6.203e-01  6.203e-01  6.203e-01  6.203e-01  6.203e-01  6.203e-01  6.203e-01  6.203e-01  6.203e-01  6.203e-01  6.203e-01  6.203e-01  6.203e-01  6.203e-01  6.203e-01  6.203e-01  6.203e-01  6.203e-01  6.203e-01  6.203e-01  6.203e-01  6.203e-01  6.203e-01  6.203e-01  6.203e-01  6.203e-01  6.203e-01  6.203e-01  6.203e-01  6.203e-01 	
 6.209e-01  6.209e-01  6.209e-01  6.209e-01  6.209e-01  6.209e-01  6.209e-01  6.209e-01  6.209e-01  6.209e-01  6.209e-01  6.209e-01  6.209e-01  6.209e-01  6.209e-01  6.209e-01  6.209e-01  6.209e-01  6.209e-01  6.209e-01  6.209e-01  6.209e-01  6.209e-01  6.209e-01  6.209e-01  6.209e-01  6.209e-01  6.209e-01  6.209e-01  6.209e-01  6.209e-01  6.209e-01  6.209e-01  6.209e-01  6.209e-01  6.209e-01  6.209e-01  6.209e-01  6.209e-01  6.209e-01  6.209e-01  6.209e-01  6.209e-01  6.209e-01  6.209e-01  6.209e-01  6.209e-01  6.209e-01  6.209e-01  6.209e-01 	
 6.215e-01  6.215e-01  6.215e-01  6.215e-01  6.215e-01  6.215e-01  6.215e-01  6.215e-01  6.215e-01  6.215e-01  6.215e-01  6.215e-01  6.215e-01  6.215e-01  6.215e-01  6.215e-01  6.215e-01  6.215e-01  6.215e-01  6.215e-01  6.215e-01  6.215e-01  6.215e-01  6.215e-01  6.215e-01  6.215e-01  6.215e-01  6.215e-01  6.215e-01  6.215e-01  6.215e-01  6.215e-01  6.215e-01  6.215e-01  6.215e-01  6.215e-01  6.215e-01  6.215e-01  6.215e-01  6.215e-01  6.215e-01  6.215e-01  6.215e-01  6.215e-01  6.215e-01  6.215e-01  6.215e-01  6.215e-01  6.215e-01  6.215e-01 	
 6.220e-01  6.220e-01  6.220e-01  6.220e-01  6.220e-01  6.220e-01  6.220e-01  6.220e-01  6.220e-01  6.220e-01  6.220e-01  6.220e-01  6.220e-01  6.220e-01  6.220e-01  6.220e-01  6.220e-01  6.220e-01  6.220e-01  6.220e-01  6.220e-01  6.220e-01  6.220e-01  6.220e-01  6.220e-01  6.220e-01  6.220e-01  6.220e-01  6.220e-01  6.220e-01  6.220e-01  6.220e-01  6.220e-01  6.220e-01  6.220e-01  6.220e-01  6.220e-01  6.220e-01  6.220e-01  6.220e-01  6.220e-01  6.220e-01  6.220e-01  6.220e-01  6.220e-01  6.220e-01  6.220e-01  6.220e-01  6.220e-01  6.220e-01 	
 6.224e-01  6.224e-01  6.224e-01  6.224e-01  6.224e-01  6.224e-01  6.224e-01  6.224e-01  6.224e-01  6.224e-01  6.224e-01  6.224e-01  6.224e-01  6.224e-01  6.224e-01  6.224e-01  6.224e-01  6.224e-01  6.224e-01  6.224e-01  6.224e-01  6.224e-01  6.224e-01  6.224e-01  6.224e-01  6.224e-01  6.224e-01  6.224e-01  6.224e-01  6.224e-01  6.224e-01  6.224e-01  6.224e-01  6.224e-01  6.224e-01  6.224e-01  6.224e-01  6.224e-01  6.224e-01  6.224e-01  6.224e-01  6.224e-01  6.224e-01  6.224e-01  6.224e-01  6.224e-01  6.224e-01  6.224e-01  6.224e-01  6.224e-01 	
 6.228e-01  6.228e-01  6.228e-01  6.228e-01  6.228e-01  6.228e-01  6.228e-01  6.228e-01  6.228e-01  6.228e-01  6.228e-01  6.228e-01  6.228e-01  6.228e-01  6.228e-01  6.228e-01  6.228e-01  6.228e-01  6.228e-01  6.228e-01  6.228e-01  6.228e-01  6.228e-01  6.228e-01  6.228e-01  6.228e-01  6.228e-01  6.228e-01  6.228e-01  6.228e-01  6.228e-01  6.228e-01  6.228e-01  6.228e-01  6.228e-01  6.228e-01  6.228e-01  6.228e-01  6.228e-01  6.228e-01  6.228e-01  6.228e-01  6.228e-01  6.228e-01  6.228e-01  6.228e-01  6.228e-01  6.228e-01  6.228e-01  6.228e-01 	
 6.231e-01  6.231e-01  6.231e-01  6.231e-01  6.231e-01  6.231e-01  6.231e-01  6.231e-01  6.231e-01  6.231e-01  6.231e-01  6.231e-01  6.231e-01  6.231e-01  6.231e-01  6.231e-01  6.231e-01  6.231e-01  6.231e-01  6.231e-01  6.231e-01  6.231e-01  6.231e-01  6.231e-01  6.231e-01  6.231e-01  6.231e-01  6.231e-01  6.231e-01  6.231e-01  6.231e-01  6.231e-01  6.231e-01  6.231e-01  6.231e-01  6.231e-01  6.231e-01  6.231e-01  6.231e-01  6.231e-01  6.231e-01  6.231e-01  6.231e-01  6.231e-01  6.231e-01  6.231e-01  6.231e-01  6.231e-01  6.231e-01  6.231e-01 	
 6.234e-01  6.234e-01  6.234e-01  6.234e-01  6.234e-01  6.234e-01  6.234e-01  6.234e-01  6.234e-01  6.234e-01  6.234e-01  6.234e-01  6.234e-01  6.234e-01  6.234e-01  6.234e-01  6.234e-01  6.234e-01  6.234e-01  6.234e-01  6.234e-01  6.234e-01  6.234e-01  6.234e-01  6.234e-01  6.234e-01  6.234e-01  6.234e-01  6.234e-01  6.234e-01  6.234e-01  6.234e-01  6.234e-01  6.234e-01  6.234e-01  6.234e-01  6.234e-01  6.234e-01  6.234e-01  6.234e-01  6.234e-01  6.234e-01  6.234e-01  6.234e-01  6.234e-01  6.234e-01  6.234e-01  6.234e-01  6.234e-01  6.234e-01 	
 6.236e-01  6.236e-01  6.236e-01  6.236e-01  6.236e-01  6.236e-01  6.236e-01  6.236e-01  6.236e-01  6.236e-01  6.236e-01  6.236e-01  6.236e-01  6.236e-01  6.236e-01  6.236e-01  6.236e-01  6.236e-01  6.236e-01  6.236e-01  6.236e-01  6.236e-01  6.236e-01  6.236e-01  6.236e-01  6.236e-01  6.236e-01  6.236e-01  6.236e-01  6.236e-01  6.236e-01  6.236e-01  6.236e-01  6.236e-01  6.236e-01  6.236e-01  6.236e-01  6.236e-01  6.236e-01  6.236e-01  6.236e-01  6.236e-01  6.236e-01  6.236e-01  6.236e-01  6.236e-01  6.236e-01  6.236e-01  6.236e-01  6.236e-01 	
 6.238e-01  6.238e-01  6.238e-01  6.238e-01  6.238e-01  6.238e-01  6.238e-01  6.238e-01  6.238e-01  6.238e-01  6.238e-01  6.238e-01  6.238e-01  6.238e-01  6.238e-01  6.238e-01  6.238e-01  6.238e-01  6.238e-01  6.238e-01  6.238e-01  6.238e-01  6.238e-01  6.238e-01  6.238e-01  6.238e-01  6.238e-01  6.238e-01  6.238e-01  6.238e-01  6.238e-01  6.238e-01  6.238e-01  6.238e-01  6.238e-01  6.238e-01  6.238e-01  6.238e-01  6.238e-01  6.238e-01  6.238e-01  6.238e-01  6.238e-01  6.238e-01  6.238e-01  6.238e-01  6.238e-01  6.238e-01  6.238e-01  6.238e-01 	
 6.239e-01  6.239e-01  6.239e-01  6.239e-01  6.239e-01  6.239e-01  6.239e-01  6.239e-01  6.239e-01  6.239e-01  6.239e-01  6.239e-01  6.239e-01  6.239e-01  6.239e-01  6.239e-01  6.239e-01  6.239e-01  6.239e-01  6.239e-01  6.239e-01  6.239e-01  6.239e-01  6.239e-01  6.239e-01  6.239e-01  6.239e-01  6.239e-01  6.239e-01  6.239e-01  6.239e-01  6.239e-01  6.239e-01  6.239e-01  6.239e-01  6.239e-01  6.239e-01  6.239e-01  6.239e-01  6.239e-01  6.239e-01  6.239e-01  6.239e-01  6.239e-01  6.239e-01  6.239e-01  6.239e-01  6.239e-01  6.239e-01  6.239e-01 	
 6.241e-01  6.241e-01  6.241e-01  6.241e-01  6.241e-01  6.241e-01  6.241e-01  6.241e-01  6.241e-01  6.241e-01  6.241e-01  6.241e-01  6.241e-01  6.241e-01  6.241e-01  6.241e-01  6.241e-01  6.241e-01  6.241e-01  6.241e-01  6.241e-01  6.241e-01  6.241e-01  6.241e-01  6.241e-01  6.241e-01  6.241e-01  6.241e-01  6.241e-01  6.241e-01  6.241e-01  6.241e-01  6.241e-01  6.241e-01  6.241e-01  6.241e-01  6.241e-01  6.241e-01  6.241e-01  6.241e-01  6.241e-01  6.241e-01  6.241e-01  6.241e-01  6.241e-01  6.241e-01  6.241e-01  6.241e-01  6.241e-01  6.241e-01 	
