 4.049e-01  4.049e-01  4.049e-01  4.049e-01  4.049e-01  4.049e-01  4.049e-01  4.049e-01  4.049e-01  4.049e-01  4.049e-01  4.049e-01  4.049e-01  4.049e-01  4.049e-01  4.049e-01  4.049e-01  4.049e-01  4.049e-01  4.049e-01  4.049e-01  4.049e-01  4.049e-01  4.049e-01  4.049e-01  4.049e-01  4.049e-01  4.049e-01  4.049e-01  4.049e-01  4.049e-01  4.049e-01  4.049e-01  4.049e-01  4.049e-01  4.049e-01  4.049e-01  4.049e-01  4.049e-01  4.049e-01  4.049e-01  4.049e-01  4.049e-01  4.049e-01  4.049e-01  4.049e-01  4.049e-01  4.049e-01  4.049e-01  4.049e-01 	
 4.514e-01  4.514e-01  4.514e-01  4.514e-01  4.514e-01  4.514e-01  4.514e-01  4.514e-01  4.514e-01  4.514e-01  4.514e-01  4.514e-01  4.514e-01  4.514e-01  4.514e-01  4.514e-01  4.514e-01  4.514e-01  4.514e-01  4.514e-01  4.514e-01  4.514e-01  4.514e-01  4.514e-01  4.514e-01  4.514e-01  4.514e-01  4.514e-01  4.514e-01  4.514e-01  4.514e-01  4.514e-01  4.514e-01  4.514e-01  4.514e-01  4.514e-01  4.514e-01  4.514e-01  4.514e-01  4.514e-01  4.514e-01  4.514e-01  4.514e-01  4.514e-01  4.514e-01  4.514e-01  4.514e-01  4.514e-01  4.514e-01  4.514e-01 	
 4.814e-01  4.814e-01  4.814e-01  4.814e-01  4.814e-01  4.814e-01  4.814e-01  4.814e-01  4.814e-01  4.814e-01  4.814e-01  4.814e-01  4.814e-01  4.814e-01  4.814e-01  4.814e-01  4.814e-01  4.814e-01  4.814e-01  4.814e-01  4.814e-01  4.814e-01  4.814e-01  4.814e-01  4.814e-01  4.814e-01  4.814e-01  4.814e-01  4.814e-01  4.814e-01  4.814e-01  4.814e-01  4.814e-01  4.814e-01  4.814e-01  4.814e-01  4.814e-01  4.814e-01  4.814e-01  4.814e-01  4.814e-01  4.814e-01  4.814e-01  4.814e-01  4.814e-01  4.814e-01  4.814e-01  4.814e-01  4.814e-01  4.814e-01 	
 4.808e-01  4.808e-01  4.808e-01  4.808e-01  4.808e-01  4.808e-01  4.808e-01  4.808e-01  4.808e-01  4.808e-01  4.808e-01  4.808e-01  4.808e-01  4.808e-01  4.808e-01  4.808e-01  4.808e-01  4.808e-01  4.808e-01  4.808e-01  4.808e-01  4.808e-01  4.808e-01  4.808e-01  4.808e-01  4.808e-01  4.808e-01  4.808e-01  4.808e-01  4.808e-01  4.808e-01  4.808e-01  4.808e-01  4.808e-01  4.808e-01  4.808e-01  4.808e-01  4.808e-01  4.808e-01  4.808e-01  4.808e-01  4.808e-01  4.808e-01  4.808e-01  4.808e-01  4.808e-01  4.808e-01  4.808e-01  4.808e-01  4.808e-01 	
 4.698e-01  4.698e-01  4.698e-01  4.698e-01  4.698e-01  4.698e-01  4.698e-01  4.698e-01  4.698e-01  4.698e-01  4.698e-01  4.698e-01  4.698e-01  4.698e-01  4.698e-01  4.698e-01  4.698e-01  4.698e-01  4.698e-01  4.698e-01  4.698e-01  4.698e-01  4.698e-01  4.698e-01  4.698e-01  4.698e-01  4.698e-01  4.698e-01  4.698e-01  4.698e-01  4.698e-01  4.698e-01  4.698e-01  4.698e-01  4.698e-01  4.698e-01  4.698e-01  4.698e-01  4.698e-01  4.698e-01  4.698e-01  4.698e-01  4.698e-01  4.698e-01  4.698e-01  4.698e-01  4.698e-01  4.698e-01  4.698e-01  4.698e-01 	
 4.756e-01  4.756e-01  4.756e-01  4.756e-01  4.756e-01  4.756e-01  4.756e-01  4.756e-01  4.756e-01  4.756e-01  4.756e-01  4.756e-01  4.756e-01  4.756e-01  4.756e-01  4.756e-01  4.756e-01  4.756e-01  4.756e-01  4.756e-01  4.756e-01  4.756e-01  4.756e-01  4.756e-01  4.756e-01  4.756e-01  4.756e-01  4.756e-01  4.756e-01  4.756e-01  4.756e-01  4.756e-01  4.756e-01  4.756e-01  4.756e-01  4.756e-01  4.756e-01  4.756e-01  4.756e-01  4.756e-01  4.756e-01  4.756e-01  4.756e-01  4.756e-01  4.756e-01  4.756e-01  4.756e-01  4.756e-01  4.756e-01  4.756e-01 	
 4.793e-01  4.793e-01  4.793e-01  4.793e-01  4.793e-01  4.793e-01  4.793e-01  4.793e-01  4.793e-01  4.793e-01  4.793e-01  4.793e-01  4.793e-01  4.793e-01  4.793e-01  4.793e-01  4.793e-01  4.793e-01  4.793e-01  4.793e-01  4.793e-01  4.793e-01  4.793e-01  4.793e-01  4.793e-01  4.793e-01  4.793e-01  4.793e-01  4.793e-01  4.793e-01  4.793e-01  4.793e-01  4.793e-01  4.793e-01  4.793e-01  4.793e-01  4.793e-01  4.793e-01  4.793e-01  4.793e-01  4.793e-01  4.793e-01  4.793e-01  4.793e-01  4.793e-01  4.793e-01  4.793e-01  4.793e-01  4.793e-01  4.793e-01 	
 4.840e-01  4.840e-01  4.840e-01  4.840e-01  4.840e-01  4.840e-01  4.840e-01  4.840e-01  4.840e-01  4.840e-01  4.840e-01  4.840e-01  4.840e-01  4.840e-01  4.840e-01  4.840e-01  4.840e-01  4.840e-01  4.840e-01  4.840e-01  4.840e-01  4.840e-01  4.840e-01  4.840e-01  4.840e-01  4.840e-01  4.840e-01  4.840e-01  4.840e-01  4.840e-01  4.840e-01  4.840e-01  4.840e-01  4.840e-01  4.840e-01  4.840e-01  4.840e-01  4.840e-01  4.840e-01  4.840e-01  4.840e-01  4.840e-01  4.840e-01  4.840e-01  4.840e-01  4.840e-01  4.840e-01  4.840e-01  4.840e-01  4.840e-01 	
 4.973e-01  4.973e-01  4.973e-01  4.973e-01  4.973e-01  4.973e-01  4.973e-01  4.973e-01  4.973e-01  4.973e-01  4.973e-01  4.973e-01  4.973e-01  4.973e-01  4.973e-01  4.973e-01  4.973e-01  4.973e-01  4.973e-01  4.973e-01  4.973e-01  4.973e-01  4.973e-01  4.973e-01  4.973e-01  4.973e-01  4.973e-01  4.973e-01  4.973e-01  4.973e-01  4.973e-01  4.973e-01  4.973e-01  4.973e-01  4.973e-01  4.973e-01  4.973e-01  4.973e-01  4.973e-01  4.973e-01  4.973e-01  4.973e-01  4.973e-01  4.973e-01  4.973e-01  4.973e-01  4.973e-01  4.973e-01  4.973e-01  4.973e-01 	
 5.080e-01  5.080e-01  5.080e-01  5.080e-01  5.080e-01  5.080e-01  5.080e-01  5.080e-01  5.080e-01  5.080e-01  5.080e-01  5.080e-01  5.080e-01  5.080e-01  5.080e-01  5.080e-01  5.080e-01  5.080e-01  5.080e-01  5.080e-01  5.080e-01  5.080e-01  5.080e-01  5.080e-01  5.080e-01  5.080e-01  5.080e-01  5.080e-01  5.080e-01  5.080e-01  5.080e-01  5.080e-01  5.080e-01  5.080e-01  5.080e-01  5.080e-01  5.080e-01  5.080e-01  5.080e-01  5.080e-01  5.080e-01  5.080e-01  5.080e-01  5.080e-01  5.080e-01  5.080e-01  5.080e-01  5.080e-01  5.080e-01  5.080e-01 	
 5.190e-01  5.190e-01  5.190e-01  5.190e-01  5.190e-01  5.190e-01  5.190e-01  5.190e-01  5.190e-01  5.190e-01  5.190e-01  5.190e-01  5.190e-01  5.190e-01  5.190e-01  5.190e-01  5.190e-01  5.190e-01  5.190e-01  5.190e-01  5.190e-01  5.190e-01  5.190e-01  5.190e-01  5.190e-01  5.190e-01  5.190e-01  5.190e-01  5.190e-01  5.190e-01  5.190e-01  5.190e-01  5.190e-01  5.190e-01  5.190e-01  5.190e-01  5.190e-01  5.190e-01  5.190e-01  5.190e-01  5.190e-01  5.190e-01  5.190e-01  5.190e-01  5.190e-01  5.190e-01  5.190e-01  5.190e-01  5.190e-01  5.190e-01 	
 5.281e-01  5.281e-01  5.281e-01  5.281e-01  5.281e-01  5.281e-01  5.281e-01  5.281e-01  5.281e-01  5.281e-01  5.281e-01  5.281e-01  5.281e-01  5.281e-01  5.281e-01  5.281e-01  5.281e-01  5.281e-01  5.281e-01  5.281e-01  5.281e-01  5.281e-01  5.281e-01  5.281e-01  5.281e-01  5.281e-01  5.281e-01  5.281e-01  5.281e-01  5.281e-01  5.281e-01  5.281e-01  5.281e-01  5.281e-01  5.281e-01  5.281e-01  5.281e-01  5.281e-01  5.281e-01  5.281e-01  5.281e-01  5.281e-01  5.281e-01  5.281e-01  5.281e-01  5.281e-01  5.281e-01  5.281e-01  5.281e-01  5.281e-01 	
 5.369e-01  5.369e-01  5.369e-01  5.369e-01  5.369e-01  5.369e-01  5.369e-01  5.369e-01  5.369e-01  5.369e-01  5.369e-01  5.369e-01  5.369e-01  5.369e-01  5.369e-01  5.369e-01  5.369e-01  5.369e-01  5.369e-01  5.369e-01  5.369e-01  5.369e-01  5.369e-01  5.369e-01  5.369e-01  5.369e-01  5.369e-01  5.369e-01  5.369e-01  5.369e-01  5.369e-01  5.369e-01  5.369e-01  5.369e-01  5.369e-01  5.369e-01  5.369e-01  5.369e-01  5.369e-01  5.369e-01  5.369e-01  5.369e-01  5.369e-01  5.369e-01  5.369e-01  5.369e-01  5.369e-01  5.369e-01  5.369e-01  5.369e-01 	
 5.452e-01  5.452e-01  5.452e-01  5.452e-01  5.452e-01  5.452e-01  5.452e-01  5.452e-01  5.452e-01  5.452e-01  5.452e-01  5.452e-01  5.452e-01  5.452e-01  5.452e-01  5.452e-01  5.452e-01  5.452e-01  5.452e-01  5.452e-01  5.452e-01  5.452e-01  5.452e-01  5.452e-01  5.452e-01  5.452e-01  5.452e-01  5.452e-01  5.452e-01  5.452e-01  5.452e-01  5.452e-01  5.452e-01  5.452e-01  5.452e-01  5.452e-01  5.452e-01  5.452e-01  5.452e-01  5.452e-01  5.452e-01  5.452e-01  5.452e-01  5.452e-01  5.452e-01  5.452e-01  5.452e-01  5.452e-01  5.452e-01  5.452e-01 	
 5.529e-01  5.529e-01  5.529e-01  5.529e-01  5.529e-01  5.529e-01  5.529e-01  5.529e-01  5.529e-01  5.529e-01  5.529e-01  5.529e-01  5.529e-01  5.529e-01  5.529e-01  5.529e-01  5.529e-01  5.529e-01  5.529e-01  5.529e-01  5.529e-01  5.529e-01  5.529e-01  5.529e-01  5.529e-01  5.529e-01  5.529e-01  5.529e-01  5.529e-01  5.529e-01  5.529e-01  5.529e-01  5.529e-01  5.529e-01  5.529e-01  5.529e-01  5.529e-01  5.529e-01  5.529e-01  5.529e-01  5.529e-01  5.529e-01  5.529e-01  5.529e-01  5.529e-01  5.529e-01  5.529e-01  5.529e-01  5.529e-01  5.529e-01 	
 5.600e-01  5.600e-01  5.600e-01  5.600e-01  5.600e-01  5.600e-01  5.600e-01  5.600e-01  5.600e-01  5.600e-01  5.600e-01  5.600e-01  5.600e-01  5.600e-01  5.600e-01  5.600e-01  5.600e-01  5.600e-01  5.600e-01  5.600e-01  5.600e-01  5.600e-01  5.600e-01  5.600e-01  5.600e-01  5.600e-01  5.600e-01  5.600e-01  5.600e-01  5.600e-01  5.600e-01  5.600e-01  5.600e-01  5.600e-01  5.600e-01  5.600e-01  5.600e-01  5.600e-01  5.600e-01  5.600e-01  5.600e-01  5.600e-01  5.600e-01  5.600e-01  5.600e-01  5.600e-01  5.600e-01  5.600e-01  5.600e-01  5.600e-01 	
 5.666e-01  5.666e-01  5.666e-01  5.666e-01  5.666e-01  5.666e-01  5.666e-01  5.666e-01  5.666e-01  5.666e-01  5.666e-01  5.666e-01  5.666e-01  5.666e-01  5.666e-01  5.666e-01  5.666e-01  5.666e-01  5.666e-01  5.666e-01  5.666e-01  5.666e-01  5.666e-01  5.666e-01  5.666e-01  5.666e-01  5.666e-01  5.666e-01  5.666e-01  5.666e-01  5.666e-01  5.666e-01  5.666e-01  5.666e-01  5.666e-01  5.666e-01  5.666e-01  5.666e-01  5.666e-01  5.666e-01  5.666e-01  5.666e-01  5.666e-01  5.666e-01  5.666e-01  5.666e-01  5.666e-01  5.666e-01  5.666e-01  5.666e-01 	
 5.727e-01  5.727e-01  5.727e-01  5.727e-01  5.727e-01  5.727e-01  5.727e-01  5.727e-01  5.727e-01  5.727e-01  5.727e-01  5.727e-01  5.727e-01  5.727e-01  5.727e-01  5.727e-01  5.727e-01  5.727e-01  5.727e-01  5.727e-01  5.727e-01  5.727e-01  5.727e-01  5.727e-01  5.727e-01  5.727e-01  5.727e-01  5.727e-01  5.727e-01  5.727e-01  5.727e-01  5.727e-01  5.727e-01  5.727e-01  5.727e-01  5.727e-01  5.727e-01  5.727e-01  5.727e-01  5.727e-01  5.727e-01  5.727e-01  5.727e-01  5.727e-01  5.727e-01  5.727e-01  5.727e-01  5.727e-01  5.727e-01  5.727e-01 	
 5.783e-01  5.783e-01  5.783e-01  5.783e-01  5.783e-01  5.783e-01  5.783e-01  5.783e-01  5.783e-01  5.783e-01  5.783e-01  5.783e-01  5.783e-01  5.783e-01  5.783e-01  5.783e-01  5.783e-01  5.783e-01  5.783e-01  5.783e-01  5.783e-01  5.783e-01  5.783e-01  5.783e-01  5.783e-01  5.783e-01  5.783e-01  5.783e-01  5.783e-01  5.783e-01  5.783e-01  5.783e-01  5.783e-01  5.783e-01  5.783e-01  5.783e-01  5.783e-01  5.783e-01  5.783e-01  5.783e-01  5.783e-01  5.783e-01  5.783e-01  5.783e-01  5.783e-01  5.783e-01  5.783e-01  5.783e-01  5.783e-01  5.783e-01 	
 5.834e-01  5.834e-01  5.834e-01  5.834e-01  5.834e-01  5.834e-01  5.834e-01  5.834e-01  5.834e-01  5.834e-01  5.834e-01  5.834e-01  5.834e-01  5.834e-01  5.834e-01  5.834e-01  5.834e-01  5.834e-01  5.834e-01  5.834e-01  5.834e-01  5.834e-01  5.834e-01  5.834e-01  5.834e-01  5.834e-01  5.834e-01  5.834e-01  5.834e-01  5.834e-01  5.834e-01  5.834e-01  5.834e-01  5.834e-01  5.834e-01  5.834e-01  5.834e-01  5.834e-01  5.834e-01  5.834e-01  5.834e-01  5.834e-01  5.834e-01  5.834e-01  5.834e-01  5.834e-01  5.834e-01  5.834e-01  5.834e-01  5.834e-01 	
 5.881e-01  5.881e-01  5.881e-01  5.881e-01  5.881e-01  5.881e-01  5.881e-01  5.881e-01  5.881e-01  5.881e-01  5.881e-01  5.881e-01  5.881e-01  5.881e-01  5.881e-01  5.881e-01  5.881e-01  5.881e-01  5.881e-01  5.881e-01  5.881e-01  5.881e-01  5.881e-01  5.881e-01  5.881e-01  5.881e-01  5.881e-01  5.881e-01  5.881e-01  5.881e-01  5.881e-01  5.881e-01  5.881e-01  5.881e-01  5.881e-01  5.881e-01  5.881e-01  5.881e-01  5.881e-01  5.881e-01  5.881e-01  5.881e-01  5.881e-01  5.881e-01  5.881e-01  5.881e-01  5.881e-01  5.881e-01  5.881e-01  5.881e-01 	
 5.923e-01  5.923e-01  5.923e-01  5.923e-01  5.923e-01  5.923e-01  5.923e-01  5.923e-01  5.923e-01  5.923e-01  5.923e-01  5.923e-01  5.923e-01  5.923e-01  5.923e-01  5.923e-01  5.923e-01  5.923e-01  5.923e-01  5.923e-01  5.923e-01  5.923e-01  5.923e-01  5.923e-01  5.923e-01  5.923e-01  5.923e-01  5.923e-01  5.923e-01  5.923e-01  5.923e-01  5.923e-01  5.923e-01  5.923e-01  5.923e-01  5.923e-01  5.923e-01  5.923e-01  5.923e-01  5.923e-01  5.923e-01  5.923e-01  5.923e-01  5.923e-01  5.923e-01  5.923e-01  5.923e-01  5.923e-01  5.923e-01  5.923e-01 	
 5.962e-01  5.962e-01  5.962e-01  5.962e-01  5.962e-01  5.962e-01  5.962e-01  5.962e-01  5.962e-01  5.962e-01  5.962e-01  5.962e-01  5.962e-01  5.962e-01  5.962e-01  5.962e-01  5.962e-01  5.962e-01  5.962e-01  5.962e-01  5.962e-01  5.962e-01  5.962e-01  5.962e-01  5.962e-01  5.962e-01  5.962e-01  5.962e-01  5.962e-01  5.962e-01  5.962e-01  5.962e-01  5.962e-01  5.962e-01  5.962e-01  5.962e-01  5.962e-01  5.962e-01  5.962e-01  5.962e-01  5.962e-01  5.962e-01  5.962e-01  5.962e-01  5.962e-01  5.962e-01  5.962e-01  5.962e-01  5.962e-01  5.962e-01 	
 5.998e-01  5.998e-01  5.998e-01  5.998e-01  5.998e-01  5.998e-01  5.998e-01  5.998e-01  5.998e-01  5.998e-01  5.998e-01  5.998e-01  5.998e-01  5.998e-01  5.998e-01  5.998e-01  5.998e-01  5.998e-01  5.998e-01  5.998e-01  5.998e-01  5.998e-01  5.998e-01  5.998e-01  5.998e-01  5.998e-01  5.998e-01  5.998e-01  5.998e-01  5.998e-01  5.998e-01  5.998e-01  5.998e-01  5.998e-01  5.998e-01  5.998e-01  5.998e-01  5.998e-01  5.998e-01  5.998e-01  5.998e-01  5.998e-01  5.998e-01  5.998e-01  5.998e-01  5.998e-01  5.998e-01  5.998e-01  5.998e-01  5.998e-01 	
 6.030e-01  6.030e-01  6.030e-01  6.030e-01  6.030e-01  6.030e-01  6.030e-01  6.030e-01  6.030e-01  6.030e-01  6.030e-01  6.030e-01  6.030e-01  6.030e-01  6.030e-01  6.030e-01  6.030e-01  6.030e-01  6.030e-01  6.030e-01  6.030e-01  6.030e-01  6.030e-01  6.030e-01  6.030e-01  6.030e-01  6.030e-01  6.030e-01  6.030e-01  6.030e-01  6.030e-01  6.030e-01  6.030e-01  6.030e-01  6.030e-01  6.030e-01  6.030e-01  6.030e-01  6.030e-01  6.030e-01  6.030e-01  6.030e-01  6.030e-01  6.030e-01  6.030e-01  6.030e-01  6.030e-01  6.030e-01  6.030e-01  6.030e-01 	
 6.059e-01  6.059e-01  6.059e-01  6.059e-01  6.059e-01  6.059e-01  6.059e-01  6.059e-01  6.059e-01  6.059e-01  6.059e-01  6.059e-01  6.059e-01  6.059e-01  6.059e-01  6.059e-01  6.059e-01  6.059e-01  6.059e-01  6.059e-01  6.059e-01  6.059e-01  6.059e-01  6.059e-01  6.059e-01  6.059e-01  6.059e-01  6.059e-01  6.059e-01  6.059e-01  6.059e-01  6.059e-01  6.059e-01  6.059e-01  6.059e-01  6.059e-01  6.059e-01  6.059e-01  6.059e-01  6.059e-01  6.059e-01  6.059e-01  6.059e-01  6.059e-01  6.059e-01  6.059e-01  6.059e-01  6.059e-01  6.059e-01  6.059e-01 	
 6.086e-01  6.086e-01  6.086e-01  6.086e-01  6.086e-01  6.086e-01  6.086e-01  6.086e-01  6.086e-01  6.086e-01  6.086e-01  6.086e-01  6.086e-01  6.086e-01  6.086e-01  6.086e-01  6.086e-01  6.086e-01  6.086e-01  6.086e-01  6.086e-01  6.086e-01  6.086e-01  6.086e-01  6.086e-01  6.086e-01  6.086e-01  6.086e-01  6.086e-01  6.086e-01  6.086e-01  6.086e-01  6.086e-01  6.086e-01  6.086e-01  6.086e-01  6.086e-01  6.086e-01  6.086e-01  6.086e-01  6.086e-01  6.086e-01  6.086e-01  6.086e-01  6.086e-01  6.086e-01  6.086e-01  6.086e-01  6.086e-01  6.086e-01 	
 6.110e-01  6.110e-01  6.110e-01  6.110e-01  6.110e-01  6.110e-01  6.110e-01  6.110e-01  6.110e-01  6.110e-01  6.110e-01  6.110e-01  6.110e-01  6.110e-01  6.110e-01  6.110e-01  6.110e-01  6.110e-01  6.110e-01  6.110e-01  6.110e-01  6.110e-01  6.110e-01  6.110e-01  6.110e-01  6.110e-01  6.110e-01  6.110e-01  6.110e-01  6.110e-01  6.110e-01  6.110e-01  6.110e-01  6.110e-01  6.110e-01  6.110e-01  6.110e-01  6.110e-01  6.110e-01  6.110e-01  6.110e-01  6.110e-01  6.110e-01  6.110e-01  6.110e-01  6.110e-01  6.110e-01  6.110e-01  6.110e-01  6.110e-01 	
 6.131e-01  6.131e-01  6.131e-01  6.131e-01  6.131e-01  6.131e-01  6.131e-01  6.131e-01  6.131e-01  6.131e-01  6.131e-01  6.131e-01  6.131e-01  6.131e-01  6.131e-01  6.131e-01  6.131e-01  6.131e-01  6.131e-01  6.131e-01  6.131e-01  6.131e-01  6.131e-01  6.131e-01  6.131e-01  6.131e-01  6.131e-01  6.131e-01  6.131e-01  6.131e-01  6.131e-01  6.131e-01  6.131e-01  6.131e-01  6.131e-01  6.131e-01  6.131e-01  6.131e-01  6.131e-01  6.131e-01  6.131e-01  6.131e-01  6.131e-01  6.131e-01  6.131e-01  6.131e-01  6.131e-01  6.131e-01  6.131e-01  6.131e-01 	
 6.150e-01  6.150e-01  6.150e-01  6.150e-01  6.150e-01  6.150e-01  6.150e-01  6.150e-01  6.150e-01  6.150e-01  6.150e-01  6.150e-01  6.150e-01  6.150e-01  6.150e-01  6.150e-01  6.150e-01  6.150e-01  6.150e-01  6.150e-01  6.150e-01  6.150e-01  6.150e-01  6.150e-01  6.150e-01  6.150e-01  6.150e-01  6.150e-01  6.150e-01  6.150e-01  6.150e-01  6.150e-01  6.150e-01  6.150e-01  6.150e-01  6.150e-01  6.150e-01  6.150e-01  6.150e-01  6.150e-01  6.150e-01  6.150e-01  6.150e-01  6.150e-01  6.150e-01  6.150e-01  6.150e-01  6.150e-01  6.150e-01  6.150e-01 	
 6.167e-01  6.167e-01  6.167e-01  6.167e-01  6.167e-01  6.167e-01  6.167e-01  6.167e-01  6.167e-01  6.167e-01  6.167e-01  6.167e-01  6.167e-01  6.167e-01  6.167e-01  6.167e-01  6.167e-01  6.167e-01  6.167e-01  6.167e-01  6.167e-01  6.167e-01  6.167e-01  6.167e-01  6.167e-01  6.167e-01  6.167e-01  6.167e-01  6.167e-01  6.167e-01  6.167e-01  6.167e-01  6.167e-01  6.167e-01  6.167e-01  6.167e-01  6.167e-01  6.167e-01  6.167e-01  6.167e-01  6.167e-01  6.167e-01  6.167e-01  6.167e-01  6.167e-01  6.167e-01  6.167e-01  6.167e-01  6.167e-01  6.167e-01 	
 6.183e-01  6.183e-01  6.183e-01  6.183e-01  6.183e-01  6.183e-01  6.183e-01  6.183e-01  6.183e-01  6.183e-01  6.183e-01  6.183e-01  6.183e-01  6.183e-01  6.183e-01  6.183e-01  6.183e-01  6.183e-01  6.183e-01  6.183e-01  6.183e-01  6.183e-01  6.183e-01  6.183e-01  6.183e-01  6.183e-01  6.183e-01  6.183e-01  6.183e-01  6.183e-01  6.183e-01  6.183e-01  6.183e-01  6.183e-01  6.183e-01  6.183e-01  6.183e-01  6.183e-01  6.183e-01  6.183e-01  6.183e-01  6.183e-01  6.183e-01  6.183e-01  6.183e-01  6.183e-01  6.183e-01  6.183e-01  6.183e-01  6.183e-01 	
 6.197e-01  6.197e-01  6.197e-01  6.197e-01  6.197e-01  6.197e-01  6.197e-01  6.197e-01  6.197e-01  6.197e-01  6.197e-01  6.197e-01  6.197e-01  6.197e-01  6.197e-01  6.197e-01  6.197e-01  6.197e-01  6.197e-01  6.197e-01  6.197e-01  6.197e-01  6.197e-01  6.197e-01  6.197e-01  6.197e-01  6.197e-01  6.197e-01  6.197e-01  6.197e-01  6.197e-01  6.197e-01  6.197e-01  6.197e-01  6.197e-01  6.197e-01  6.197e-01  6.197e-01  6.197e-01  6.197e-01  6.197e-01  6.197e-01  6.197e-01  6.197e-01  6.197e-01  6.197e-01  6.197e-01  6.197e-01  6.197e-01  6.197e-01 	
 6.209e-01  6.209e-01  6.209e-01  6.209e-01  6.209e-01  6.209e-01  6.209e-01  6.209e-01  6.209e-01  6.209e-01  6.209e-01  6.209e-01  6.209e-01  6.209e-01  6.209e-01  6.209e-01  6.209e-01  6.209e-01  6.209e-01  6.209e-01  6.209e-01  6.209e-01  6.209e-01  6.209e-01  6.209e-01  6.209e-01  6.209e-01  6.209e-01  6.209e-01  6.209e-01  6.209e-01  6.209e-01  6.209e-01  6.209e-01  6.209e-01  6.209e-01  6.209e-01  6.209e-01  6.209e-01  6.209e-01  6.209e-01  6.209e-01  6.209e-01  6.209e-01  6.209e-01  6.209e-01  6.209e-01  6.209e-01  6.209e-01  6.209e-01 	
 6.219e-01  6.219e-01  6.219e-01  6.219e-01  6.219e-01  6.219e-01  6.219e-01  6.219e-01  6.219e-01  6.219e-01  6.219e-01  6.219e-01  6.219e-01  6.219e-01  6.219e-01  6.219e-01  6.219e-01  6.219e-01  6.219e-01  6.219e-01  6.219e-01  6.219e-01  6.219e-01  6.219e-01  6.219e-01  6.219e-01  6.219e-01  6.219e-01  6.219e-01  6.219e-01  6.219e-01  6.219e-01  6.219e-01  6.219e-01  6.219e-01  6.219e-01  6.219e-01  6.219e-01  6.219e-01  6.219e-01  6.219e-01  6.219e-01  6.219e-01  6.219e-01  6.219e-01  6.219e-01  6.219e-01  6.219e-01  6.219e-01  6.219e-01 	
 6.229e-01  6.229e-01  6.229e-01  6.229e-01  6.229e-01  6.229e-01  6.229e-01  6.229e-01  6.229e-01  6.229e-01  6.229e-01  6.229e-01  6.229e-01  6.229e-01  6.229e-01  6.229e-01  6.229e-01  6.229e-01  6.229e-01  6.229e-01  6.229e-01  6.229e-01  6.229e-01  6.229e-01  6.229e-01  6.229e-01  6.229e-01  6.229e-01  6.229e-01  6.229e-01  6.229e-01  6.229e-01  6.229e-01  6.229e-01  6.229e-01  6.229e-01  6.229e-01  6.229e-01  6.229e-01  6.229e-01  6.229e-01  6.229e-01  6.229e-01  6.229e-01  6.229e-01  6.229e-01  6.229e-01  6.229e-01  6.229e-01  6.229e-01 	
 6.237e-01  6.237e-01  6.237e-01  6.237e-01  6.237e-01  6.237e-01  6.237e-01  6.237e-01  6.237e-01  6.237e-01  6.237e-01  6.237e-01  6.237e-01  6.237e-01  6.237e-01  6.237e-01  6.237e-01  6.237e-01  6.237e-01  6.237e-01  6.237e-01  6.237e-01  6.237e-01  6.237e-01  6.237e-01  6.237e-01  6.237e-01  6.237e-01  6.237e-01  6.237e-01  6.237e-01  6.237e-01  6.237e-01  6.237e-01  6.237e-01  6.237e-01  6.237e-01  6.237e-01  6.237e-01  6.237e-01  6.237e-01  6.237e-01  6.237e-01  6.237e-01  6.237e-01  6.237e-01  6.237e-01  6.237e-01  6.237e-01  6.237e-01 	
 6.244e-01  6.244e-01  6.244e-01  6.244e-01  6.244e-01  6.244e-01  6.244e-01  6.244e-01  6.244e-01  6.244e-01  6.244e-01  6.244e-01  6.244e-01  6.244e-01  6.244e-01  6.244e-01  6.244e-01  6.244e-01  6.244e-01  6.244e-01  6.244e-01  6.244e-01  6.244e-01  6.244e-01  6.244e-01  6.244e-01  6.244e-01  6.244e-01  6.244e-01  6.244e-01  6.244e-01  6.244e-01  6.244e-01  6.244e-01  6.244e-01  6.244e-01  6.244e-01  6.244e-01  6.244e-01  6.244e-01  6.244e-01  6.244e-01  6.244e-01  6.244e-01  6.244e-01  6.244e-01  6.244e-01  6.244e-01  6.244e-01  6.244e-01 	
 6.251e-01  6.251e-01  6.251e-01  6.251e-01  6.251e-01  6.251e-01  6.251e-01  6.251e-01  6.251e-01  6.251e-01  6.251e-01  6.251e-01  6.251e-01  6.251e-01  6.251e-01  6.251e-01  6.251e-01  6.251e-01  6.251e-01  6.251e-01  6.251e-01  6.251e-01  6.251e-01  6.251e-01  6.251e-01  6.251e-01  6.251e-01  6.251e-01  6.251e-01  6.251e-01  6.251e-01  6.251e-01  6.251e-01  6.251e-01  6.251e-01  6.251e-01  6.251e-01  6.251e-01  6.251e-01  6.251e-01  6.251e-01  6.251e-01  6.251e-01  6.251e-01  6.251e-01  6.251e-01  6.251e-01  6.251e-01  6.251e-01  6.251e-01 	
 6.256e-01  6.256e-01  6.256e-01  6.256e-01  6.256e-01  6.256e-01  6.256e-01  6.256e-01  6.256e-01  6.256e-01  6.256e-01  6.256e-01  6.256e-01  6.256e-01  6.256e-01  6.256e-01  6.256e-01  6.256e-01  6.256e-01  6.256e-01  6.256e-01  6.256e-01  6.256e-01  6.256e-01  6.256e-01  6.256e-01  6.256e-01  6.256e-01  6.256e-01  6.256e-01  6.256e-01  6.256e-01  6.256e-01  6.256e-01  6.256e-01  6.256e-01  6.256e-01  6.256e-01  6.256e-01  6.256e-01  6.256e-01  6.256e-01  6.256e-01  6.256e-01  6.256e-01  6.256e-01  6.256e-01  6.256e-01  6.256e-01  6.256e-01 	
 6.261e-01  6.261e-01  6.261e-01  6.261e-01  6.261e-01  6.261e-01  6.261e-01  6.261e-01  6.261e-01  6.261e-01  6.261e-01  6.261e-01  6.261e-01  6.261e-01  6.261e-01  6.261e-01  6.261e-01  6.261e-01  6.261e-01  6.261e-01  6.261e-01  6.261e-01  6.261e-01  6.261e-01  6.261e-01  6.261e-01  6.261e-01  6.261e-01  6.261e-01  6.261e-01  6.261e-01  6.261e-01  6.261e-01  6.261e-01  6.261e-01  6.261e-01  6.261e-01  6.261e-01  6.261e-01  6.261e-01  6.261e-01  6.261e-01  6.261e-01  6.261e-01  6.261e-01  6.261e-01  6.261e-01  6.261e-01  6.261e-01  6.261e-01 	
 6.265e-01  6.265e-01  6.265e-01  6.265e-01  6.265e-01  6.265e-01  6.265e-01  6.265e-01  6.265e-01  6.265e-01  6.265e-01  6.265e-01  6.265e-01  6.265e-01  6.265e-01  6.265e-01  6.265e-01  6.265e-01  6.265e-01  6.265e-01  6.265e-01  6.265e-01  6.265e-01  6.265e-01  6.265e-01  6.265e-01  6.265e-01  6.265e-01  6.265e-01  6.265e-01  6.265e-01  6.265e-01  6.265e-01  6.265e-01  6.265e-01  6.265e-01  6.265e-01  6.265e-01  6.265e-01  6.265e-01  6.265e-01  6.265e-01  6.265e-01  6.265e-01  6.265e-01  6.265e-01  6.265e-01  6.265e-01  6.265e-01  6.265e-01 	
 6.268e-01  6.268e-01  6.268e-01  6.268e-01  6.268e-01  6.268e-01  6.268e-01  6.268e-01  6.268e-01  6.268e-01  6.268e-01  6.268e-01  6.268e-01  6.268e-01  6.268e-01  6.268e-01  6.268e-01  6.268e-01  6.268e-01  6.268e-01  6.268e-01  6.268e-01  6.268e-01  6.268e-01  6.268e-01  6.268e-01  6.268e-01  6.268e-01  6.268e-01  6.268e-01  6.268e-01  6.268e-01  6.268e-01  6.268e-01  6.268e-01  6.268e-01  6.268e-01  6.268e-01  6.268e-01  6.268e-01  6.268e-01  6.268e-01  6.268e-01  6.268e-01  6.268e-01  6.268e-01  6.268e-01  6.268e-01  6.268e-01  6.268e-01 	
 6.271e-01  6.271e-01  6.271e-01  6.271e-01  6.271e-01  6.271e-01  6.271e-01  6.271e-01  6.271e-01  6.271e-01  6.271e-01  6.271e-01  6.271e-01  6.271e-01  6.271e-01  6.271e-01  6.271e-01  6.271e-01  6.271e-01  6.271e-01  6.271e-01  6.271e-01  6.271e-01  6.271e-01  6.271e-01  6.271e-01  6.271e-01  6.271e-01  6.271e-01  6.271e-01  6.271e-01  6.271e-01  6.271e-01  6.271e-01  6.271e-01  6.271e-01  6.271e-01  6.271e-01  6.271e-01  6.271e-01  6.271e-01  6.271e-01  6.271e-01  6.271e-01  6.271e-01  6.271e-01  6.271e-01  6.271e-01  6.271e-01  6.271e-01 	
 6.274e-01  6.274e-01  6.274e-01  6.274e-01  6.274e-01  6.274e-01  6.274e-01  6.274e-01  6.274e-01  6.274e-01  6.274e-01  6.274e-01  6.274e-01  6.274e-01  6.274e-01  6.274e-01  6.274e-01  6.274e-01  6.274e-01  6.274e-01  6.274e-01  6.274e-01  6.274e-01  6.274e-01  6.274e-01  6.274e-01  6.274e-01  6.274e-01  6.274e-01  6.274e-01  6.274e-01  6.274e-01  6.274e-01  6.274e-01  6.274e-01  6.274e-01  6.274e-01  6.274e-01  6.274e-01  6.274e-01  6.274e-01  6.274e-01  6.274e-01  6.274e-01  6.274e-01  6.274e-01  6.274e-01  6.274e-01  6.274e-01  6.274e-01 	
 6.276e-01  6.276e-01  6.276e-01  6.276e-01  6.276e-01  6.276e-01  6.276e-01  6.276e-01  6.276e-01  6.276e-01  6.276e-01  6.276e-01  6.276e-01  6.276e-01  6.276e-01  6.276e-01  6.276e-01  6.276e-01  6.276e-01  6.276e-01  6.276e-01  6.276e-01  6.276e-01  6.276e-01  6.276e-01  6.276e-01  6.276e-01  6.276e-01  6.276e-01  6.276e-01  6.276e-01  6.276e-01  6.276e-01  6.276e-01  6.276e-01  6.276e-01  6.276e-01  6.276e-01  6.276e-01  6.276e-01  6.276e-01  6.276e-01  6.276e-01  6.276e-01  6.276e-01  6.276e-01  6.276e-01  6.276e-01  6.276e-01  6.276e-01 	
 6.278e-01  6.278e-01  6.278e-01  6.278e-01  6.278e-01  6.278e-01  6.278e-01  6.278e-01  6.278e-01  6.278e-01  6.278e-01  6.278e-01  6.278e-01  6.278e-01  6.278e-01  6.278e-01  6.278e-01  6.278e-01  6.278e-01  6.278e-01  6.278e-01  6.278e-01  6.278e-01  6.278e-01  6.278e-01  6.278e-01  6.278e-01  6.278e-01  6.278e-01  6.278e-01  6.278e-01  6.278e-01  6.278e-01  6.278e-01  6.278e-01  6.278e-01  6.278e-01  6.278e-01  6.278e-01  6.278e-01  6.278e-01  6.278e-01  6.278e-01  6.278e-01  6.278e-01  6.278e-01  6.278e-01  6.278e-01  6.278e-01  6.278e-01 	
 6.279e-01  6.279e-01  6.279e-01  6.279e-01  6.279e-01  6.279e-01  6.279e-01  6.279e-01  6.279e-01  6.279e-01  6.279e-01  6.279e-01  6.279e-01  6.279e-01  6.279e-01  6.279e-01  6.279e-01  6.279e-01  6.279e-01  6.279e-01  6.279e-01  6.279e-01  6.279e-01  6.279e-01  6.279e-01  6.279e-01  6.279e-01  6.279e-01  6.279e-01  6.279e-01  6.279e-01  6.279e-01  6.279e-01  6.279e-01  6.279e-01  6.279e-01  6.279e-01  6.279e-01  6.279e-01  6.279e-01  6.279e-01  6.279e-01  6.279e-01  6.279e-01  6.279e-01  6.279e-01  6.279e-01  6.279e-01  6.279e-01  6.279e-01 	
 6.280e-01  6.280e-01  6.280e-01  6.280e-01  6.280e-01  6.280e-01  6.280e-01  6.280e-01  6.280e-01  6.280e-01  6.280e-01  6.280e-01  6.280e-01  6.280e-01  6.280e-01  6.280e-01  6.280e-01  6.280e-01  6.280e-01  6.280e-01  6.280e-01  6.280e-01  6.280e-01  6.280e-01  6.280e-01  6.280e-01  6.280e-01  6.280e-01  6.280e-01  6.280e-01  6.280e-01  6.280e-01  6.280e-01  6.280e-01  6.280e-01  6.280e-01  6.280e-01  6.280e-01  6.280e-01  6.280e-01  6.280e-01  6.280e-01  6.280e-01  6.280e-01  6.280e-01  6.280e-01  6.280e-01  6.280e-01  6.280e-01  6.280e-01 	
 6.281e-01  6.281e-01  6.281e-01  6.281e-01  6.281e-01  6.281e-01  6.281e-01  6.281e-01  6.281e-01  6.281e-01  6.281e-01  6.281e-01  6.281e-01  6.281e-01  6.281e-01  6.281e-01  6.281e-01  6.281e-01  6.281e-01  6.281e-01  6.281e-01  6.281e-01  6.281e-01  6.281e-01  6.281e-01  6.281e-01  6.281e-01  6.281e-01  6.281e-01  6.281e-01  6.281e-01  6.281e-01  6.281e-01  6.281e-01  6.281e-01  6.281e-01  6.281e-01  6.281e-01  6.281e-01  6.281e-01  6.281e-01  6.281e-01  6.281e-01  6.281e-01  6.281e-01  6.281e-01  6.281e-01  6.281e-01  6.281e-01  6.281e-01 	
