 4.384e-01  4.384e-01  4.384e-01  4.384e-01  4.384e-01  4.384e-01  4.384e-01  4.384e-01  4.384e-01  4.384e-01  4.384e-01  4.384e-01  4.384e-01  4.384e-01  4.384e-01  4.384e-01  4.384e-01  4.384e-01  4.384e-01  4.384e-01  4.384e-01  4.384e-01  4.384e-01  4.384e-01  4.384e-01  4.384e-01  4.384e-01  4.384e-01  4.384e-01  4.384e-01  4.384e-01  4.384e-01  4.384e-01  4.384e-01  4.384e-01  4.384e-01  4.384e-01  4.384e-01  4.384e-01  4.384e-01  4.384e-01  4.384e-01  4.384e-01  4.384e-01  4.384e-01  4.384e-01  4.384e-01  4.384e-01  4.384e-01  4.384e-01 	
 4.540e-01  4.540e-01  4.540e-01  4.540e-01  4.540e-01  4.540e-01  4.540e-01  4.540e-01  4.540e-01  4.540e-01  4.540e-01  4.540e-01  4.540e-01  4.540e-01  4.540e-01  4.540e-01  4.540e-01  4.540e-01  4.540e-01  4.540e-01  4.540e-01  4.540e-01  4.540e-01  4.540e-01  4.540e-01  4.540e-01  4.540e-01  4.540e-01  4.540e-01  4.540e-01  4.540e-01  4.540e-01  4.540e-01  4.540e-01  4.540e-01  4.540e-01  4.540e-01  4.540e-01  4.540e-01  4.540e-01  4.540e-01  4.540e-01  4.540e-01  4.540e-01  4.540e-01  4.540e-01  4.540e-01  4.540e-01  4.540e-01  4.540e-01 	
 4.562e-01  4.562e-01  4.562e-01  4.562e-01  4.562e-01  4.562e-01  4.562e-01  4.562e-01  4.562e-01  4.562e-01  4.562e-01  4.562e-01  4.562e-01  4.562e-01  4.562e-01  4.562e-01  4.562e-01  4.562e-01  4.562e-01  4.562e-01  4.562e-01  4.562e-01  4.562e-01  4.562e-01  4.562e-01  4.562e-01  4.562e-01  4.562e-01  4.562e-01  4.562e-01  4.562e-01  4.562e-01  4.562e-01  4.562e-01  4.562e-01  4.562e-01  4.562e-01  4.562e-01  4.562e-01  4.562e-01  4.562e-01  4.562e-01  4.562e-01  4.562e-01  4.562e-01  4.562e-01  4.562e-01  4.562e-01  4.562e-01  4.562e-01 	
 4.658e-01  4.658e-01  4.658e-01  4.658e-01  4.658e-01  4.658e-01  4.658e-01  4.658e-01  4.658e-01  4.658e-01  4.658e-01  4.658e-01  4.658e-01  4.658e-01  4.658e-01  4.658e-01  4.658e-01  4.658e-01  4.658e-01  4.658e-01  4.658e-01  4.658e-01  4.658e-01  4.658e-01  4.658e-01  4.658e-01  4.658e-01  4.658e-01  4.658e-01  4.658e-01  4.658e-01  4.658e-01  4.658e-01  4.658e-01  4.658e-01  4.658e-01  4.658e-01  4.658e-01  4.658e-01  4.658e-01  4.658e-01  4.658e-01  4.658e-01  4.658e-01  4.658e-01  4.658e-01  4.658e-01  4.658e-01  4.658e-01  4.658e-01 	
 4.761e-01  4.761e-01  4.761e-01  4.761e-01  4.761e-01  4.761e-01  4.761e-01  4.761e-01  4.761e-01  4.761e-01  4.761e-01  4.761e-01  4.761e-01  4.761e-01  4.761e-01  4.761e-01  4.761e-01  4.761e-01  4.761e-01  4.761e-01  4.761e-01  4.761e-01  4.761e-01  4.761e-01  4.761e-01  4.761e-01  4.761e-01  4.761e-01  4.761e-01  4.761e-01  4.761e-01  4.761e-01  4.761e-01  4.761e-01  4.761e-01  4.761e-01  4.761e-01  4.761e-01  4.761e-01  4.761e-01  4.761e-01  4.761e-01  4.761e-01  4.761e-01  4.761e-01  4.761e-01  4.761e-01  4.761e-01  4.761e-01  4.761e-01 	
 4.796e-01  4.796e-01  4.796e-01  4.796e-01  4.796e-01  4.796e-01  4.796e-01  4.796e-01  4.796e-01  4.796e-01  4.796e-01  4.796e-01  4.796e-01  4.796e-01  4.796e-01  4.796e-01  4.796e-01  4.796e-01  4.796e-01  4.796e-01  4.796e-01  4.796e-01  4.796e-01  4.796e-01  4.796e-01  4.796e-01  4.796e-01  4.796e-01  4.796e-01  4.796e-01  4.796e-01  4.796e-01  4.796e-01  4.796e-01  4.796e-01  4.796e-01  4.796e-01  4.796e-01  4.796e-01  4.796e-01  4.796e-01  4.796e-01  4.796e-01  4.796e-01  4.796e-01  4.796e-01  4.796e-01  4.796e-01  4.796e-01  4.796e-01 	
 4.902e-01  4.902e-01  4.902e-01  4.902e-01  4.902e-01  4.902e-01  4.902e-01  4.902e-01  4.902e-01  4.902e-01  4.902e-01  4.902e-01  4.902e-01  4.902e-01  4.902e-01  4.902e-01  4.902e-01  4.902e-01  4.902e-01  4.902e-01  4.902e-01  4.902e-01  4.902e-01  4.902e-01  4.902e-01  4.902e-01  4.902e-01  4.902e-01  4.902e-01  4.902e-01  4.902e-01  4.902e-01  4.902e-01  4.902e-01  4.902e-01  4.902e-01  4.902e-01  4.902e-01  4.902e-01  4.902e-01  4.902e-01  4.902e-01  4.902e-01  4.902e-01  4.902e-01  4.902e-01  4.902e-01  4.902e-01  4.902e-01  4.902e-01 	
 4.994e-01  4.994e-01  4.994e-01  4.994e-01  4.994e-01  4.994e-01  4.994e-01  4.994e-01  4.994e-01  4.994e-01  4.994e-01  4.994e-01  4.994e-01  4.994e-01  4.994e-01  4.994e-01  4.994e-01  4.994e-01  4.994e-01  4.994e-01  4.994e-01  4.994e-01  4.994e-01  4.994e-01  4.994e-01  4.994e-01  4.994e-01  4.994e-01  4.994e-01  4.994e-01  4.994e-01  4.994e-01  4.994e-01  4.994e-01  4.994e-01  4.994e-01  4.994e-01  4.994e-01  4.994e-01  4.994e-01  4.994e-01  4.994e-01  4.994e-01  4.994e-01  4.994e-01  4.994e-01  4.994e-01  4.994e-01  4.994e-01  4.994e-01 	
 5.102e-01  5.102e-01  5.102e-01  5.102e-01  5.102e-01  5.102e-01  5.102e-01  5.102e-01  5.102e-01  5.102e-01  5.102e-01  5.102e-01  5.102e-01  5.102e-01  5.102e-01  5.102e-01  5.102e-01  5.102e-01  5.102e-01  5.102e-01  5.102e-01  5.102e-01  5.102e-01  5.102e-01  5.102e-01  5.102e-01  5.102e-01  5.102e-01  5.102e-01  5.102e-01  5.102e-01  5.102e-01  5.102e-01  5.102e-01  5.102e-01  5.102e-01  5.102e-01  5.102e-01  5.102e-01  5.102e-01  5.102e-01  5.102e-01  5.102e-01  5.102e-01  5.102e-01  5.102e-01  5.102e-01  5.102e-01  5.102e-01  5.102e-01 	
 5.196e-01  5.196e-01  5.196e-01  5.196e-01  5.196e-01  5.196e-01  5.196e-01  5.196e-01  5.196e-01  5.196e-01  5.196e-01  5.196e-01  5.196e-01  5.196e-01  5.196e-01  5.196e-01  5.196e-01  5.196e-01  5.196e-01  5.196e-01  5.196e-01  5.196e-01  5.196e-01  5.196e-01  5.196e-01  5.196e-01  5.196e-01  5.196e-01  5.196e-01  5.196e-01  5.196e-01  5.196e-01  5.196e-01  5.196e-01  5.196e-01  5.196e-01  5.196e-01  5.196e-01  5.196e-01  5.196e-01  5.196e-01  5.196e-01  5.196e-01  5.196e-01  5.196e-01  5.196e-01  5.196e-01  5.196e-01  5.196e-01  5.196e-01 	
 5.289e-01  5.289e-01  5.289e-01  5.289e-01  5.289e-01  5.289e-01  5.289e-01  5.289e-01  5.289e-01  5.289e-01  5.289e-01  5.289e-01  5.289e-01  5.289e-01  5.289e-01  5.289e-01  5.289e-01  5.289e-01  5.289e-01  5.289e-01  5.289e-01  5.289e-01  5.289e-01  5.289e-01  5.289e-01  5.289e-01  5.289e-01  5.289e-01  5.289e-01  5.289e-01  5.289e-01  5.289e-01  5.289e-01  5.289e-01  5.289e-01  5.289e-01  5.289e-01  5.289e-01  5.289e-01  5.289e-01  5.289e-01  5.289e-01  5.289e-01  5.289e-01  5.289e-01  5.289e-01  5.289e-01  5.289e-01  5.289e-01  5.289e-01 	
 5.375e-01  5.375e-01  5.375e-01  5.375e-01  5.375e-01  5.375e-01  5.375e-01  5.375e-01  5.375e-01  5.375e-01  5.375e-01  5.375e-01  5.375e-01  5.375e-01  5.375e-01  5.375e-01  5.375e-01  5.375e-01  5.375e-01  5.375e-01  5.375e-01  5.375e-01  5.375e-01  5.375e-01  5.375e-01  5.375e-01  5.375e-01  5.375e-01  5.375e-01  5.375e-01  5.375e-01  5.375e-01  5.375e-01  5.375e-01  5.375e-01  5.375e-01  5.375e-01  5.375e-01  5.375e-01  5.375e-01  5.375e-01  5.375e-01  5.375e-01  5.375e-01  5.375e-01  5.375e-01  5.375e-01  5.375e-01  5.375e-01  5.375e-01 	
 5.455e-01  5.455e-01  5.455e-01  5.455e-01  5.455e-01  5.455e-01  5.455e-01  5.455e-01  5.455e-01  5.455e-01  5.455e-01  5.455e-01  5.455e-01  5.455e-01  5.455e-01  5.455e-01  5.455e-01  5.455e-01  5.455e-01  5.455e-01  5.455e-01  5.455e-01  5.455e-01  5.455e-01  5.455e-01  5.455e-01  5.455e-01  5.455e-01  5.455e-01  5.455e-01  5.455e-01  5.455e-01  5.455e-01  5.455e-01  5.455e-01  5.455e-01  5.455e-01  5.455e-01  5.455e-01  5.455e-01  5.455e-01  5.455e-01  5.455e-01  5.455e-01  5.455e-01  5.455e-01  5.455e-01  5.455e-01  5.455e-01  5.455e-01 	
 5.530e-01  5.530e-01  5.530e-01  5.530e-01  5.530e-01  5.530e-01  5.530e-01  5.530e-01  5.530e-01  5.530e-01  5.530e-01  5.530e-01  5.530e-01  5.530e-01  5.530e-01  5.530e-01  5.530e-01  5.530e-01  5.530e-01  5.530e-01  5.530e-01  5.530e-01  5.530e-01  5.530e-01  5.530e-01  5.530e-01  5.530e-01  5.530e-01  5.530e-01  5.530e-01  5.530e-01  5.530e-01  5.530e-01  5.530e-01  5.530e-01  5.530e-01  5.530e-01  5.530e-01  5.530e-01  5.530e-01  5.530e-01  5.530e-01  5.530e-01  5.530e-01  5.530e-01  5.530e-01  5.530e-01  5.530e-01  5.530e-01  5.530e-01 	
 5.598e-01  5.598e-01  5.598e-01  5.598e-01  5.598e-01  5.598e-01  5.598e-01  5.598e-01  5.598e-01  5.598e-01  5.598e-01  5.598e-01  5.598e-01  5.598e-01  5.598e-01  5.598e-01  5.598e-01  5.598e-01  5.598e-01  5.598e-01  5.598e-01  5.598e-01  5.598e-01  5.598e-01  5.598e-01  5.598e-01  5.598e-01  5.598e-01  5.598e-01  5.598e-01  5.598e-01  5.598e-01  5.598e-01  5.598e-01  5.598e-01  5.598e-01  5.598e-01  5.598e-01  5.598e-01  5.598e-01  5.598e-01  5.598e-01  5.598e-01  5.598e-01  5.598e-01  5.598e-01  5.598e-01  5.598e-01  5.598e-01  5.598e-01 	
 5.662e-01  5.662e-01  5.662e-01  5.662e-01  5.662e-01  5.662e-01  5.662e-01  5.662e-01  5.662e-01  5.662e-01  5.662e-01  5.662e-01  5.662e-01  5.662e-01  5.662e-01  5.662e-01  5.662e-01  5.662e-01  5.662e-01  5.662e-01  5.662e-01  5.662e-01  5.662e-01  5.662e-01  5.662e-01  5.662e-01  5.662e-01  5.662e-01  5.662e-01  5.662e-01  5.662e-01  5.662e-01  5.662e-01  5.662e-01  5.662e-01  5.662e-01  5.662e-01  5.662e-01  5.662e-01  5.662e-01  5.662e-01  5.662e-01  5.662e-01  5.662e-01  5.662e-01  5.662e-01  5.662e-01  5.662e-01  5.662e-01  5.662e-01 	
 5.721e-01  5.721e-01  5.721e-01  5.721e-01  5.721e-01  5.721e-01  5.721e-01  5.721e-01  5.721e-01  5.721e-01  5.721e-01  5.721e-01  5.721e-01  5.721e-01  5.721e-01  5.721e-01  5.721e-01  5.721e-01  5.721e-01  5.721e-01  5.721e-01  5.721e-01  5.721e-01  5.721e-01  5.721e-01  5.721e-01  5.721e-01  5.721e-01  5.721e-01  5.721e-01  5.721e-01  5.721e-01  5.721e-01  5.721e-01  5.721e-01  5.721e-01  5.721e-01  5.721e-01  5.721e-01  5.721e-01  5.721e-01  5.721e-01  5.721e-01  5.721e-01  5.721e-01  5.721e-01  5.721e-01  5.721e-01  5.721e-01  5.721e-01 	
 5.774e-01  5.774e-01  5.774e-01  5.774e-01  5.774e-01  5.774e-01  5.774e-01  5.774e-01  5.774e-01  5.774e-01  5.774e-01  5.774e-01  5.774e-01  5.774e-01  5.774e-01  5.774e-01  5.774e-01  5.774e-01  5.774e-01  5.774e-01  5.774e-01  5.774e-01  5.774e-01  5.774e-01  5.774e-01  5.774e-01  5.774e-01  5.774e-01  5.774e-01  5.774e-01  5.774e-01  5.774e-01  5.774e-01  5.774e-01  5.774e-01  5.774e-01  5.774e-01  5.774e-01  5.774e-01  5.774e-01  5.774e-01  5.774e-01  5.774e-01  5.774e-01  5.774e-01  5.774e-01  5.774e-01  5.774e-01  5.774e-01  5.774e-01 	
 5.824e-01  5.824e-01  5.824e-01  5.824e-01  5.824e-01  5.824e-01  5.824e-01  5.824e-01  5.824e-01  5.824e-01  5.824e-01  5.824e-01  5.824e-01  5.824e-01  5.824e-01  5.824e-01  5.824e-01  5.824e-01  5.824e-01  5.824e-01  5.824e-01  5.824e-01  5.824e-01  5.824e-01  5.824e-01  5.824e-01  5.824e-01  5.824e-01  5.824e-01  5.824e-01  5.824e-01  5.824e-01  5.824e-01  5.824e-01  5.824e-01  5.824e-01  5.824e-01  5.824e-01  5.824e-01  5.824e-01  5.824e-01  5.824e-01  5.824e-01  5.824e-01  5.824e-01  5.824e-01  5.824e-01  5.824e-01  5.824e-01  5.824e-01 	
 5.868e-01  5.868e-01  5.868e-01  5.868e-01  5.868e-01  5.868e-01  5.868e-01  5.868e-01  5.868e-01  5.868e-01  5.868e-01  5.868e-01  5.868e-01  5.868e-01  5.868e-01  5.868e-01  5.868e-01  5.868e-01  5.868e-01  5.868e-01  5.868e-01  5.868e-01  5.868e-01  5.868e-01  5.868e-01  5.868e-01  5.868e-01  5.868e-01  5.868e-01  5.868e-01  5.868e-01  5.868e-01  5.868e-01  5.868e-01  5.868e-01  5.868e-01  5.868e-01  5.868e-01  5.868e-01  5.868e-01  5.868e-01  5.868e-01  5.868e-01  5.868e-01  5.868e-01  5.868e-01  5.868e-01  5.868e-01  5.868e-01  5.868e-01 	
 5.909e-01  5.909e-01  5.909e-01  5.909e-01  5.909e-01  5.909e-01  5.909e-01  5.909e-01  5.909e-01  5.909e-01  5.909e-01  5.909e-01  5.909e-01  5.909e-01  5.909e-01  5.909e-01  5.909e-01  5.909e-01  5.909e-01  5.909e-01  5.909e-01  5.909e-01  5.909e-01  5.909e-01  5.909e-01  5.909e-01  5.909e-01  5.909e-01  5.909e-01  5.909e-01  5.909e-01  5.909e-01  5.909e-01  5.909e-01  5.909e-01  5.909e-01  5.909e-01  5.909e-01  5.909e-01  5.909e-01  5.909e-01  5.909e-01  5.909e-01  5.909e-01  5.909e-01  5.909e-01  5.909e-01  5.909e-01  5.909e-01  5.909e-01 	
 5.947e-01  5.947e-01  5.947e-01  5.947e-01  5.947e-01  5.947e-01  5.947e-01  5.947e-01  5.947e-01  5.947e-01  5.947e-01  5.947e-01  5.947e-01  5.947e-01  5.947e-01  5.947e-01  5.947e-01  5.947e-01  5.947e-01  5.947e-01  5.947e-01  5.947e-01  5.947e-01  5.947e-01  5.947e-01  5.947e-01  5.947e-01  5.947e-01  5.947e-01  5.947e-01  5.947e-01  5.947e-01  5.947e-01  5.947e-01  5.947e-01  5.947e-01  5.947e-01  5.947e-01  5.947e-01  5.947e-01  5.947e-01  5.947e-01  5.947e-01  5.947e-01  5.947e-01  5.947e-01  5.947e-01  5.947e-01  5.947e-01  5.947e-01 	
 5.980e-01  5.980e-01  5.980e-01  5.980e-01  5.980e-01  5.980e-01  5.980e-01  5.980e-01  5.980e-01  5.980e-01  5.980e-01  5.980e-01  5.980e-01  5.980e-01  5.980e-01  5.980e-01  5.980e-01  5.980e-01  5.980e-01  5.980e-01  5.980e-01  5.980e-01  5.980e-01  5.980e-01  5.980e-01  5.980e-01  5.980e-01  5.980e-01  5.980e-01  5.980e-01  5.980e-01  5.980e-01  5.980e-01  5.980e-01  5.980e-01  5.980e-01  5.980e-01  5.980e-01  5.980e-01  5.980e-01  5.980e-01  5.980e-01  5.980e-01  5.980e-01  5.980e-01  5.980e-01  5.980e-01  5.980e-01  5.980e-01  5.980e-01 	
 6.011e-01  6.011e-01  6.011e-01  6.011e-01  6.011e-01  6.011e-01  6.011e-01  6.011e-01  6.011e-01  6.011e-01  6.011e-01  6.011e-01  6.011e-01  6.011e-01  6.011e-01  6.011e-01  6.011e-01  6.011e-01  6.011e-01  6.011e-01  6.011e-01  6.011e-01  6.011e-01  6.011e-01  6.011e-01  6.011e-01  6.011e-01  6.011e-01  6.011e-01  6.011e-01  6.011e-01  6.011e-01  6.011e-01  6.011e-01  6.011e-01  6.011e-01  6.011e-01  6.011e-01  6.011e-01  6.011e-01  6.011e-01  6.011e-01  6.011e-01  6.011e-01  6.011e-01  6.011e-01  6.011e-01  6.011e-01  6.011e-01  6.011e-01 	
 6.039e-01  6.039e-01  6.039e-01  6.039e-01  6.039e-01  6.039e-01  6.039e-01  6.039e-01  6.039e-01  6.039e-01  6.039e-01  6.039e-01  6.039e-01  6.039e-01  6.039e-01  6.039e-01  6.039e-01  6.039e-01  6.039e-01  6.039e-01  6.039e-01  6.039e-01  6.039e-01  6.039e-01  6.039e-01  6.039e-01  6.039e-01  6.039e-01  6.039e-01  6.039e-01  6.039e-01  6.039e-01  6.039e-01  6.039e-01  6.039e-01  6.039e-01  6.039e-01  6.039e-01  6.039e-01  6.039e-01  6.039e-01  6.039e-01  6.039e-01  6.039e-01  6.039e-01  6.039e-01  6.039e-01  6.039e-01  6.039e-01  6.039e-01 	
 6.063e-01  6.063e-01  6.063e-01  6.063e-01  6.063e-01  6.063e-01  6.063e-01  6.063e-01  6.063e-01  6.063e-01  6.063e-01  6.063e-01  6.063e-01  6.063e-01  6.063e-01  6.063e-01  6.063e-01  6.063e-01  6.063e-01  6.063e-01  6.063e-01  6.063e-01  6.063e-01  6.063e-01  6.063e-01  6.063e-01  6.063e-01  6.063e-01  6.063e-01  6.063e-01  6.063e-01  6.063e-01  6.063e-01  6.063e-01  6.063e-01  6.063e-01  6.063e-01  6.063e-01  6.063e-01  6.063e-01  6.063e-01  6.063e-01  6.063e-01  6.063e-01  6.063e-01  6.063e-01  6.063e-01  6.063e-01  6.063e-01  6.063e-01 	
 6.086e-01  6.086e-01  6.086e-01  6.086e-01  6.086e-01  6.086e-01  6.086e-01  6.086e-01  6.086e-01  6.086e-01  6.086e-01  6.086e-01  6.086e-01  6.086e-01  6.086e-01  6.086e-01  6.086e-01  6.086e-01  6.086e-01  6.086e-01  6.086e-01  6.086e-01  6.086e-01  6.086e-01  6.086e-01  6.086e-01  6.086e-01  6.086e-01  6.086e-01  6.086e-01  6.086e-01  6.086e-01  6.086e-01  6.086e-01  6.086e-01  6.086e-01  6.086e-01  6.086e-01  6.086e-01  6.086e-01  6.086e-01  6.086e-01  6.086e-01  6.086e-01  6.086e-01  6.086e-01  6.086e-01  6.086e-01  6.086e-01  6.086e-01 	
 6.106e-01  6.106e-01  6.106e-01  6.106e-01  6.106e-01  6.106e-01  6.106e-01  6.106e-01  6.106e-01  6.106e-01  6.106e-01  6.106e-01  6.106e-01  6.106e-01  6.106e-01  6.106e-01  6.106e-01  6.106e-01  6.106e-01  6.106e-01  6.106e-01  6.106e-01  6.106e-01  6.106e-01  6.106e-01  6.106e-01  6.106e-01  6.106e-01  6.106e-01  6.106e-01  6.106e-01  6.106e-01  6.106e-01  6.106e-01  6.106e-01  6.106e-01  6.106e-01  6.106e-01  6.106e-01  6.106e-01  6.106e-01  6.106e-01  6.106e-01  6.106e-01  6.106e-01  6.106e-01  6.106e-01  6.106e-01  6.106e-01  6.106e-01 	
 6.123e-01  6.123e-01  6.123e-01  6.123e-01  6.123e-01  6.123e-01  6.123e-01  6.123e-01  6.123e-01  6.123e-01  6.123e-01  6.123e-01  6.123e-01  6.123e-01  6.123e-01  6.123e-01  6.123e-01  6.123e-01  6.123e-01  6.123e-01  6.123e-01  6.123e-01  6.123e-01  6.123e-01  6.123e-01  6.123e-01  6.123e-01  6.123e-01  6.123e-01  6.123e-01  6.123e-01  6.123e-01  6.123e-01  6.123e-01  6.123e-01  6.123e-01  6.123e-01  6.123e-01  6.123e-01  6.123e-01  6.123e-01  6.123e-01  6.123e-01  6.123e-01  6.123e-01  6.123e-01  6.123e-01  6.123e-01  6.123e-01  6.123e-01 	
 6.139e-01  6.139e-01  6.139e-01  6.139e-01  6.139e-01  6.139e-01  6.139e-01  6.139e-01  6.139e-01  6.139e-01  6.139e-01  6.139e-01  6.139e-01  6.139e-01  6.139e-01  6.139e-01  6.139e-01  6.139e-01  6.139e-01  6.139e-01  6.139e-01  6.139e-01  6.139e-01  6.139e-01  6.139e-01  6.139e-01  6.139e-01  6.139e-01  6.139e-01  6.139e-01  6.139e-01  6.139e-01  6.139e-01  6.139e-01  6.139e-01  6.139e-01  6.139e-01  6.139e-01  6.139e-01  6.139e-01  6.139e-01  6.139e-01  6.139e-01  6.139e-01  6.139e-01  6.139e-01  6.139e-01  6.139e-01  6.139e-01  6.139e-01 	
 6.153e-01  6.153e-01  6.153e-01  6.153e-01  6.153e-01  6.153e-01  6.153e-01  6.153e-01  6.153e-01  6.153e-01  6.153e-01  6.153e-01  6.153e-01  6.153e-01  6.153e-01  6.153e-01  6.153e-01  6.153e-01  6.153e-01  6.153e-01  6.153e-01  6.153e-01  6.153e-01  6.153e-01  6.153e-01  6.153e-01  6.153e-01  6.153e-01  6.153e-01  6.153e-01  6.153e-01  6.153e-01  6.153e-01  6.153e-01  6.153e-01  6.153e-01  6.153e-01  6.153e-01  6.153e-01  6.153e-01  6.153e-01  6.153e-01  6.153e-01  6.153e-01  6.153e-01  6.153e-01  6.153e-01  6.153e-01  6.153e-01  6.153e-01 	
 6.165e-01  6.165e-01  6.165e-01  6.165e-01  6.165e-01  6.165e-01  6.165e-01  6.165e-01  6.165e-01  6.165e-01  6.165e-01  6.165e-01  6.165e-01  6.165e-01  6.165e-01  6.165e-01  6.165e-01  6.165e-01  6.165e-01  6.165e-01  6.165e-01  6.165e-01  6.165e-01  6.165e-01  6.165e-01  6.165e-01  6.165e-01  6.165e-01  6.165e-01  6.165e-01  6.165e-01  6.165e-01  6.165e-01  6.165e-01  6.165e-01  6.165e-01  6.165e-01  6.165e-01  6.165e-01  6.165e-01  6.165e-01  6.165e-01  6.165e-01  6.165e-01  6.165e-01  6.165e-01  6.165e-01  6.165e-01  6.165e-01  6.165e-01 	
 6.176e-01  6.176e-01  6.176e-01  6.176e-01  6.176e-01  6.176e-01  6.176e-01  6.176e-01  6.176e-01  6.176e-01  6.176e-01  6.176e-01  6.176e-01  6.176e-01  6.176e-01  6.176e-01  6.176e-01  6.176e-01  6.176e-01  6.176e-01  6.176e-01  6.176e-01  6.176e-01  6.176e-01  6.176e-01  6.176e-01  6.176e-01  6.176e-01  6.176e-01  6.176e-01  6.176e-01  6.176e-01  6.176e-01  6.176e-01  6.176e-01  6.176e-01  6.176e-01  6.176e-01  6.176e-01  6.176e-01  6.176e-01  6.176e-01  6.176e-01  6.176e-01  6.176e-01  6.176e-01  6.176e-01  6.176e-01  6.176e-01  6.176e-01 	
 6.186e-01  6.186e-01  6.186e-01  6.186e-01  6.186e-01  6.186e-01  6.186e-01  6.186e-01  6.186e-01  6.186e-01  6.186e-01  6.186e-01  6.186e-01  6.186e-01  6.186e-01  6.186e-01  6.186e-01  6.186e-01  6.186e-01  6.186e-01  6.186e-01  6.186e-01  6.186e-01  6.186e-01  6.186e-01  6.186e-01  6.186e-01  6.186e-01  6.186e-01  6.186e-01  6.186e-01  6.186e-01  6.186e-01  6.186e-01  6.186e-01  6.186e-01  6.186e-01  6.186e-01  6.186e-01  6.186e-01  6.186e-01  6.186e-01  6.186e-01  6.186e-01  6.186e-01  6.186e-01  6.186e-01  6.186e-01  6.186e-01  6.186e-01 	
 6.194e-01  6.194e-01  6.194e-01  6.194e-01  6.194e-01  6.194e-01  6.194e-01  6.194e-01  6.194e-01  6.194e-01  6.194e-01  6.194e-01  6.194e-01  6.194e-01  6.194e-01  6.194e-01  6.194e-01  6.194e-01  6.194e-01  6.194e-01  6.194e-01  6.194e-01  6.194e-01  6.194e-01  6.194e-01  6.194e-01  6.194e-01  6.194e-01  6.194e-01  6.194e-01  6.194e-01  6.194e-01  6.194e-01  6.194e-01  6.194e-01  6.194e-01  6.194e-01  6.194e-01  6.194e-01  6.194e-01  6.194e-01  6.194e-01  6.194e-01  6.194e-01  6.194e-01  6.194e-01  6.194e-01  6.194e-01  6.194e-01  6.194e-01 	
 6.201e-01  6.201e-01  6.201e-01  6.201e-01  6.201e-01  6.201e-01  6.201e-01  6.201e-01  6.201e-01  6.201e-01  6.201e-01  6.201e-01  6.201e-01  6.201e-01  6.201e-01  6.201e-01  6.201e-01  6.201e-01  6.201e-01  6.201e-01  6.201e-01  6.201e-01  6.201e-01  6.201e-01  6.201e-01  6.201e-01  6.201e-01  6.201e-01  6.201e-01  6.201e-01  6.201e-01  6.201e-01  6.201e-01  6.201e-01  6.201e-01  6.201e-01  6.201e-01  6.201e-01  6.201e-01  6.201e-01  6.201e-01  6.201e-01  6.201e-01  6.201e-01  6.201e-01  6.201e-01  6.201e-01  6.201e-01  6.201e-01  6.201e-01 	
 6.207e-01  6.207e-01  6.207e-01  6.207e-01  6.207e-01  6.207e-01  6.207e-01  6.207e-01  6.207e-01  6.207e-01  6.207e-01  6.207e-01  6.207e-01  6.207e-01  6.207e-01  6.207e-01  6.207e-01  6.207e-01  6.207e-01  6.207e-01  6.207e-01  6.207e-01  6.207e-01  6.207e-01  6.207e-01  6.207e-01  6.207e-01  6.207e-01  6.207e-01  6.207e-01  6.207e-01  6.207e-01  6.207e-01  6.207e-01  6.207e-01  6.207e-01  6.207e-01  6.207e-01  6.207e-01  6.207e-01  6.207e-01  6.207e-01  6.207e-01  6.207e-01  6.207e-01  6.207e-01  6.207e-01  6.207e-01  6.207e-01  6.207e-01 	
 6.213e-01  6.213e-01  6.213e-01  6.213e-01  6.213e-01  6.213e-01  6.213e-01  6.213e-01  6.213e-01  6.213e-01  6.213e-01  6.213e-01  6.213e-01  6.213e-01  6.213e-01  6.213e-01  6.213e-01  6.213e-01  6.213e-01  6.213e-01  6.213e-01  6.213e-01  6.213e-01  6.213e-01  6.213e-01  6.213e-01  6.213e-01  6.213e-01  6.213e-01  6.213e-01  6.213e-01  6.213e-01  6.213e-01  6.213e-01  6.213e-01  6.213e-01  6.213e-01  6.213e-01  6.213e-01  6.213e-01  6.213e-01  6.213e-01  6.213e-01  6.213e-01  6.213e-01  6.213e-01  6.213e-01  6.213e-01  6.213e-01  6.213e-01 	
 6.217e-01  6.217e-01  6.217e-01  6.217e-01  6.217e-01  6.217e-01  6.217e-01  6.217e-01  6.217e-01  6.217e-01  6.217e-01  6.217e-01  6.217e-01  6.217e-01  6.217e-01  6.217e-01  6.217e-01  6.217e-01  6.217e-01  6.217e-01  6.217e-01  6.217e-01  6.217e-01  6.217e-01  6.217e-01  6.217e-01  6.217e-01  6.217e-01  6.217e-01  6.217e-01  6.217e-01  6.217e-01  6.217e-01  6.217e-01  6.217e-01  6.217e-01  6.217e-01  6.217e-01  6.217e-01  6.217e-01  6.217e-01  6.217e-01  6.217e-01  6.217e-01  6.217e-01  6.217e-01  6.217e-01  6.217e-01  6.217e-01  6.217e-01 	
 6.221e-01  6.221e-01  6.221e-01  6.221e-01  6.221e-01  6.221e-01  6.221e-01  6.221e-01  6.221e-01  6.221e-01  6.221e-01  6.221e-01  6.221e-01  6.221e-01  6.221e-01  6.221e-01  6.221e-01  6.221e-01  6.221e-01  6.221e-01  6.221e-01  6.221e-01  6.221e-01  6.221e-01  6.221e-01  6.221e-01  6.221e-01  6.221e-01  6.221e-01  6.221e-01  6.221e-01  6.221e-01  6.221e-01  6.221e-01  6.221e-01  6.221e-01  6.221e-01  6.221e-01  6.221e-01  6.221e-01  6.221e-01  6.221e-01  6.221e-01  6.221e-01  6.221e-01  6.221e-01  6.221e-01  6.221e-01  6.221e-01  6.221e-01 	
 6.224e-01  6.224e-01  6.224e-01  6.224e-01  6.224e-01  6.224e-01  6.224e-01  6.224e-01  6.224e-01  6.224e-01  6.224e-01  6.224e-01  6.224e-01  6.224e-01  6.224e-01  6.224e-01  6.224e-01  6.224e-01  6.224e-01  6.224e-01  6.224e-01  6.224e-01  6.224e-01  6.224e-01  6.224e-01  6.224e-01  6.224e-01  6.224e-01  6.224e-01  6.224e-01  6.224e-01  6.224e-01  6.224e-01  6.224e-01  6.224e-01  6.224e-01  6.224e-01  6.224e-01  6.224e-01  6.224e-01  6.224e-01  6.224e-01  6.224e-01  6.224e-01  6.224e-01  6.224e-01  6.224e-01  6.224e-01  6.224e-01  6.224e-01 	
 6.227e-01  6.227e-01  6.227e-01  6.227e-01  6.227e-01  6.227e-01  6.227e-01  6.227e-01  6.227e-01  6.227e-01  6.227e-01  6.227e-01  6.227e-01  6.227e-01  6.227e-01  6.227e-01  6.227e-01  6.227e-01  6.227e-01  6.227e-01  6.227e-01  6.227e-01  6.227e-01  6.227e-01  6.227e-01  6.227e-01  6.227e-01  6.227e-01  6.227e-01  6.227e-01  6.227e-01  6.227e-01  6.227e-01  6.227e-01  6.227e-01  6.227e-01  6.227e-01  6.227e-01  6.227e-01  6.227e-01  6.227e-01  6.227e-01  6.227e-01  6.227e-01  6.227e-01  6.227e-01  6.227e-01  6.227e-01  6.227e-01  6.227e-01 	
 6.230e-01  6.230e-01  6.230e-01  6.230e-01  6.230e-01  6.230e-01  6.230e-01  6.230e-01  6.230e-01  6.230e-01  6.230e-01  6.230e-01  6.230e-01  6.230e-01  6.230e-01  6.230e-01  6.230e-01  6.230e-01  6.230e-01  6.230e-01  6.230e-01  6.230e-01  6.230e-01  6.230e-01  6.230e-01  6.230e-01  6.230e-01  6.230e-01  6.230e-01  6.230e-01  6.230e-01  6.230e-01  6.230e-01  6.230e-01  6.230e-01  6.230e-01  6.230e-01  6.230e-01  6.230e-01  6.230e-01  6.230e-01  6.230e-01  6.230e-01  6.230e-01  6.230e-01  6.230e-01  6.230e-01  6.230e-01  6.230e-01  6.230e-01 	
 6.231e-01  6.231e-01  6.231e-01  6.231e-01  6.231e-01  6.231e-01  6.231e-01  6.231e-01  6.231e-01  6.231e-01  6.231e-01  6.231e-01  6.231e-01  6.231e-01  6.231e-01  6.231e-01  6.231e-01  6.231e-01  6.231e-01  6.231e-01  6.231e-01  6.231e-01  6.231e-01  6.231e-01  6.231e-01  6.231e-01  6.231e-01  6.231e-01  6.231e-01  6.231e-01  6.231e-01  6.231e-01  6.231e-01  6.231e-01  6.231e-01  6.231e-01  6.231e-01  6.231e-01  6.231e-01  6.231e-01  6.231e-01  6.231e-01  6.231e-01  6.231e-01  6.231e-01  6.231e-01  6.231e-01  6.231e-01  6.231e-01  6.231e-01 	
 6.233e-01  6.233e-01  6.233e-01  6.233e-01  6.233e-01  6.233e-01  6.233e-01  6.233e-01  6.233e-01  6.233e-01  6.233e-01  6.233e-01  6.233e-01  6.233e-01  6.233e-01  6.233e-01  6.233e-01  6.233e-01  6.233e-01  6.233e-01  6.233e-01  6.233e-01  6.233e-01  6.233e-01  6.233e-01  6.233e-01  6.233e-01  6.233e-01  6.233e-01  6.233e-01  6.233e-01  6.233e-01  6.233e-01  6.233e-01  6.233e-01  6.233e-01  6.233e-01  6.233e-01  6.233e-01  6.233e-01  6.233e-01  6.233e-01  6.233e-01  6.233e-01  6.233e-01  6.233e-01  6.233e-01  6.233e-01  6.233e-01  6.233e-01 	
 6.234e-01  6.234e-01  6.234e-01  6.234e-01  6.234e-01  6.234e-01  6.234e-01  6.234e-01  6.234e-01  6.234e-01  6.234e-01  6.234e-01  6.234e-01  6.234e-01  6.234e-01  6.234e-01  6.234e-01  6.234e-01  6.234e-01  6.234e-01  6.234e-01  6.234e-01  6.234e-01  6.234e-01  6.234e-01  6.234e-01  6.234e-01  6.234e-01  6.234e-01  6.234e-01  6.234e-01  6.234e-01  6.234e-01  6.234e-01  6.234e-01  6.234e-01  6.234e-01  6.234e-01  6.234e-01  6.234e-01  6.234e-01  6.234e-01  6.234e-01  6.234e-01  6.234e-01  6.234e-01  6.234e-01  6.234e-01  6.234e-01  6.234e-01 	
 6.235e-01  6.235e-01  6.235e-01  6.235e-01  6.235e-01  6.235e-01  6.235e-01  6.235e-01  6.235e-01  6.235e-01  6.235e-01  6.235e-01  6.235e-01  6.235e-01  6.235e-01  6.235e-01  6.235e-01  6.235e-01  6.235e-01  6.235e-01  6.235e-01  6.235e-01  6.235e-01  6.235e-01  6.235e-01  6.235e-01  6.235e-01  6.235e-01  6.235e-01  6.235e-01  6.235e-01  6.235e-01  6.235e-01  6.235e-01  6.235e-01  6.235e-01  6.235e-01  6.235e-01  6.235e-01  6.235e-01  6.235e-01  6.235e-01  6.235e-01  6.235e-01  6.235e-01  6.235e-01  6.235e-01  6.235e-01  6.235e-01  6.235e-01 	
 6.236e-01  6.236e-01  6.236e-01  6.236e-01  6.236e-01  6.236e-01  6.236e-01  6.236e-01  6.236e-01  6.236e-01  6.236e-01  6.236e-01  6.236e-01  6.236e-01  6.236e-01  6.236e-01  6.236e-01  6.236e-01  6.236e-01  6.236e-01  6.236e-01  6.236e-01  6.236e-01  6.236e-01  6.236e-01  6.236e-01  6.236e-01  6.236e-01  6.236e-01  6.236e-01  6.236e-01  6.236e-01  6.236e-01  6.236e-01  6.236e-01  6.236e-01  6.236e-01  6.236e-01  6.236e-01  6.236e-01  6.236e-01  6.236e-01  6.236e-01  6.236e-01  6.236e-01  6.236e-01  6.236e-01  6.236e-01  6.236e-01  6.236e-01 	
 6.237e-01  6.237e-01  6.237e-01  6.237e-01  6.237e-01  6.237e-01  6.237e-01  6.237e-01  6.237e-01  6.237e-01  6.237e-01  6.237e-01  6.237e-01  6.237e-01  6.237e-01  6.237e-01  6.237e-01  6.237e-01  6.237e-01  6.237e-01  6.237e-01  6.237e-01  6.237e-01  6.237e-01  6.237e-01  6.237e-01  6.237e-01  6.237e-01  6.237e-01  6.237e-01  6.237e-01  6.237e-01  6.237e-01  6.237e-01  6.237e-01  6.237e-01  6.237e-01  6.237e-01  6.237e-01  6.237e-01  6.237e-01  6.237e-01  6.237e-01  6.237e-01  6.237e-01  6.237e-01  6.237e-01  6.237e-01  6.237e-01  6.237e-01 	
 6.237e-01  6.237e-01  6.237e-01  6.237e-01  6.237e-01  6.237e-01  6.237e-01  6.237e-01  6.237e-01  6.237e-01  6.237e-01  6.237e-01  6.237e-01  6.237e-01  6.237e-01  6.237e-01  6.237e-01  6.237e-01  6.237e-01  6.237e-01  6.237e-01  6.237e-01  6.237e-01  6.237e-01  6.237e-01  6.237e-01  6.237e-01  6.237e-01  6.237e-01  6.237e-01  6.237e-01  6.237e-01  6.237e-01  6.237e-01  6.237e-01  6.237e-01  6.237e-01  6.237e-01  6.237e-01  6.237e-01  6.237e-01  6.237e-01  6.237e-01  6.237e-01  6.237e-01  6.237e-01  6.237e-01  6.237e-01  6.237e-01  6.237e-01 	
