 9.903e-01  9.903e-01  9.903e-01  9.903e-01  9.903e-01  9.903e-01  9.903e-01  9.903e-01  9.903e-01  9.903e-01  9.903e-01  9.903e-01  9.903e-01  9.903e-01  9.903e-01  9.903e-01  9.903e-01  9.903e-01  9.903e-01  9.903e-01  9.903e-01  9.903e-01  9.903e-01  9.903e-01  9.903e-01  9.903e-01  9.903e-01  9.903e-01  9.903e-01  9.903e-01  9.903e-01  9.903e-01  9.903e-01  9.903e-01  9.903e-01  9.903e-01  9.903e-01  9.903e-01  9.903e-01  9.903e-01  9.903e-01  9.903e-01  9.903e-01  9.903e-01  9.903e-01  9.903e-01  9.903e-01  9.903e-01  9.903e-01  9.903e-01 	
 9.892e-01  9.892e-01  9.892e-01  9.892e-01  9.892e-01  9.892e-01  9.892e-01  9.892e-01  9.892e-01  9.892e-01  9.892e-01  9.892e-01  9.892e-01  9.892e-01  9.892e-01  9.892e-01  9.892e-01  9.892e-01  9.892e-01  9.892e-01  9.892e-01  9.892e-01  9.892e-01  9.892e-01  9.892e-01  9.892e-01  9.892e-01  9.892e-01  9.892e-01  9.892e-01  9.892e-01  9.892e-01  9.892e-01  9.892e-01  9.892e-01  9.892e-01  9.892e-01  9.892e-01  9.892e-01  9.892e-01  9.892e-01  9.892e-01  9.892e-01  9.892e-01  9.892e-01  9.892e-01  9.892e-01  9.892e-01  9.892e-01  9.892e-01 	
 9.907e-01  9.907e-01  9.907e-01  9.907e-01  9.907e-01  9.907e-01  9.907e-01  9.907e-01  9.907e-01  9.907e-01  9.907e-01  9.907e-01  9.907e-01  9.907e-01  9.907e-01  9.907e-01  9.907e-01  9.907e-01  9.907e-01  9.907e-01  9.907e-01  9.907e-01  9.907e-01  9.907e-01  9.907e-01  9.907e-01  9.907e-01  9.907e-01  9.907e-01  9.907e-01  9.907e-01  9.907e-01  9.907e-01  9.907e-01  9.907e-01  9.907e-01  9.907e-01  9.907e-01  9.907e-01  9.907e-01  9.907e-01  9.907e-01  9.907e-01  9.907e-01  9.907e-01  9.907e-01  9.907e-01  9.907e-01  9.907e-01  9.907e-01 	
 9.939e-01  9.939e-01  9.939e-01  9.939e-01  9.939e-01  9.939e-01  9.939e-01  9.939e-01  9.939e-01  9.939e-01  9.939e-01  9.939e-01  9.939e-01  9.939e-01  9.939e-01  9.939e-01  9.939e-01  9.939e-01  9.939e-01  9.939e-01  9.939e-01  9.939e-01  9.939e-01  9.939e-01  9.939e-01  9.939e-01  9.939e-01  9.939e-01  9.939e-01  9.939e-01  9.939e-01  9.939e-01  9.939e-01  9.939e-01  9.939e-01  9.939e-01  9.939e-01  9.939e-01  9.939e-01  9.939e-01  9.939e-01  9.939e-01  9.939e-01  9.939e-01  9.939e-01  9.939e-01  9.939e-01  9.939e-01  9.939e-01  9.939e-01 	
 9.883e-01  9.883e-01  9.883e-01  9.883e-01  9.883e-01  9.883e-01  9.883e-01  9.883e-01  9.883e-01  9.883e-01  9.883e-01  9.883e-01  9.883e-01  9.883e-01  9.883e-01  9.883e-01  9.883e-01  9.883e-01  9.883e-01  9.883e-01  9.883e-01  9.883e-01  9.883e-01  9.883e-01  9.883e-01  9.883e-01  9.883e-01  9.883e-01  9.883e-01  9.883e-01  9.883e-01  9.883e-01  9.883e-01  9.883e-01  9.883e-01  9.883e-01  9.883e-01  9.883e-01  9.883e-01  9.883e-01  9.883e-01  9.883e-01  9.883e-01  9.883e-01  9.883e-01  9.883e-01  9.883e-01  9.883e-01  9.883e-01  9.883e-01 	
 9.871e-01  9.871e-01  9.871e-01  9.871e-01  9.871e-01  9.871e-01  9.871e-01  9.871e-01  9.871e-01  9.871e-01  9.871e-01  9.871e-01  9.871e-01  9.871e-01  9.871e-01  9.871e-01  9.871e-01  9.871e-01  9.871e-01  9.871e-01  9.871e-01  9.871e-01  9.871e-01  9.871e-01  9.871e-01  9.871e-01  9.871e-01  9.871e-01  9.871e-01  9.871e-01  9.871e-01  9.871e-01  9.871e-01  9.871e-01  9.871e-01  9.871e-01  9.871e-01  9.871e-01  9.871e-01  9.871e-01  9.871e-01  9.871e-01  9.871e-01  9.871e-01  9.871e-01  9.871e-01  9.871e-01  9.871e-01  9.871e-01  9.871e-01 	
 9.788e-01  9.788e-01  9.788e-01  9.788e-01  9.788e-01  9.788e-01  9.788e-01  9.788e-01  9.788e-01  9.788e-01  9.788e-01  9.788e-01  9.788e-01  9.788e-01  9.788e-01  9.788e-01  9.788e-01  9.788e-01  9.788e-01  9.788e-01  9.788e-01  9.788e-01  9.788e-01  9.788e-01  9.788e-01  9.788e-01  9.788e-01  9.788e-01  9.788e-01  9.788e-01  9.788e-01  9.788e-01  9.788e-01  9.788e-01  9.788e-01  9.788e-01  9.788e-01  9.788e-01  9.788e-01  9.788e-01  9.788e-01  9.788e-01  9.788e-01  9.788e-01  9.788e-01  9.788e-01  9.788e-01  9.788e-01  9.788e-01  9.788e-01 	
 9.630e-01  9.630e-01  9.630e-01  9.630e-01  9.630e-01  9.630e-01  9.630e-01  9.630e-01  9.630e-01  9.630e-01  9.630e-01  9.630e-01  9.630e-01  9.630e-01  9.630e-01  9.630e-01  9.630e-01  9.630e-01  9.630e-01  9.630e-01  9.630e-01  9.630e-01  9.630e-01  9.630e-01  9.630e-01  9.630e-01  9.630e-01  9.630e-01  9.630e-01  9.630e-01  9.630e-01  9.630e-01  9.630e-01  9.630e-01  9.630e-01  9.630e-01  9.630e-01  9.630e-01  9.630e-01  9.630e-01  9.630e-01  9.630e-01  9.630e-01  9.630e-01  9.630e-01  9.630e-01  9.630e-01  9.630e-01  9.630e-01  9.630e-01 	
 9.523e-01  9.523e-01  9.523e-01  9.523e-01  9.523e-01  9.523e-01  9.523e-01  9.523e-01  9.523e-01  9.523e-01  9.523e-01  9.523e-01  9.523e-01  9.523e-01  9.523e-01  9.523e-01  9.523e-01  9.523e-01  9.523e-01  9.523e-01  9.523e-01  9.523e-01  9.523e-01  9.523e-01  9.523e-01  9.523e-01  9.523e-01  9.523e-01  9.523e-01  9.523e-01  9.523e-01  9.523e-01  9.523e-01  9.523e-01  9.523e-01  9.523e-01  9.523e-01  9.523e-01  9.523e-01  9.523e-01  9.523e-01  9.523e-01  9.523e-01  9.523e-01  9.523e-01  9.523e-01  9.523e-01  9.523e-01  9.523e-01  9.523e-01 	
 9.572e-01  9.572e-01  9.572e-01  9.572e-01  9.572e-01  9.572e-01  9.572e-01  9.572e-01  9.572e-01  9.572e-01  9.572e-01  9.572e-01  9.572e-01  9.572e-01  9.572e-01  9.572e-01  9.572e-01  9.572e-01  9.572e-01  9.572e-01  9.572e-01  9.572e-01  9.572e-01  9.572e-01  9.572e-01  9.572e-01  9.572e-01  9.572e-01  9.572e-01  9.572e-01  9.572e-01  9.572e-01  9.572e-01  9.572e-01  9.572e-01  9.572e-01  9.572e-01  9.572e-01  9.572e-01  9.572e-01  9.572e-01  9.572e-01  9.572e-01  9.572e-01  9.572e-01  9.572e-01  9.572e-01  9.572e-01  9.572e-01  9.572e-01 	
 9.738e-01  9.738e-01  9.738e-01  9.738e-01  9.738e-01  9.738e-01  9.738e-01  9.738e-01  9.738e-01  9.738e-01  9.738e-01  9.738e-01  9.738e-01  9.738e-01  9.738e-01  9.738e-01  9.738e-01  9.738e-01  9.738e-01  9.738e-01  9.738e-01  9.738e-01  9.738e-01  9.738e-01  9.738e-01  9.738e-01  9.738e-01  9.738e-01  9.738e-01  9.738e-01  9.738e-01  9.738e-01  9.738e-01  9.738e-01  9.738e-01  9.738e-01  9.738e-01  9.738e-01  9.738e-01  9.738e-01  9.738e-01  9.738e-01  9.738e-01  9.738e-01  9.738e-01  9.738e-01  9.738e-01  9.738e-01  9.738e-01  9.738e-01 	
 9.707e-01  9.707e-01  9.707e-01  9.707e-01  9.707e-01  9.707e-01  9.707e-01  9.707e-01  9.707e-01  9.707e-01  9.707e-01  9.707e-01  9.707e-01  9.707e-01  9.707e-01  9.707e-01  9.707e-01  9.707e-01  9.707e-01  9.707e-01  9.707e-01  9.707e-01  9.707e-01  9.707e-01  9.707e-01  9.707e-01  9.707e-01  9.707e-01  9.707e-01  9.707e-01  9.707e-01  9.707e-01  9.707e-01  9.707e-01  9.707e-01  9.707e-01  9.707e-01  9.707e-01  9.707e-01  9.707e-01  9.707e-01  9.707e-01  9.707e-01  9.707e-01  9.707e-01  9.707e-01  9.707e-01  9.707e-01  9.707e-01  9.707e-01 	
 9.439e-01  9.439e-01  9.439e-01  9.439e-01  9.439e-01  9.439e-01  9.439e-01  9.439e-01  9.439e-01  9.439e-01  9.439e-01  9.439e-01  9.439e-01  9.439e-01  9.439e-01  9.439e-01  9.439e-01  9.439e-01  9.439e-01  9.439e-01  9.439e-01  9.439e-01  9.439e-01  9.439e-01  9.439e-01  9.439e-01  9.439e-01  9.439e-01  9.439e-01  9.439e-01  9.439e-01  9.439e-01  9.439e-01  9.439e-01  9.439e-01  9.439e-01  9.439e-01  9.439e-01  9.439e-01  9.439e-01  9.439e-01  9.439e-01  9.439e-01  9.439e-01  9.439e-01  9.439e-01  9.439e-01  9.439e-01  9.439e-01  9.439e-01 	
 9.610e-01  9.610e-01  9.610e-01  9.610e-01  9.610e-01  9.610e-01  9.610e-01  9.610e-01  9.610e-01  9.610e-01  9.610e-01  9.610e-01  9.610e-01  9.610e-01  9.610e-01  9.610e-01  9.610e-01  9.610e-01  9.610e-01  9.610e-01  9.610e-01  9.610e-01  9.610e-01  9.610e-01  9.610e-01  9.610e-01  9.610e-01  9.610e-01  9.610e-01  9.610e-01  9.610e-01  9.610e-01  9.610e-01  9.610e-01  9.610e-01  9.610e-01  9.610e-01  9.610e-01  9.610e-01  9.610e-01  9.610e-01  9.610e-01  9.610e-01  9.610e-01  9.610e-01  9.610e-01  9.610e-01  9.610e-01  9.610e-01  9.610e-01 	
 9.490e-01  9.490e-01  9.490e-01  9.490e-01  9.490e-01  9.490e-01  9.490e-01  9.490e-01  9.490e-01  9.490e-01  9.490e-01  9.490e-01  9.490e-01  9.490e-01  9.490e-01  9.490e-01  9.490e-01  9.490e-01  9.490e-01  9.490e-01  9.490e-01  9.490e-01  9.490e-01  9.490e-01  9.490e-01  9.490e-01  9.490e-01  9.490e-01  9.490e-01  9.490e-01  9.490e-01  9.490e-01  9.490e-01  9.490e-01  9.490e-01  9.490e-01  9.490e-01  9.490e-01  9.490e-01  9.490e-01  9.490e-01  9.490e-01  9.490e-01  9.490e-01  9.490e-01  9.490e-01  9.490e-01  9.490e-01  9.490e-01  9.490e-01 	
 9.338e-01  9.338e-01  9.338e-01  9.338e-01  9.338e-01  9.338e-01  9.338e-01  9.338e-01  9.338e-01  9.338e-01  9.338e-01  9.338e-01  9.338e-01  9.338e-01  9.338e-01  9.338e-01  9.338e-01  9.338e-01  9.338e-01  9.338e-01  9.338e-01  9.338e-01  9.338e-01  9.338e-01  9.338e-01  9.338e-01  9.338e-01  9.338e-01  9.338e-01  9.338e-01  9.338e-01  9.338e-01  9.338e-01  9.338e-01  9.338e-01  9.338e-01  9.338e-01  9.338e-01  9.338e-01  9.338e-01  9.338e-01  9.338e-01  9.338e-01  9.338e-01  9.338e-01  9.338e-01  9.338e-01  9.338e-01  9.338e-01  9.338e-01 	
 9.414e-01  9.414e-01  9.414e-01  9.414e-01  9.414e-01  9.414e-01  9.414e-01  9.414e-01  9.414e-01  9.414e-01  9.414e-01  9.414e-01  9.414e-01  9.414e-01  9.414e-01  9.414e-01  9.414e-01  9.414e-01  9.414e-01  9.414e-01  9.414e-01  9.414e-01  9.414e-01  9.414e-01  9.414e-01  9.414e-01  9.414e-01  9.414e-01  9.414e-01  9.414e-01  9.414e-01  9.414e-01  9.414e-01  9.414e-01  9.414e-01  9.414e-01  9.414e-01  9.414e-01  9.414e-01  9.414e-01  9.414e-01  9.414e-01  9.414e-01  9.414e-01  9.414e-01  9.414e-01  9.414e-01  9.414e-01  9.414e-01  9.414e-01 	
 9.073e-01  9.073e-01  9.073e-01  9.073e-01  9.073e-01  9.073e-01  9.073e-01  9.073e-01  9.073e-01  9.073e-01  9.073e-01  9.073e-01  9.073e-01  9.073e-01  9.073e-01  9.073e-01  9.073e-01  9.073e-01  9.073e-01  9.073e-01  9.073e-01  9.073e-01  9.073e-01  9.073e-01  9.073e-01  9.073e-01  9.073e-01  9.073e-01  9.073e-01  9.073e-01  9.073e-01  9.073e-01  9.073e-01  9.073e-01  9.073e-01  9.073e-01  9.073e-01  9.073e-01  9.073e-01  9.073e-01  9.073e-01  9.073e-01  9.073e-01  9.073e-01  9.073e-01  9.073e-01  9.073e-01  9.073e-01  9.073e-01  9.073e-01 	
 9.236e-01  9.236e-01  9.236e-01  9.236e-01  9.236e-01  9.236e-01  9.236e-01  9.236e-01  9.236e-01  9.236e-01  9.236e-01  9.236e-01  9.236e-01  9.236e-01  9.236e-01  9.236e-01  9.236e-01  9.236e-01  9.236e-01  9.236e-01  9.236e-01  9.236e-01  9.236e-01  9.236e-01  9.236e-01  9.236e-01  9.236e-01  9.236e-01  9.236e-01  9.236e-01  9.236e-01  9.236e-01  9.236e-01  9.236e-01  9.236e-01  9.236e-01  9.236e-01  9.236e-01  9.236e-01  9.236e-01  9.236e-01  9.236e-01  9.236e-01  9.236e-01  9.236e-01  9.236e-01  9.236e-01  9.236e-01  9.236e-01  9.236e-01 	
 8.928e-01  8.928e-01  8.928e-01  8.928e-01  8.928e-01  8.928e-01  8.928e-01  8.928e-01  8.928e-01  8.928e-01  8.928e-01  8.928e-01  8.928e-01  8.928e-01  8.928e-01  8.928e-01  8.928e-01  8.928e-01  8.928e-01  8.928e-01  8.928e-01  8.928e-01  8.928e-01  8.928e-01  8.928e-01  8.928e-01  8.928e-01  8.928e-01  8.928e-01  8.928e-01  8.928e-01  8.928e-01  8.928e-01  8.928e-01  8.928e-01  8.928e-01  8.928e-01  8.928e-01  8.928e-01  8.928e-01  8.928e-01  8.928e-01  8.928e-01  8.928e-01  8.928e-01  8.928e-01  8.928e-01  8.928e-01  8.928e-01  8.928e-01 	
 9.033e-01  9.033e-01  9.033e-01  9.033e-01  9.033e-01  9.033e-01  9.033e-01  9.033e-01  9.033e-01  9.033e-01  9.033e-01  9.033e-01  9.033e-01  9.033e-01  9.033e-01  9.033e-01  9.033e-01  9.033e-01  9.033e-01  9.033e-01  9.033e-01  9.033e-01  9.033e-01  9.033e-01  9.033e-01  9.033e-01  9.033e-01  9.033e-01  9.033e-01  9.033e-01  9.033e-01  9.033e-01  9.033e-01  9.033e-01  9.033e-01  9.033e-01  9.033e-01  9.033e-01  9.033e-01  9.033e-01  9.033e-01  9.033e-01  9.033e-01  9.033e-01  9.033e-01  9.033e-01  9.033e-01  9.033e-01  9.033e-01  9.033e-01 	
 8.820e-01  8.820e-01  8.820e-01  8.820e-01  8.820e-01  8.820e-01  8.820e-01  8.820e-01  8.820e-01  8.820e-01  8.820e-01  8.820e-01  8.820e-01  8.820e-01  8.820e-01  8.820e-01  8.820e-01  8.820e-01  8.820e-01  8.820e-01  8.820e-01  8.820e-01  8.820e-01  8.820e-01  8.820e-01  8.820e-01  8.820e-01  8.820e-01  8.820e-01  8.820e-01  8.820e-01  8.820e-01  8.820e-01  8.820e-01  8.820e-01  8.820e-01  8.820e-01  8.820e-01  8.820e-01  8.820e-01  8.820e-01  8.820e-01  8.820e-01  8.820e-01  8.820e-01  8.820e-01  8.820e-01  8.820e-01  8.820e-01  8.820e-01 	
 8.795e-01  8.795e-01  8.795e-01  8.795e-01  8.795e-01  8.795e-01  8.795e-01  8.795e-01  8.795e-01  8.795e-01  8.795e-01  8.795e-01  8.795e-01  8.795e-01  8.795e-01  8.795e-01  8.795e-01  8.795e-01  8.795e-01  8.795e-01  8.795e-01  8.795e-01  8.795e-01  8.795e-01  8.795e-01  8.795e-01  8.795e-01  8.795e-01  8.795e-01  8.795e-01  8.795e-01  8.795e-01  8.795e-01  8.795e-01  8.795e-01  8.795e-01  8.795e-01  8.795e-01  8.795e-01  8.795e-01  8.795e-01  8.795e-01  8.795e-01  8.795e-01  8.795e-01  8.795e-01  8.795e-01  8.795e-01  8.795e-01  8.795e-01 	
 8.699e-01  8.699e-01  8.699e-01  8.699e-01  8.699e-01  8.699e-01  8.699e-01  8.699e-01  8.699e-01  8.699e-01  8.699e-01  8.699e-01  8.699e-01  8.699e-01  8.699e-01  8.699e-01  8.699e-01  8.699e-01  8.699e-01  8.699e-01  8.699e-01  8.699e-01  8.699e-01  8.699e-01  8.699e-01  8.699e-01  8.699e-01  8.699e-01  8.699e-01  8.699e-01  8.699e-01  8.699e-01  8.699e-01  8.699e-01  8.699e-01  8.699e-01  8.699e-01  8.699e-01  8.699e-01  8.699e-01  8.699e-01  8.699e-01  8.699e-01  8.699e-01  8.699e-01  8.699e-01  8.699e-01  8.699e-01  8.699e-01  8.699e-01 	
 8.371e-01  8.371e-01  8.371e-01  8.371e-01  8.371e-01  8.371e-01  8.371e-01  8.371e-01  8.371e-01  8.371e-01  8.371e-01  8.371e-01  8.371e-01  8.371e-01  8.371e-01  8.371e-01  8.371e-01  8.371e-01  8.371e-01  8.371e-01  8.371e-01  8.371e-01  8.371e-01  8.371e-01  8.371e-01  8.371e-01  8.371e-01  8.371e-01  8.371e-01  8.371e-01  8.371e-01  8.371e-01  8.371e-01  8.371e-01  8.371e-01  8.371e-01  8.371e-01  8.371e-01  8.371e-01  8.371e-01  8.371e-01  8.371e-01  8.371e-01  8.371e-01  8.371e-01  8.371e-01  8.371e-01  8.371e-01  8.371e-01  8.371e-01 	
 8.418e-01  8.418e-01  8.418e-01  8.418e-01  8.418e-01  8.418e-01  8.418e-01  8.418e-01  8.418e-01  8.418e-01  8.418e-01  8.418e-01  8.418e-01  8.418e-01  8.418e-01  8.418e-01  8.418e-01  8.418e-01  8.418e-01  8.418e-01  8.418e-01  8.418e-01  8.418e-01  8.418e-01  8.418e-01  8.418e-01  8.418e-01  8.418e-01  8.418e-01  8.418e-01  8.418e-01  8.418e-01  8.418e-01  8.418e-01  8.418e-01  8.418e-01  8.418e-01  8.418e-01  8.418e-01  8.418e-01  8.418e-01  8.418e-01  8.418e-01  8.418e-01  8.418e-01  8.418e-01  8.418e-01  8.418e-01  8.418e-01  8.418e-01 	
 8.172e-01  8.172e-01  8.172e-01  8.172e-01  8.172e-01  8.172e-01  8.172e-01  8.172e-01  8.172e-01  8.172e-01  8.172e-01  8.172e-01  8.172e-01  8.172e-01  8.172e-01  8.172e-01  8.172e-01  8.172e-01  8.172e-01  8.172e-01  8.172e-01  8.172e-01  8.172e-01  8.172e-01  8.172e-01  8.172e-01  8.172e-01  8.172e-01  8.172e-01  8.172e-01  8.172e-01  8.172e-01  8.172e-01  8.172e-01  8.172e-01  8.172e-01  8.172e-01  8.172e-01  8.172e-01  8.172e-01  8.172e-01  8.172e-01  8.172e-01  8.172e-01  8.172e-01  8.172e-01  8.172e-01  8.172e-01  8.172e-01  8.172e-01 	
 8.047e-01  8.047e-01  8.047e-01  8.047e-01  8.047e-01  8.047e-01  8.047e-01  8.047e-01  8.047e-01  8.047e-01  8.047e-01  8.047e-01  8.047e-01  8.047e-01  8.047e-01  8.047e-01  8.047e-01  8.047e-01  8.047e-01  8.047e-01  8.047e-01  8.047e-01  8.047e-01  8.047e-01  8.047e-01  8.047e-01  8.047e-01  8.047e-01  8.047e-01  8.047e-01  8.047e-01  8.047e-01  8.047e-01  8.047e-01  8.047e-01  8.047e-01  8.047e-01  8.047e-01  8.047e-01  8.047e-01  8.047e-01  8.047e-01  8.047e-01  8.047e-01  8.047e-01  8.047e-01  8.047e-01  8.047e-01  8.047e-01  8.047e-01 	
 7.783e-01  7.783e-01  7.783e-01  7.783e-01  7.783e-01  7.783e-01  7.783e-01  7.783e-01  7.783e-01  7.783e-01  7.783e-01  7.783e-01  7.783e-01  7.783e-01  7.783e-01  7.783e-01  7.783e-01  7.783e-01  7.783e-01  7.783e-01  7.783e-01  7.783e-01  7.783e-01  7.783e-01  7.783e-01  7.783e-01  7.783e-01  7.783e-01  7.783e-01  7.783e-01  7.783e-01  7.783e-01  7.783e-01  7.783e-01  7.783e-01  7.783e-01  7.783e-01  7.783e-01  7.783e-01  7.783e-01  7.783e-01  7.783e-01  7.783e-01  7.783e-01  7.783e-01  7.783e-01  7.783e-01  7.783e-01  7.783e-01  7.783e-01 	
 7.726e-01  7.726e-01  7.726e-01  7.726e-01  7.726e-01  7.726e-01  7.726e-01  7.726e-01  7.726e-01  7.726e-01  7.726e-01  7.726e-01  7.726e-01  7.726e-01  7.726e-01  7.726e-01  7.726e-01  7.726e-01  7.726e-01  7.726e-01  7.726e-01  7.726e-01  7.726e-01  7.726e-01  7.726e-01  7.726e-01  7.726e-01  7.726e-01  7.726e-01  7.726e-01  7.726e-01  7.726e-01  7.726e-01  7.726e-01  7.726e-01  7.726e-01  7.726e-01  7.726e-01  7.726e-01  7.726e-01  7.726e-01  7.726e-01  7.726e-01  7.726e-01  7.726e-01  7.726e-01  7.726e-01  7.726e-01  7.726e-01  7.726e-01 	
 7.506e-01  7.506e-01  7.506e-01  7.506e-01  7.506e-01  7.506e-01  7.506e-01  7.506e-01  7.506e-01  7.506e-01  7.506e-01  7.506e-01  7.506e-01  7.506e-01  7.506e-01  7.506e-01  7.506e-01  7.506e-01  7.506e-01  7.506e-01  7.506e-01  7.506e-01  7.506e-01  7.506e-01  7.506e-01  7.506e-01  7.506e-01  7.506e-01  7.506e-01  7.506e-01  7.506e-01  7.506e-01  7.506e-01  7.506e-01  7.506e-01  7.506e-01  7.506e-01  7.506e-01  7.506e-01  7.506e-01  7.506e-01  7.506e-01  7.506e-01  7.506e-01  7.506e-01  7.506e-01  7.506e-01  7.506e-01  7.506e-01  7.506e-01 	
 7.344e-01  7.344e-01  7.344e-01  7.344e-01  7.344e-01  7.344e-01  7.344e-01  7.344e-01  7.344e-01  7.344e-01  7.344e-01  7.344e-01  7.344e-01  7.344e-01  7.344e-01  7.344e-01  7.344e-01  7.344e-01  7.344e-01  7.344e-01  7.344e-01  7.344e-01  7.344e-01  7.344e-01  7.344e-01  7.344e-01  7.344e-01  7.344e-01  7.344e-01  7.344e-01  7.344e-01  7.344e-01  7.344e-01  7.344e-01  7.344e-01  7.344e-01  7.344e-01  7.344e-01  7.344e-01  7.344e-01  7.344e-01  7.344e-01  7.344e-01  7.344e-01  7.344e-01  7.344e-01  7.344e-01  7.344e-01  7.344e-01  7.344e-01 	
 7.166e-01  7.166e-01  7.166e-01  7.166e-01  7.166e-01  7.166e-01  7.166e-01  7.166e-01  7.166e-01  7.166e-01  7.166e-01  7.166e-01  7.166e-01  7.166e-01  7.166e-01  7.166e-01  7.166e-01  7.166e-01  7.166e-01  7.166e-01  7.166e-01  7.166e-01  7.166e-01  7.166e-01  7.166e-01  7.166e-01  7.166e-01  7.166e-01  7.166e-01  7.166e-01  7.166e-01  7.166e-01  7.166e-01  7.166e-01  7.166e-01  7.166e-01  7.166e-01  7.166e-01  7.166e-01  7.166e-01  7.166e-01  7.166e-01  7.166e-01  7.166e-01  7.166e-01  7.166e-01  7.166e-01  7.166e-01  7.166e-01  7.166e-01 	
 6.974e-01  6.974e-01  6.974e-01  6.974e-01  6.974e-01  6.974e-01  6.974e-01  6.974e-01  6.974e-01  6.974e-01  6.974e-01  6.974e-01  6.974e-01  6.974e-01  6.974e-01  6.974e-01  6.974e-01  6.974e-01  6.974e-01  6.974e-01  6.974e-01  6.974e-01  6.974e-01  6.974e-01  6.974e-01  6.974e-01  6.974e-01  6.974e-01  6.974e-01  6.974e-01  6.974e-01  6.974e-01  6.974e-01  6.974e-01  6.974e-01  6.974e-01  6.974e-01  6.974e-01  6.974e-01  6.974e-01  6.974e-01  6.974e-01  6.974e-01  6.974e-01  6.974e-01  6.974e-01  6.974e-01  6.974e-01  6.974e-01  6.974e-01 	
 6.830e-01  6.830e-01  6.830e-01  6.830e-01  6.830e-01  6.830e-01  6.830e-01  6.830e-01  6.830e-01  6.830e-01  6.830e-01  6.830e-01  6.830e-01  6.830e-01  6.830e-01  6.830e-01  6.830e-01  6.830e-01  6.830e-01  6.830e-01  6.830e-01  6.830e-01  6.830e-01  6.830e-01  6.830e-01  6.830e-01  6.830e-01  6.830e-01  6.830e-01  6.830e-01  6.830e-01  6.830e-01  6.830e-01  6.830e-01  6.830e-01  6.830e-01  6.830e-01  6.830e-01  6.830e-01  6.830e-01  6.830e-01  6.830e-01  6.830e-01  6.830e-01  6.830e-01  6.830e-01  6.830e-01  6.830e-01  6.830e-01  6.830e-01 	
 6.642e-01  6.642e-01  6.642e-01  6.642e-01  6.642e-01  6.642e-01  6.642e-01  6.642e-01  6.642e-01  6.642e-01  6.642e-01  6.642e-01  6.642e-01  6.642e-01  6.642e-01  6.642e-01  6.642e-01  6.642e-01  6.642e-01  6.642e-01  6.642e-01  6.642e-01  6.642e-01  6.642e-01  6.642e-01  6.642e-01  6.642e-01  6.642e-01  6.642e-01  6.642e-01  6.642e-01  6.642e-01  6.642e-01  6.642e-01  6.642e-01  6.642e-01  6.642e-01  6.642e-01  6.642e-01  6.642e-01  6.642e-01  6.642e-01  6.642e-01  6.642e-01  6.642e-01  6.642e-01  6.642e-01  6.642e-01  6.642e-01  6.642e-01 	
 6.512e-01  6.512e-01  6.512e-01  6.512e-01  6.512e-01  6.512e-01  6.512e-01  6.512e-01  6.512e-01  6.512e-01  6.512e-01  6.512e-01  6.512e-01  6.512e-01  6.512e-01  6.512e-01  6.512e-01  6.512e-01  6.512e-01  6.512e-01  6.512e-01  6.512e-01  6.512e-01  6.512e-01  6.512e-01  6.512e-01  6.512e-01  6.512e-01  6.512e-01  6.512e-01  6.512e-01  6.512e-01  6.512e-01  6.512e-01  6.512e-01  6.512e-01  6.512e-01  6.512e-01  6.512e-01  6.512e-01  6.512e-01  6.512e-01  6.512e-01  6.512e-01  6.512e-01  6.512e-01  6.512e-01  6.512e-01  6.512e-01  6.512e-01 	
 6.394e-01  6.394e-01  6.394e-01  6.394e-01  6.394e-01  6.394e-01  6.394e-01  6.394e-01  6.394e-01  6.394e-01  6.394e-01  6.394e-01  6.394e-01  6.394e-01  6.394e-01  6.394e-01  6.394e-01  6.394e-01  6.394e-01  6.394e-01  6.394e-01  6.394e-01  6.394e-01  6.394e-01  6.394e-01  6.394e-01  6.394e-01  6.394e-01  6.394e-01  6.394e-01  6.394e-01  6.394e-01  6.394e-01  6.394e-01  6.394e-01  6.394e-01  6.394e-01  6.394e-01  6.394e-01  6.394e-01  6.394e-01  6.394e-01  6.394e-01  6.394e-01  6.394e-01  6.394e-01  6.394e-01  6.394e-01  6.394e-01  6.394e-01 	
 6.270e-01  6.270e-01  6.270e-01  6.270e-01  6.270e-01  6.270e-01  6.270e-01  6.270e-01  6.270e-01  6.270e-01  6.270e-01  6.270e-01  6.270e-01  6.270e-01  6.270e-01  6.270e-01  6.270e-01  6.270e-01  6.270e-01  6.270e-01  6.270e-01  6.270e-01  6.270e-01  6.270e-01  6.270e-01  6.270e-01  6.270e-01  6.270e-01  6.270e-01  6.270e-01  6.270e-01  6.270e-01  6.270e-01  6.270e-01  6.270e-01  6.270e-01  6.270e-01  6.270e-01  6.270e-01  6.270e-01  6.270e-01  6.270e-01  6.270e-01  6.270e-01  6.270e-01  6.270e-01  6.270e-01  6.270e-01  6.270e-01  6.270e-01 	
 6.194e-01  6.194e-01  6.194e-01  6.194e-01  6.194e-01  6.194e-01  6.194e-01  6.194e-01  6.194e-01  6.194e-01  6.194e-01  6.194e-01  6.194e-01  6.194e-01  6.194e-01  6.194e-01  6.194e-01  6.194e-01  6.194e-01  6.194e-01  6.194e-01  6.194e-01  6.194e-01  6.194e-01  6.194e-01  6.194e-01  6.194e-01  6.194e-01  6.194e-01  6.194e-01  6.194e-01  6.194e-01  6.194e-01  6.194e-01  6.194e-01  6.194e-01  6.194e-01  6.194e-01  6.194e-01  6.194e-01  6.194e-01  6.194e-01  6.194e-01  6.194e-01  6.194e-01  6.194e-01  6.194e-01  6.194e-01  6.194e-01  6.194e-01 	
 6.134e-01  6.134e-01  6.134e-01  6.134e-01  6.134e-01  6.134e-01  6.134e-01  6.134e-01  6.134e-01  6.134e-01  6.134e-01  6.134e-01  6.134e-01  6.134e-01  6.134e-01  6.134e-01  6.134e-01  6.134e-01  6.134e-01  6.134e-01  6.134e-01  6.134e-01  6.134e-01  6.134e-01  6.134e-01  6.134e-01  6.134e-01  6.134e-01  6.134e-01  6.134e-01  6.134e-01  6.134e-01  6.134e-01  6.134e-01  6.134e-01  6.134e-01  6.134e-01  6.134e-01  6.134e-01  6.134e-01  6.134e-01  6.134e-01  6.134e-01  6.134e-01  6.134e-01  6.134e-01  6.134e-01  6.134e-01  6.134e-01  6.134e-01 	
 6.082e-01  6.082e-01  6.082e-01  6.082e-01  6.082e-01  6.082e-01  6.082e-01  6.082e-01  6.082e-01  6.082e-01  6.082e-01  6.082e-01  6.082e-01  6.082e-01  6.082e-01  6.082e-01  6.082e-01  6.082e-01  6.082e-01  6.082e-01  6.082e-01  6.082e-01  6.082e-01  6.082e-01  6.082e-01  6.082e-01  6.082e-01  6.082e-01  6.082e-01  6.082e-01  6.082e-01  6.082e-01  6.082e-01  6.082e-01  6.082e-01  6.082e-01  6.082e-01  6.082e-01  6.082e-01  6.082e-01  6.082e-01  6.082e-01  6.082e-01  6.082e-01  6.082e-01  6.082e-01  6.082e-01  6.082e-01  6.082e-01  6.082e-01 	
 6.054e-01  6.054e-01  6.054e-01  6.054e-01  6.054e-01  6.054e-01  6.054e-01  6.054e-01  6.054e-01  6.054e-01  6.054e-01  6.054e-01  6.054e-01  6.054e-01  6.054e-01  6.054e-01  6.054e-01  6.054e-01  6.054e-01  6.054e-01  6.054e-01  6.054e-01  6.054e-01  6.054e-01  6.054e-01  6.054e-01  6.054e-01  6.054e-01  6.054e-01  6.054e-01  6.054e-01  6.054e-01  6.054e-01  6.054e-01  6.054e-01  6.054e-01  6.054e-01  6.054e-01  6.054e-01  6.054e-01  6.054e-01  6.054e-01  6.054e-01  6.054e-01  6.054e-01  6.054e-01  6.054e-01  6.054e-01  6.054e-01  6.054e-01 	
 6.037e-01  6.037e-01  6.037e-01  6.037e-01  6.037e-01  6.037e-01  6.037e-01  6.037e-01  6.037e-01  6.037e-01  6.037e-01  6.037e-01  6.037e-01  6.037e-01  6.037e-01  6.037e-01  6.037e-01  6.037e-01  6.037e-01  6.037e-01  6.037e-01  6.037e-01  6.037e-01  6.037e-01  6.037e-01  6.037e-01  6.037e-01  6.037e-01  6.037e-01  6.037e-01  6.037e-01  6.037e-01  6.037e-01  6.037e-01  6.037e-01  6.037e-01  6.037e-01  6.037e-01  6.037e-01  6.037e-01  6.037e-01  6.037e-01  6.037e-01  6.037e-01  6.037e-01  6.037e-01  6.037e-01  6.037e-01  6.037e-01  6.037e-01 	
 6.026e-01  6.026e-01  6.026e-01  6.026e-01  6.026e-01  6.026e-01  6.026e-01  6.026e-01  6.026e-01  6.026e-01  6.026e-01  6.026e-01  6.026e-01  6.026e-01  6.026e-01  6.026e-01  6.026e-01  6.026e-01  6.026e-01  6.026e-01  6.026e-01  6.026e-01  6.026e-01  6.026e-01  6.026e-01  6.026e-01  6.026e-01  6.026e-01  6.026e-01  6.026e-01  6.026e-01  6.026e-01  6.026e-01  6.026e-01  6.026e-01  6.026e-01  6.026e-01  6.026e-01  6.026e-01  6.026e-01  6.026e-01  6.026e-01  6.026e-01  6.026e-01  6.026e-01  6.026e-01  6.026e-01  6.026e-01  6.026e-01  6.026e-01 	
 6.021e-01  6.021e-01  6.021e-01  6.021e-01  6.021e-01  6.021e-01  6.021e-01  6.021e-01  6.021e-01  6.021e-01  6.021e-01  6.021e-01  6.021e-01  6.021e-01  6.021e-01  6.021e-01  6.021e-01  6.021e-01  6.021e-01  6.021e-01  6.021e-01  6.021e-01  6.021e-01  6.021e-01  6.021e-01  6.021e-01  6.021e-01  6.021e-01  6.021e-01  6.021e-01  6.021e-01  6.021e-01  6.021e-01  6.021e-01  6.021e-01  6.021e-01  6.021e-01  6.021e-01  6.021e-01  6.021e-01  6.021e-01  6.021e-01  6.021e-01  6.021e-01  6.021e-01  6.021e-01  6.021e-01  6.021e-01  6.021e-01  6.021e-01 	
 6.020e-01  6.020e-01  6.020e-01  6.020e-01  6.020e-01  6.020e-01  6.020e-01  6.020e-01  6.020e-01  6.020e-01  6.020e-01  6.020e-01  6.020e-01  6.020e-01  6.020e-01  6.020e-01  6.020e-01  6.020e-01  6.020e-01  6.020e-01  6.020e-01  6.020e-01  6.020e-01  6.020e-01  6.020e-01  6.020e-01  6.020e-01  6.020e-01  6.020e-01  6.020e-01  6.020e-01  6.020e-01  6.020e-01  6.020e-01  6.020e-01  6.020e-01  6.020e-01  6.020e-01  6.020e-01  6.020e-01  6.020e-01  6.020e-01  6.020e-01  6.020e-01  6.020e-01  6.020e-01  6.020e-01  6.020e-01  6.020e-01  6.020e-01 	
 6.020e-01  6.020e-01  6.020e-01  6.020e-01  6.020e-01  6.020e-01  6.020e-01  6.020e-01  6.020e-01  6.020e-01  6.020e-01  6.020e-01  6.020e-01  6.020e-01  6.020e-01  6.020e-01  6.020e-01  6.020e-01  6.020e-01  6.020e-01  6.020e-01  6.020e-01  6.020e-01  6.020e-01  6.020e-01  6.020e-01  6.020e-01  6.020e-01  6.020e-01  6.020e-01  6.020e-01  6.020e-01  6.020e-01  6.020e-01  6.020e-01  6.020e-01  6.020e-01  6.020e-01  6.020e-01  6.020e-01  6.020e-01  6.020e-01  6.020e-01  6.020e-01  6.020e-01  6.020e-01  6.020e-01  6.020e-01  6.020e-01  6.020e-01 	
 6.020e-01  6.020e-01  6.020e-01  6.020e-01  6.020e-01  6.020e-01  6.020e-01  6.020e-01  6.020e-01  6.020e-01  6.020e-01  6.020e-01  6.020e-01  6.020e-01  6.020e-01  6.020e-01  6.020e-01  6.020e-01  6.020e-01  6.020e-01  6.020e-01  6.020e-01  6.020e-01  6.020e-01  6.020e-01  6.020e-01  6.020e-01  6.020e-01  6.020e-01  6.020e-01  6.020e-01  6.020e-01  6.020e-01  6.020e-01  6.020e-01  6.020e-01  6.020e-01  6.020e-01  6.020e-01  6.020e-01  6.020e-01  6.020e-01  6.020e-01  6.020e-01  6.020e-01  6.020e-01  6.020e-01  6.020e-01  6.020e-01  6.020e-01 	
 6.021e-01  6.021e-01  6.021e-01  6.021e-01  6.021e-01  6.021e-01  6.021e-01  6.021e-01  6.021e-01  6.021e-01  6.021e-01  6.021e-01  6.021e-01  6.021e-01  6.021e-01  6.021e-01  6.021e-01  6.021e-01  6.021e-01  6.021e-01  6.021e-01  6.021e-01  6.021e-01  6.021e-01  6.021e-01  6.021e-01  6.021e-01  6.021e-01  6.021e-01  6.021e-01  6.021e-01  6.021e-01  6.021e-01  6.021e-01  6.021e-01  6.021e-01  6.021e-01  6.021e-01  6.021e-01  6.021e-01  6.021e-01  6.021e-01  6.021e-01  6.021e-01  6.021e-01  6.021e-01  6.021e-01  6.021e-01  6.021e-01  6.021e-01 	
