 6.512e-01  6.491e-01  6.475e-01  6.463e-01  6.453e-01  6.445e-01  6.438e-01  6.433e-01  6.428e-01  6.424e-01  6.421e-01  6.418e-01  6.416e-01  6.414e-01  6.412e-01  6.410e-01  6.409e-01  6.408e-01  6.407e-01  6.406e-01  6.405e-01  6.404e-01  6.404e-01  6.403e-01  6.403e-01  6.402e-01  6.402e-01  6.402e-01  6.401e-01  6.401e-01  6.401e-01  6.400e-01  6.400e-01  6.400e-01  6.400e-01  6.400e-01  6.400e-01  6.400e-01  6.399e-01  6.399e-01  6.399e-01  6.399e-01  6.399e-01  6.399e-01  6.399e-01  6.399e-01  6.399e-01  6.399e-01  6.399e-01  6.399e-01 	
 6.514e-01  6.493e-01  6.478e-01  6.465e-01  6.456e-01  6.448e-01  6.441e-01  6.436e-01  6.431e-01  6.428e-01  6.425e-01  6.422e-01  6.420e-01  6.418e-01  6.416e-01  6.414e-01  6.413e-01  6.412e-01  6.411e-01  6.410e-01  6.409e-01  6.409e-01  6.408e-01  6.408e-01  6.407e-01  6.407e-01  6.406e-01  6.406e-01  6.406e-01  6.406e-01  6.405e-01  6.405e-01  6.405e-01  6.405e-01  6.405e-01  6.405e-01  6.404e-01  6.404e-01  6.404e-01  6.404e-01  6.404e-01  6.404e-01  6.404e-01  6.404e-01  6.404e-01  6.404e-01  6.404e-01  6.404e-01  6.404e-01  6.404e-01 	
 6.516e-01  6.496e-01  6.481e-01  6.469e-01  6.459e-01  6.451e-01  6.445e-01  6.440e-01  6.436e-01  6.432e-01  6.429e-01  6.426e-01  6.424e-01  6.422e-01  6.421e-01  6.419e-01  6.418e-01  6.417e-01  6.416e-01  6.415e-01  6.415e-01  6.414e-01  6.414e-01  6.413e-01  6.413e-01  6.412e-01  6.412e-01  6.412e-01  6.411e-01  6.411e-01  6.411e-01  6.411e-01  6.411e-01  6.410e-01  6.410e-01  6.410e-01  6.410e-01  6.410e-01  6.410e-01  6.410e-01  6.410e-01  6.410e-01  6.410e-01  6.410e-01  6.410e-01  6.410e-01  6.410e-01  6.409e-01  6.409e-01  6.409e-01 	
 6.519e-01  6.500e-01  6.485e-01  6.473e-01  6.464e-01  6.456e-01  6.450e-01  6.445e-01  6.441e-01  6.437e-01  6.435e-01  6.432e-01  6.430e-01  6.428e-01  6.427e-01  6.425e-01  6.424e-01  6.423e-01  6.422e-01  6.422e-01  6.421e-01  6.420e-01  6.420e-01  6.419e-01  6.419e-01  6.419e-01  6.418e-01  6.418e-01  6.418e-01  6.418e-01  6.418e-01  6.417e-01  6.417e-01  6.417e-01  6.417e-01  6.417e-01  6.417e-01  6.417e-01  6.417e-01  6.417e-01  6.416e-01  6.416e-01  6.416e-01  6.416e-01  6.416e-01  6.416e-01  6.416e-01  6.416e-01  6.416e-01  6.416e-01 	
 6.523e-01  6.504e-01  6.489e-01  6.478e-01  6.469e-01  6.462e-01  6.456e-01  6.451e-01  6.447e-01  6.444e-01  6.441e-01  6.439e-01  6.437e-01  6.435e-01  6.434e-01  6.432e-01  6.431e-01  6.431e-01  6.430e-01  6.429e-01  6.428e-01  6.428e-01  6.427e-01  6.427e-01  6.427e-01  6.426e-01  6.426e-01  6.426e-01  6.426e-01  6.425e-01  6.425e-01  6.425e-01  6.425e-01  6.425e-01  6.425e-01  6.425e-01  6.425e-01  6.424e-01  6.424e-01  6.424e-01  6.424e-01  6.424e-01  6.424e-01  6.424e-01  6.424e-01  6.424e-01  6.424e-01  6.424e-01  6.424e-01  6.424e-01 	
 6.527e-01  6.509e-01  6.495e-01  6.484e-01  6.475e-01  6.468e-01  6.463e-01  6.458e-01  6.454e-01  6.451e-01  6.449e-01  6.447e-01  6.445e-01  6.443e-01  6.442e-01  6.441e-01  6.440e-01  6.439e-01  6.438e-01  6.437e-01  6.437e-01  6.436e-01  6.436e-01  6.436e-01  6.435e-01  6.435e-01  6.435e-01  6.434e-01  6.434e-01  6.434e-01  6.434e-01  6.434e-01  6.434e-01  6.434e-01  6.433e-01  6.433e-01  6.433e-01  6.433e-01  6.433e-01  6.433e-01  6.433e-01  6.433e-01  6.433e-01  6.433e-01  6.433e-01  6.433e-01  6.433e-01  6.433e-01  6.433e-01  6.433e-01 	
 6.533e-01  6.515e-01  6.501e-01  6.491e-01  6.482e-01  6.476e-01  6.470e-01  6.466e-01  6.463e-01  6.460e-01  6.457e-01  6.455e-01  6.453e-01  6.452e-01  6.451e-01  6.450e-01  6.449e-01  6.448e-01  6.447e-01  6.447e-01  6.446e-01  6.446e-01  6.445e-01  6.445e-01  6.445e-01  6.444e-01  6.444e-01  6.444e-01  6.444e-01  6.444e-01  6.443e-01  6.443e-01  6.443e-01  6.443e-01  6.443e-01  6.443e-01  6.443e-01  6.443e-01  6.443e-01  6.443e-01  6.443e-01  6.443e-01  6.443e-01  6.443e-01  6.443e-01  6.443e-01  6.443e-01  6.443e-01  6.443e-01  6.443e-01 	
 6.539e-01  6.521e-01  6.508e-01  6.498e-01  6.490e-01  6.484e-01  6.479e-01  6.475e-01  6.471e-01  6.468e-01  6.466e-01  6.464e-01  6.463e-01  6.461e-01  6.460e-01  6.459e-01  6.458e-01  6.457e-01  6.457e-01  6.456e-01  6.456e-01  6.455e-01  6.455e-01  6.455e-01  6.454e-01  6.454e-01  6.454e-01  6.454e-01  6.454e-01  6.454e-01  6.454e-01  6.453e-01  6.453e-01  6.453e-01  6.453e-01  6.453e-01  6.453e-01  6.453e-01  6.453e-01  6.453e-01  6.453e-01  6.453e-01  6.453e-01  6.453e-01  6.453e-01  6.454e-01  6.454e-01  6.454e-01  6.454e-01  6.454e-01 	
 6.545e-01  6.528e-01  6.516e-01  6.506e-01  6.498e-01  6.492e-01  6.488e-01  6.484e-01  6.480e-01  6.478e-01  6.476e-01  6.474e-01  6.472e-01  6.471e-01  6.470e-01  6.469e-01  6.468e-01  6.468e-01  6.467e-01  6.466e-01  6.466e-01  6.466e-01  6.465e-01  6.465e-01  6.465e-01  6.465e-01  6.464e-01  6.464e-01  6.464e-01  6.464e-01  6.464e-01  6.464e-01  6.464e-01  6.464e-01  6.464e-01  6.464e-01  6.464e-01  6.464e-01  6.464e-01  6.464e-01  6.464e-01  6.464e-01  6.465e-01  6.465e-01  6.465e-01  6.465e-01  6.465e-01  6.465e-01  6.465e-01  6.466e-01 	
 6.552e-01  6.536e-01  6.524e-01  6.515e-01  6.507e-01  6.501e-01  6.497e-01  6.493e-01  6.490e-01  6.488e-01  6.486e-01  6.484e-01  6.482e-01  6.481e-01  6.480e-01  6.479e-01  6.479e-01  6.478e-01  6.477e-01  6.477e-01  6.477e-01  6.476e-01  6.476e-01  6.476e-01  6.476e-01  6.475e-01  6.475e-01  6.475e-01  6.475e-01  6.475e-01  6.475e-01  6.475e-01  6.475e-01  6.475e-01  6.475e-01  6.475e-01  6.476e-01  6.476e-01  6.476e-01  6.476e-01  6.476e-01  6.476e-01  6.477e-01  6.477e-01  6.477e-01  6.477e-01  6.478e-01  6.478e-01  6.478e-01  6.479e-01 	
 6.560e-01  6.545e-01  6.533e-01  6.524e-01  6.517e-01  6.511e-01  6.507e-01  6.503e-01  6.500e-01  6.498e-01  6.496e-01  6.494e-01  6.493e-01  6.492e-01  6.491e-01  6.490e-01  6.489e-01  6.489e-01  6.488e-01  6.488e-01  6.488e-01  6.487e-01  6.487e-01  6.487e-01  6.487e-01  6.487e-01  6.487e-01  6.487e-01  6.487e-01  6.487e-01  6.487e-01  6.487e-01  6.487e-01  6.488e-01  6.488e-01  6.488e-01  6.488e-01  6.489e-01  6.489e-01  6.489e-01  6.490e-01  6.490e-01  6.491e-01  6.491e-01  6.491e-01  6.492e-01  6.493e-01  6.493e-01  6.494e-01  6.494e-01 	
 6.569e-01  6.554e-01  6.543e-01  6.534e-01  6.527e-01  6.522e-01  6.517e-01  6.514e-01  6.511e-01  6.509e-01  6.507e-01  6.506e-01  6.504e-01  6.503e-01  6.502e-01  6.502e-01  6.501e-01  6.501e-01  6.500e-01  6.500e-01  6.500e-01  6.500e-01  6.499e-01  6.499e-01  6.499e-01  6.500e-01  6.500e-01  6.500e-01  6.500e-01  6.500e-01  6.501e-01  6.501e-01  6.501e-01  6.502e-01  6.502e-01  6.503e-01  6.503e-01  6.504e-01  6.505e-01  6.505e-01  6.506e-01  6.507e-01  6.508e-01  6.509e-01  6.509e-01  6.510e-01  6.511e-01  6.512e-01  6.513e-01  6.515e-01 	
 6.579e-01  6.565e-01  6.554e-01  6.545e-01  6.539e-01  6.533e-01  6.529e-01  6.526e-01  6.523e-01  6.521e-01  6.520e-01  6.518e-01  6.517e-01  6.516e-01  6.515e-01  6.515e-01  6.514e-01  6.514e-01  6.514e-01  6.514e-01  6.514e-01  6.514e-01  6.514e-01  6.514e-01  6.514e-01  6.515e-01  6.515e-01  6.516e-01  6.516e-01  6.517e-01  6.518e-01  6.518e-01  6.519e-01  6.520e-01  6.521e-01  6.522e-01  6.523e-01  6.524e-01  6.526e-01  6.527e-01  6.528e-01  6.530e-01  6.531e-01  6.533e-01  6.534e-01  6.536e-01  6.538e-01  6.540e-01  6.542e-01  6.544e-01 	
 6.591e-01  6.577e-01  6.566e-01  6.558e-01  6.552e-01  6.547e-01  6.543e-01  6.540e-01  6.537e-01  6.535e-01  6.534e-01  6.532e-01  6.532e-01  6.531e-01  6.530e-01  6.530e-01  6.530e-01  6.530e-01  6.530e-01  6.530e-01  6.531e-01  6.531e-01  6.532e-01  6.533e-01  6.534e-01  6.535e-01  6.536e-01  6.537e-01  6.538e-01  6.539e-01  6.541e-01  6.543e-01  6.544e-01  6.546e-01  6.548e-01  6.550e-01  6.552e-01  6.554e-01  6.557e-01  6.559e-01  6.562e-01  6.564e-01  6.567e-01  6.570e-01  6.573e-01  6.576e-01  6.579e-01  6.583e-01  6.586e-01  6.590e-01 	
 6.605e-01  6.591e-01  6.581e-01  6.573e-01  6.567e-01  6.562e-01  6.559e-01  6.556e-01  6.553e-01  6.552e-01  6.550e-01  6.550e-01  6.549e-01  6.549e-01  6.549e-01  6.549e-01  6.549e-01  6.550e-01  6.551e-01  6.552e-01  6.553e-01  6.555e-01  6.556e-01  6.558e-01  6.560e-01  6.562e-01  6.564e-01  6.566e-01  6.569e-01  6.571e-01  6.574e-01  6.577e-01  6.580e-01  6.584e-01  6.587e-01  6.591e-01  6.594e-01  6.598e-01  6.602e-01  6.607e-01  6.611e-01  6.616e-01  6.621e-01  6.626e-01  6.631e-01  6.636e-01  6.642e-01  6.647e-01  6.653e-01  6.659e-01 	
 6.622e-01  6.608e-01  6.598e-01  6.591e-01  6.585e-01  6.580e-01  6.577e-01  6.575e-01  6.573e-01  6.572e-01  6.571e-01  6.571e-01  6.571e-01  6.572e-01  6.572e-01  6.574e-01  6.575e-01  6.577e-01  6.579e-01  6.581e-01  6.584e-01  6.587e-01  6.590e-01  6.593e-01  6.597e-01  6.600e-01  6.604e-01  6.609e-01  6.613e-01  6.618e-01  6.622e-01  6.628e-01  6.633e-01  6.639e-01  6.644e-01  6.650e-01  6.657e-01  6.663e-01  6.670e-01  6.677e-01  6.684e-01  6.692e-01  6.700e-01  6.708e-01  6.716e-01  6.725e-01  6.734e-01  6.743e-01  6.752e-01  6.762e-01 	
 6.641e-01  6.628e-01  6.619e-01  6.611e-01  6.606e-01  6.602e-01  6.600e-01  6.598e-01  6.597e-01  6.597e-01  6.597e-01  6.598e-01  6.600e-01  6.602e-01  6.604e-01  6.607e-01  6.610e-01  6.614e-01  6.618e-01  6.622e-01  6.627e-01  6.632e-01  6.638e-01  6.644e-01  6.650e-01  6.656e-01  6.663e-01  6.670e-01  6.678e-01  6.685e-01  6.694e-01  6.702e-01  6.711e-01  6.720e-01  6.729e-01  6.739e-01  6.749e-01  6.760e-01  6.771e-01  6.782e-01  6.794e-01  6.806e-01  6.818e-01  6.831e-01  6.844e-01  6.857e-01  6.870e-01  6.884e-01  6.899e-01  6.913e-01 	
 6.665e-01  6.652e-01  6.643e-01  6.637e-01  6.632e-01  6.630e-01  6.628e-01  6.628e-01  6.628e-01  6.630e-01  6.632e-01  6.635e-01  6.639e-01  6.643e-01  6.649e-01  6.654e-01  6.661e-01  6.667e-01  6.675e-01  6.683e-01  6.691e-01  6.700e-01  6.710e-01  6.720e-01  6.730e-01  6.741e-01  6.752e-01  6.764e-01  6.776e-01  6.789e-01  6.802e-01  6.816e-01  6.830e-01  6.844e-01  6.859e-01  6.875e-01  6.890e-01  6.907e-01  6.923e-01  6.940e-01  6.958e-01  6.975e-01  6.993e-01  7.012e-01  7.031e-01  7.050e-01  7.069e-01  7.089e-01  7.109e-01  7.129e-01 	
 6.693e-01  6.682e-01  6.674e-01  6.669e-01  6.666e-01  6.665e-01  6.666e-01  6.668e-01  6.671e-01  6.675e-01  6.681e-01  6.687e-01  6.695e-01  6.704e-01  6.713e-01  6.724e-01  6.735e-01  6.747e-01  6.760e-01  6.773e-01  6.788e-01  6.803e-01  6.818e-01  6.834e-01  6.851e-01  6.868e-01  6.886e-01  6.905e-01  6.924e-01  6.943e-01  6.963e-01  6.983e-01  7.003e-01  7.025e-01  7.046e-01  7.068e-01  7.090e-01  7.112e-01  7.135e-01  7.158e-01  7.181e-01  7.205e-01  7.229e-01  7.253e-01  7.277e-01  7.301e-01  7.325e-01  7.349e-01  7.374e-01  7.398e-01 	
 6.730e-01  6.720e-01  6.714e-01  6.711e-01  6.711e-01  6.713e-01  6.717e-01  6.724e-01  6.732e-01  6.741e-01  6.752e-01  6.765e-01  6.779e-01  6.795e-01  6.812e-01  6.830e-01  6.849e-01  6.870e-01  6.891e-01  6.913e-01  6.936e-01  6.960e-01  6.984e-01  7.009e-01  7.035e-01  7.061e-01  7.087e-01  7.114e-01  7.141e-01  7.168e-01  7.195e-01  7.222e-01  7.250e-01  7.277e-01  7.305e-01  7.333e-01  7.360e-01  7.387e-01  7.415e-01  7.442e-01  7.469e-01  7.496e-01  7.522e-01  7.549e-01  7.575e-01  7.601e-01  7.626e-01  7.651e-01  7.676e-01  7.700e-01 	
 6.777e-01  6.769e-01  6.767e-01  6.768e-01  6.773e-01  6.780e-01  6.791e-01  6.804e-01  6.820e-01  6.838e-01  6.858e-01  6.880e-01  6.905e-01  6.931e-01  6.959e-01  6.988e-01  7.019e-01  7.050e-01  7.083e-01  7.117e-01  7.150e-01  7.185e-01  7.219e-01  7.254e-01  7.288e-01  7.323e-01  7.356e-01  7.390e-01  7.423e-01  7.455e-01  7.487e-01  7.518e-01  7.548e-01  7.578e-01  7.607e-01  7.635e-01  7.663e-01  7.689e-01  7.716e-01  7.741e-01  7.766e-01  7.790e-01  7.813e-01  7.836e-01  7.858e-01  7.880e-01  7.901e-01  7.921e-01  7.941e-01  7.960e-01 	
 6.839e-01  6.836e-01  6.840e-01  6.848e-01  6.861e-01  6.877e-01  6.898e-01  6.922e-01  6.950e-01  6.981e-01  7.015e-01  7.052e-01  7.091e-01  7.132e-01  7.175e-01  7.219e-01  7.265e-01  7.310e-01  7.356e-01  7.402e-01  7.447e-01  7.491e-01  7.534e-01  7.575e-01  7.615e-01  7.654e-01  7.690e-01  7.725e-01  7.758e-01  7.789e-01  7.819e-01  7.846e-01  7.872e-01  7.897e-01  7.920e-01  7.941e-01  7.962e-01  7.981e-01  7.999e-01  8.016e-01  8.032e-01  8.048e-01  8.063e-01  8.077e-01  8.090e-01  8.103e-01  8.115e-01  8.127e-01  8.138e-01  8.148e-01 	
 6.923e-01  6.929e-01  6.942e-01  6.961e-01  6.987e-01  7.018e-01  7.054e-01  7.095e-01  7.141e-01  7.191e-01  7.244e-01  7.300e-01  7.358e-01  7.417e-01  7.477e-01  7.537e-01  7.596e-01  7.654e-01  7.710e-01  7.763e-01  7.813e-01  7.860e-01  7.903e-01  7.943e-01  7.979e-01  8.012e-01  8.041e-01  8.067e-01  8.090e-01  8.110e-01  8.127e-01  8.142e-01  8.155e-01  8.167e-01  8.176e-01  8.184e-01  8.192e-01  8.198e-01  8.203e-01  8.208e-01  8.212e-01  8.216e-01  8.219e-01  8.222e-01  8.225e-01  8.228e-01  8.230e-01  8.233e-01  8.235e-01  8.237e-01 	
 7.037e-01  7.057e-01  7.085e-01  7.122e-01  7.168e-01  7.220e-01  7.279e-01  7.344e-01  7.414e-01  7.487e-01  7.563e-01  7.640e-01  7.717e-01  7.793e-01  7.866e-01  7.937e-01  8.002e-01  8.063e-01  8.119e-01  8.168e-01  8.211e-01  8.249e-01  8.280e-01  8.306e-01  8.327e-01  8.342e-01  8.354e-01  8.362e-01  8.366e-01  8.367e-01  8.366e-01  8.363e-01  8.359e-01  8.353e-01  8.346e-01  8.339e-01  8.331e-01  8.323e-01  8.315e-01  8.307e-01  8.299e-01  8.292e-01  8.285e-01  8.278e-01  8.271e-01  8.265e-01  8.259e-01  8.254e-01  8.249e-01  8.244e-01 	
 7.191e-01  7.230e-01  7.282e-01  7.344e-01  7.416e-01  7.496e-01  7.582e-01  7.674e-01  7.768e-01  7.864e-01  7.958e-01  8.050e-01  8.138e-01  8.219e-01  8.293e-01  8.360e-01  8.418e-01  8.466e-01  8.507e-01  8.538e-01  8.561e-01  8.577e-01  8.586e-01  8.588e-01  8.586e-01  8.579e-01  8.568e-01  8.553e-01  8.537e-01  8.518e-01  8.498e-01  8.478e-01  8.456e-01  8.435e-01  8.414e-01  8.393e-01  8.373e-01  8.353e-01  8.335e-01  8.317e-01  8.300e-01  8.284e-01  8.269e-01  8.255e-01  8.242e-01  8.230e-01  8.218e-01  8.208e-01  8.198e-01  8.189e-01 	
 7.389e-01  7.456e-01  7.538e-01  7.632e-01  7.735e-01  7.844e-01  7.957e-01  8.070e-01  8.182e-01  8.289e-01  8.390e-01  8.481e-01  8.563e-01  8.634e-01  8.693e-01  8.741e-01  8.777e-01  8.802e-01  8.817e-01  8.822e-01  8.819e-01  8.809e-01  8.792e-01  8.770e-01  8.744e-01  8.715e-01  8.683e-01  8.649e-01  8.614e-01  8.579e-01  8.544e-01  8.509e-01  8.474e-01  8.441e-01  8.409e-01  8.378e-01  8.349e-01  8.321e-01  8.294e-01  8.269e-01  8.246e-01  8.224e-01  8.204e-01  8.185e-01  8.167e-01  8.151e-01  8.136e-01  8.122e-01  8.109e-01  8.097e-01 	
 7.636e-01  7.739e-01  7.856e-01  7.982e-01  8.114e-01  8.246e-01  8.375e-01  8.498e-01  8.612e-01  8.714e-01  8.804e-01  8.879e-01  8.941e-01  8.988e-01  9.022e-01  9.042e-01  9.050e-01  9.047e-01  9.034e-01  9.013e-01  8.984e-01  8.950e-01  8.910e-01  8.867e-01  8.821e-01  8.774e-01  8.725e-01  8.676e-01  8.627e-01  8.579e-01  8.532e-01  8.486e-01  8.443e-01  8.400e-01  8.360e-01  8.322e-01  8.286e-01  8.252e-01  8.220e-01  8.190e-01  8.163e-01  8.137e-01  8.113e-01  8.090e-01  8.070e-01  8.051e-01  8.033e-01  8.017e-01  8.002e-01  7.988e-01 	
 7.927e-01  8.067e-01  8.215e-01  8.364e-01  8.508e-01  8.645e-01  8.770e-01  8.881e-01  8.978e-01  9.058e-01  9.123e-01  9.172e-01  9.206e-01  9.225e-01  9.231e-01  9.224e-01  9.206e-01  9.178e-01  9.142e-01  9.099e-01  9.050e-01  8.997e-01  8.941e-01  8.882e-01  8.822e-01  8.762e-01  8.702e-01  8.642e-01  8.584e-01  8.527e-01  8.472e-01  8.419e-01  8.369e-01  8.321e-01  8.276e-01  8.233e-01  8.192e-01  8.155e-01  8.119e-01  8.086e-01  8.055e-01  8.027e-01  8.000e-01  7.976e-01  7.953e-01  7.932e-01  7.913e-01  7.895e-01  7.879e-01  7.864e-01 	
 8.245e-01  8.414e-01  8.580e-01  8.735e-01  8.875e-01  8.998e-01  9.104e-01  9.193e-01  9.263e-01  9.317e-01  9.355e-01  9.377e-01  9.385e-01  9.379e-01  9.361e-01  9.332e-01  9.294e-01  9.247e-01  9.193e-01  9.133e-01  9.070e-01  9.003e-01  8.934e-01  8.864e-01  8.793e-01  8.723e-01  8.654e-01  8.587e-01  8.522e-01  8.458e-01  8.398e-01  8.340e-01  8.285e-01  8.232e-01  8.183e-01  8.136e-01  8.093e-01  8.052e-01  8.013e-01  7.978e-01  7.945e-01  7.914e-01  7.886e-01  7.859e-01  7.835e-01  7.813e-01  7.792e-01  7.774e-01  7.756e-01  7.740e-01 	
 8.523e-01  8.702e-01  8.865e-01  9.008e-01  9.130e-01  9.232e-01  9.315e-01  9.380e-01  9.428e-01  9.460e-01  9.478e-01  9.481e-01  9.470e-01  9.448e-01  9.414e-01  9.370e-01  9.318e-01  9.258e-01  9.193e-01  9.122e-01  9.049e-01  8.973e-01  8.895e-01  8.817e-01  8.740e-01  8.663e-01  8.588e-01  8.516e-01  8.445e-01  8.377e-01  8.313e-01  8.251e-01  8.192e-01  8.136e-01  8.084e-01  8.035e-01  7.989e-01  7.946e-01  7.905e-01  7.868e-01  7.833e-01  7.801e-01  7.771e-01  7.743e-01  7.718e-01  7.694e-01  7.673e-01  7.653e-01  7.635e-01  7.618e-01 	
 8.752e-01  8.931e-01  9.082e-01  9.208e-01  9.310e-01  9.391e-01  9.454e-01  9.500e-01  9.530e-01  9.546e-01  9.548e-01  9.537e-01  9.513e-01  9.478e-01  9.432e-01  9.377e-01  9.315e-01  9.245e-01  9.171e-01  9.092e-01  9.011e-01  8.928e-01  8.844e-01  8.760e-01  8.677e-01  8.595e-01  8.516e-01  8.439e-01  8.364e-01  8.293e-01  8.225e-01  8.160e-01  8.099e-01  8.041e-01  7.986e-01  7.935e-01  7.887e-01  7.842e-01  7.800e-01  7.761e-01  7.724e-01  7.691e-01  7.660e-01  7.631e-01  7.605e-01  7.580e-01  7.558e-01  7.537e-01  7.518e-01  7.501e-01 	
 8.914e-01  9.080e-01  9.215e-01  9.322e-01  9.406e-01  9.471e-01  9.519e-01  9.552e-01  9.571e-01  9.576e-01  9.568e-01  9.547e-01  9.515e-01  9.472e-01  9.418e-01  9.356e-01  9.287e-01  9.211e-01  9.130e-01  9.046e-01  8.959e-01  8.871e-01  8.783e-01  8.695e-01  8.608e-01  8.523e-01  8.440e-01  8.360e-01  8.283e-01  8.209e-01  8.138e-01  8.072e-01  8.008e-01  7.948e-01  7.892e-01  7.839e-01  7.789e-01  7.743e-01  7.700e-01  7.660e-01  7.622e-01  7.588e-01  7.556e-01  7.526e-01  7.499e-01  7.474e-01  7.451e-01  7.429e-01  7.410e-01  7.392e-01 	
 9.037e-01  9.187e-01  9.304e-01  9.396e-01  9.466e-01  9.518e-01  9.556e-01  9.579e-01  9.589e-01  9.587e-01  9.571e-01  9.544e-01  9.505e-01  9.455e-01  9.396e-01  9.328e-01  9.253e-01  9.172e-01  9.086e-01  8.997e-01  8.906e-01  8.814e-01  8.722e-01  8.631e-01  8.541e-01  8.453e-01  8.368e-01  8.285e-01  8.206e-01  8.130e-01  8.058e-01  7.989e-01  7.924e-01  7.863e-01  7.805e-01  7.751e-01  7.700e-01  7.653e-01  7.609e-01  7.568e-01  7.530e-01  7.494e-01  7.461e-01  7.431e-01  7.403e-01  7.377e-01  7.353e-01  7.332e-01  7.312e-01  7.293e-01 	
 9.140e-01  9.272e-01  9.372e-01  9.449e-01  9.506e-01  9.548e-01  9.577e-01  9.592e-01  9.595e-01  9.586e-01  9.564e-01  9.531e-01  9.486e-01  9.431e-01  9.367e-01  9.294e-01  9.214e-01  9.129e-01  9.040e-01  8.947e-01  8.853e-01  8.757e-01  8.662e-01  8.568e-01  8.476e-01  8.386e-01  8.299e-01  8.215e-01  8.134e-01  8.057e-01  7.983e-01  7.913e-01  7.847e-01  7.785e-01  7.726e-01  7.671e-01  7.620e-01  7.571e-01  7.526e-01  7.485e-01  7.446e-01  7.410e-01  7.376e-01  7.345e-01  7.317e-01  7.291e-01  7.266e-01  7.244e-01  7.223e-01  7.205e-01 	
 9.195e-01  9.312e-01  9.401e-01  9.468e-01  9.518e-01  9.554e-01  9.578e-01  9.588e-01  9.587e-01  9.574e-01  9.548e-01  9.511e-01  9.462e-01  9.403e-01  9.335e-01  9.259e-01  9.176e-01  9.087e-01  8.994e-01  8.899e-01  8.802e-01  8.704e-01  8.607e-01  8.511e-01  8.417e-01  8.325e-01  8.237e-01  8.151e-01  8.069e-01  7.991e-01  7.916e-01  7.846e-01  7.779e-01  7.716e-01  7.657e-01  7.601e-01  7.549e-01  7.500e-01  7.455e-01  7.412e-01  7.373e-01  7.336e-01  7.302e-01  7.271e-01  7.242e-01  7.215e-01  7.190e-01  7.168e-01  7.147e-01  7.128e-01 	
 9.209e-01  9.317e-01  9.398e-01  9.459e-01  9.505e-01  9.538e-01  9.558e-01  9.566e-01  9.562e-01  9.546e-01  9.518e-01  9.478e-01  9.427e-01  9.365e-01  9.294e-01  9.215e-01  9.129e-01  9.039e-01  8.944e-01  8.846e-01  8.747e-01  8.648e-01  8.550e-01  8.453e-01  8.358e-01  8.265e-01  8.176e-01  8.090e-01  8.007e-01  7.929e-01  7.854e-01  7.783e-01  7.716e-01  7.652e-01  7.593e-01  7.537e-01  7.485e-01  7.436e-01  7.390e-01  7.347e-01  7.308e-01  7.271e-01  7.237e-01  7.205e-01  7.176e-01  7.149e-01  7.124e-01  7.100e-01  7.079e-01  7.060e-01 	
 9.202e-01  9.304e-01  9.382e-01  9.440e-01  9.484e-01  9.514e-01  9.533e-01  9.539e-01  9.533e-01  9.515e-01  9.485e-01  9.443e-01  9.389e-01  9.325e-01  9.252e-01  9.171e-01  9.083e-01  8.990e-01  8.894e-01  8.795e-01  8.695e-01  8.594e-01  8.495e-01  8.397e-01  8.302e-01  8.209e-01  8.119e-01  8.033e-01  7.950e-01  7.872e-01  7.797e-01  7.726e-01  7.659e-01  7.595e-01  7.536e-01  7.480e-01  7.427e-01  7.378e-01  7.333e-01  7.290e-01  7.250e-01  7.213e-01  7.179e-01  7.147e-01  7.118e-01  7.091e-01  7.065e-01  7.042e-01  7.021e-01  7.001e-01 	
 9.182e-01  9.280e-01  9.354e-01  9.410e-01  9.452e-01  9.481e-01  9.499e-01  9.504e-01  9.497e-01  9.478e-01  9.446e-01  9.402e-01  9.347e-01  9.282e-01  9.207e-01  9.124e-01  9.035e-01  8.941e-01  8.843e-01  8.743e-01  8.643e-01  8.542e-01  8.442e-01  8.344e-01  8.249e-01  8.156e-01  8.066e-01  7.980e-01  7.898e-01  7.819e-01  7.745e-01  7.674e-01  7.607e-01  7.544e-01  7.485e-01  7.429e-01  7.377e-01  7.328e-01  7.282e-01  7.240e-01  7.200e-01  7.163e-01  7.129e-01  7.097e-01  7.068e-01  7.040e-01  7.015e-01  6.992e-01  6.970e-01  6.950e-01 	
 9.141e-01  9.238e-01  9.312e-01  9.368e-01  9.410e-01  9.439e-01  9.456e-01  9.462e-01  9.454e-01  9.434e-01  9.402e-01  9.357e-01  9.301e-01  9.234e-01  9.159e-01  9.075e-01  8.985e-01  8.890e-01  8.792e-01  8.692e-01  8.591e-01  8.491e-01  8.391e-01  8.293e-01  8.198e-01  8.106e-01  8.016e-01  7.931e-01  7.849e-01  7.771e-01  7.697e-01  7.627e-01  7.560e-01  7.498e-01  7.439e-01  7.384e-01  7.332e-01  7.283e-01  7.238e-01  7.196e-01  7.156e-01  7.120e-01  7.085e-01  7.054e-01  7.024e-01  6.997e-01  6.972e-01  6.948e-01  6.927e-01  6.907e-01 	
 9.086e-01  9.184e-01  9.260e-01  9.317e-01  9.360e-01  9.391e-01  9.409e-01  9.414e-01  9.407e-01  9.387e-01  9.355e-01  9.310e-01  9.253e-01  9.186e-01  9.109e-01  9.025e-01  8.935e-01  8.840e-01  8.742e-01  8.642e-01  8.541e-01  8.441e-01  8.341e-01  8.244e-01  8.150e-01  8.058e-01  7.969e-01  7.885e-01  7.803e-01  7.726e-01  7.653e-01  7.583e-01  7.518e-01  7.456e-01  7.397e-01  7.343e-01  7.291e-01  7.243e-01  7.198e-01  7.156e-01  7.117e-01  7.081e-01  7.047e-01  7.015e-01  6.986e-01  6.959e-01  6.933e-01  6.910e-01  6.888e-01  6.868e-01 	
 9.021e-01  9.121e-01  9.199e-01  9.258e-01  9.303e-01  9.334e-01  9.353e-01  9.360e-01  9.353e-01  9.334e-01  9.301e-01  9.257e-01  9.200e-01  9.133e-01  9.056e-01  8.973e-01  8.882e-01  8.788e-01  8.690e-01  8.591e-01  8.491e-01  8.391e-01  8.293e-01  8.196e-01  8.102e-01  8.012e-01  7.924e-01  7.840e-01  7.760e-01  7.684e-01  7.611e-01  7.543e-01  7.478e-01  7.417e-01  7.359e-01  7.305e-01  7.254e-01  7.207e-01  7.162e-01  7.121e-01  7.082e-01  7.046e-01  7.012e-01  6.981e-01  6.952e-01  6.925e-01  6.900e-01  6.876e-01  6.855e-01  6.835e-01 	
 8.943e-01  9.046e-01  9.127e-01  9.189e-01  9.236e-01  9.269e-01  9.290e-01  9.299e-01  9.294e-01  9.275e-01  9.244e-01  9.200e-01  9.144e-01  9.078e-01  9.002e-01  8.919e-01  8.830e-01  8.736e-01  8.639e-01  8.541e-01  8.441e-01  8.343e-01  8.246e-01  8.150e-01  8.058e-01  7.968e-01  7.882e-01  7.799e-01  7.720e-01  7.645e-01  7.573e-01  7.505e-01  7.441e-01  7.381e-01  7.324e-01  7.271e-01  7.221e-01  7.174e-01  7.130e-01  7.089e-01  7.051e-01  7.015e-01  6.982e-01  6.951e-01  6.922e-01  6.895e-01  6.870e-01  6.847e-01  6.826e-01  6.806e-01 	
 8.854e-01  8.962e-01  9.046e-01  9.111e-01  9.161e-01  9.197e-01  9.221e-01  9.231e-01  9.228e-01  9.211e-01  9.181e-01  9.139e-01  9.084e-01  9.019e-01  8.944e-01  8.863e-01  8.775e-01  8.682e-01  8.587e-01  8.489e-01  8.392e-01  8.295e-01  8.199e-01  8.105e-01  8.014e-01  7.925e-01  7.840e-01  7.759e-01  7.681e-01  7.607e-01  7.537e-01  7.470e-01  7.407e-01  7.348e-01  7.292e-01  7.239e-01  7.190e-01  7.144e-01  7.100e-01  7.060e-01  7.022e-01  6.987e-01  6.954e-01  6.923e-01  6.895e-01  6.868e-01  6.844e-01  6.821e-01  6.800e-01  6.780e-01 	
 8.756e-01  8.868e-01  8.956e-01  9.025e-01  9.078e-01  9.118e-01  9.143e-01  9.156e-01  9.155e-01  9.141e-01  9.113e-01  9.073e-01  9.020e-01  8.957e-01  8.885e-01  8.804e-01  8.718e-01  8.628e-01  8.534e-01  8.439e-01  8.343e-01  8.247e-01  8.153e-01  8.061e-01  7.972e-01  7.885e-01  7.801e-01  7.721e-01  7.645e-01  7.572e-01  7.503e-01  7.437e-01  7.376e-01  7.317e-01  7.262e-01  7.210e-01  7.162e-01  7.116e-01  7.074e-01  7.034e-01  6.997e-01  6.962e-01  6.930e-01  6.899e-01  6.871e-01  6.845e-01  6.821e-01  6.798e-01  6.777e-01  6.758e-01 	
 8.649e-01  8.767e-01  8.859e-01  8.932e-01  8.989e-01  9.032e-01  9.061e-01  9.077e-01  9.079e-01  9.068e-01  9.042e-01  9.004e-01  8.954e-01  8.894e-01  8.823e-01  8.746e-01  8.662e-01  8.573e-01  8.482e-01  8.389e-01  8.295e-01  8.201e-01  8.109e-01  8.019e-01  7.931e-01  7.846e-01  7.764e-01  7.686e-01  7.611e-01  7.539e-01  7.472e-01  7.407e-01  7.346e-01  7.289e-01  7.235e-01  7.184e-01  7.137e-01  7.092e-01  7.050e-01  7.011e-01  6.974e-01  6.940e-01  6.908e-01  6.878e-01  6.851e-01  6.825e-01  6.801e-01  6.779e-01  6.758e-01  6.739e-01 	
 8.535e-01  8.657e-01  8.754e-01  8.832e-01  8.893e-01  8.939e-01  8.972e-01  8.991e-01  8.996e-01  8.988e-01  8.966e-01  8.931e-01  8.884e-01  8.826e-01  8.759e-01  8.684e-01  8.603e-01  8.517e-01  8.428e-01  8.338e-01  8.246e-01  8.155e-01  8.065e-01  7.977e-01  7.891e-01  7.808e-01  7.728e-01  7.651e-01  7.578e-01  7.508e-01  7.441e-01  7.378e-01  7.319e-01  7.262e-01  7.209e-01  7.160e-01  7.113e-01  7.069e-01  7.028e-01  6.989e-01  6.953e-01  6.920e-01  6.888e-01  6.859e-01  6.832e-01  6.807e-01  6.783e-01  6.761e-01  6.741e-01  6.722e-01 	
 8.413e-01  8.540e-01  8.642e-01  8.724e-01  8.789e-01  8.839e-01  8.876e-01  8.899e-01  8.908e-01  8.903e-01  8.885e-01  8.854e-01  8.810e-01  8.756e-01  8.692e-01  8.620e-01  8.543e-01  8.460e-01  8.374e-01  8.286e-01  8.197e-01  8.109e-01  8.021e-01  7.935e-01  7.852e-01  7.771e-01  7.693e-01  7.618e-01  7.546e-01  7.477e-01  7.412e-01  7.351e-01  7.292e-01  7.237e-01  7.185e-01  7.137e-01  7.091e-01  7.048e-01  7.007e-01  6.970e-01  6.934e-01  6.901e-01  6.871e-01  6.842e-01  6.815e-01  6.790e-01  6.767e-01  6.746e-01  6.726e-01  6.707e-01 	
 8.287e-01  8.418e-01  8.525e-01  8.610e-01  8.679e-01  8.734e-01  8.774e-01  8.802e-01  8.815e-01  8.814e-01  8.800e-01  8.773e-01  8.734e-01  8.683e-01  8.623e-01  8.556e-01  8.481e-01  8.402e-01  8.319e-01  8.235e-01  8.149e-01  8.063e-01  7.978e-01  7.895e-01  7.813e-01  7.734e-01  7.658e-01  7.585e-01  7.515e-01  7.448e-01  7.385e-01  7.325e-01  7.268e-01  7.214e-01  7.163e-01  7.115e-01  7.070e-01  7.028e-01  6.989e-01  6.952e-01  6.917e-01  6.885e-01  6.855e-01  6.826e-01  6.800e-01  6.776e-01  6.753e-01  6.732e-01  6.712e-01  6.694e-01 	
 8.157e-01  8.292e-01  8.402e-01  8.492e-01  8.565e-01  8.624e-01  8.669e-01  8.700e-01  8.718e-01  8.722e-01  8.713e-01  8.690e-01  8.655e-01  8.609e-01  8.553e-01  8.489e-01  8.419e-01  8.344e-01  8.264e-01  8.183e-01  8.100e-01  8.018e-01  7.935e-01  7.855e-01  7.776e-01  7.699e-01  7.625e-01  7.554e-01  7.485e-01  7.420e-01  7.358e-01  7.300e-01  7.244e-01  7.191e-01  7.142e-01  7.095e-01  7.051e-01  7.010e-01  6.971e-01  6.935e-01  6.901e-01  6.869e-01  6.840e-01  6.812e-01  6.786e-01  6.763e-01  6.740e-01  6.720e-01  6.700e-01  6.683e-01 	
 8.023e-01  8.162e-01  8.276e-01  8.369e-01  8.446e-01  8.509e-01  8.559e-01  8.595e-01  8.618e-01  8.626e-01  8.622e-01  8.604e-01  8.574e-01  8.532e-01  8.481e-01  8.422e-01  8.356e-01  8.284e-01  8.209e-01  8.131e-01  8.052e-01  7.972e-01  7.893e-01  7.815e-01  7.738e-01  7.664e-01  7.592e-01  7.523e-01  7.456e-01  7.393e-01  7.333e-01  7.275e-01  7.221e-01  7.169e-01  7.121e-01  7.075e-01  7.032e-01  6.992e-01  6.954e-01  6.919e-01  6.886e-01  6.855e-01  6.826e-01  6.799e-01  6.774e-01  6.750e-01  6.729e-01  6.708e-01  6.690e-01  6.672e-01 	
