 9.661e-01  9.661e-01  9.661e-01  9.661e-01  9.661e-01  9.661e-01  9.661e-01  9.661e-01  9.661e-01  9.661e-01  9.661e-01  9.661e-01  9.661e-01  9.661e-01  9.661e-01  9.661e-01  9.661e-01  9.661e-01  9.661e-01  9.661e-01  9.661e-01  9.661e-01  9.661e-01  9.661e-01  9.661e-01  9.661e-01  9.661e-01  9.661e-01  9.661e-01  9.661e-01  9.661e-01  9.661e-01  9.661e-01  9.661e-01  9.661e-01  9.661e-01  9.661e-01  9.661e-01  9.661e-01  9.661e-01  9.661e-01  9.661e-01  9.661e-01  9.661e-01  9.661e-01  9.661e-01  9.661e-01  9.661e-01  9.661e-01  9.661e-01 	
 9.717e-01  9.717e-01  9.717e-01  9.717e-01  9.717e-01  9.717e-01  9.717e-01  9.717e-01  9.717e-01  9.717e-01  9.717e-01  9.717e-01  9.717e-01  9.717e-01  9.717e-01  9.717e-01  9.717e-01  9.717e-01  9.717e-01  9.717e-01  9.717e-01  9.717e-01  9.717e-01  9.717e-01  9.717e-01  9.717e-01  9.717e-01  9.717e-01  9.717e-01  9.717e-01  9.717e-01  9.717e-01  9.717e-01  9.717e-01  9.717e-01  9.717e-01  9.717e-01  9.717e-01  9.717e-01  9.717e-01  9.717e-01  9.717e-01  9.717e-01  9.717e-01  9.717e-01  9.717e-01  9.717e-01  9.717e-01  9.717e-01  9.717e-01 	
 9.720e-01  9.720e-01  9.720e-01  9.720e-01  9.720e-01  9.720e-01  9.720e-01  9.720e-01  9.720e-01  9.720e-01  9.720e-01  9.720e-01  9.720e-01  9.720e-01  9.720e-01  9.720e-01  9.720e-01  9.720e-01  9.720e-01  9.720e-01  9.720e-01  9.720e-01  9.720e-01  9.720e-01  9.720e-01  9.720e-01  9.720e-01  9.720e-01  9.720e-01  9.720e-01  9.720e-01  9.720e-01  9.720e-01  9.720e-01  9.720e-01  9.720e-01  9.720e-01  9.720e-01  9.720e-01  9.720e-01  9.720e-01  9.720e-01  9.720e-01  9.720e-01  9.720e-01  9.720e-01  9.720e-01  9.720e-01  9.720e-01  9.720e-01 	
 9.694e-01  9.694e-01  9.694e-01  9.694e-01  9.694e-01  9.694e-01  9.694e-01  9.694e-01  9.694e-01  9.694e-01  9.694e-01  9.694e-01  9.694e-01  9.694e-01  9.694e-01  9.694e-01  9.694e-01  9.694e-01  9.694e-01  9.694e-01  9.694e-01  9.694e-01  9.694e-01  9.694e-01  9.694e-01  9.694e-01  9.694e-01  9.694e-01  9.694e-01  9.694e-01  9.694e-01  9.694e-01  9.694e-01  9.694e-01  9.694e-01  9.694e-01  9.694e-01  9.694e-01  9.694e-01  9.694e-01  9.694e-01  9.694e-01  9.694e-01  9.694e-01  9.694e-01  9.694e-01  9.694e-01  9.694e-01  9.694e-01  9.694e-01 	
 9.796e-01  9.796e-01  9.796e-01  9.796e-01  9.796e-01  9.796e-01  9.796e-01  9.796e-01  9.796e-01  9.796e-01  9.796e-01  9.796e-01  9.796e-01  9.796e-01  9.796e-01  9.796e-01  9.796e-01  9.796e-01  9.796e-01  9.796e-01  9.796e-01  9.796e-01  9.796e-01  9.796e-01  9.796e-01  9.796e-01  9.796e-01  9.796e-01  9.796e-01  9.796e-01  9.796e-01  9.796e-01  9.796e-01  9.796e-01  9.796e-01  9.796e-01  9.796e-01  9.796e-01  9.796e-01  9.796e-01  9.796e-01  9.796e-01  9.796e-01  9.796e-01  9.796e-01  9.796e-01  9.796e-01  9.796e-01  9.796e-01  9.796e-01 	
 9.808e-01  9.808e-01  9.808e-01  9.808e-01  9.808e-01  9.808e-01  9.808e-01  9.808e-01  9.808e-01  9.808e-01  9.808e-01  9.808e-01  9.808e-01  9.808e-01  9.808e-01  9.808e-01  9.808e-01  9.808e-01  9.808e-01  9.808e-01  9.808e-01  9.808e-01  9.808e-01  9.808e-01  9.808e-01  9.808e-01  9.808e-01  9.808e-01  9.808e-01  9.808e-01  9.808e-01  9.808e-01  9.808e-01  9.808e-01  9.808e-01  9.808e-01  9.808e-01  9.808e-01  9.808e-01  9.808e-01  9.808e-01  9.808e-01  9.808e-01  9.808e-01  9.808e-01  9.808e-01  9.808e-01  9.808e-01  9.808e-01  9.808e-01 	
 9.546e-01  9.546e-01  9.546e-01  9.546e-01  9.546e-01  9.546e-01  9.546e-01  9.546e-01  9.546e-01  9.546e-01  9.546e-01  9.546e-01  9.546e-01  9.546e-01  9.546e-01  9.546e-01  9.546e-01  9.546e-01  9.546e-01  9.546e-01  9.546e-01  9.546e-01  9.546e-01  9.546e-01  9.546e-01  9.546e-01  9.546e-01  9.546e-01  9.546e-01  9.546e-01  9.546e-01  9.546e-01  9.546e-01  9.546e-01  9.546e-01  9.546e-01  9.546e-01  9.546e-01  9.546e-01  9.546e-01  9.546e-01  9.546e-01  9.546e-01  9.546e-01  9.546e-01  9.546e-01  9.546e-01  9.546e-01  9.546e-01  9.546e-01 	
 9.661e-01  9.661e-01  9.661e-01  9.661e-01  9.661e-01  9.661e-01  9.661e-01  9.661e-01  9.661e-01  9.661e-01  9.661e-01  9.661e-01  9.661e-01  9.661e-01  9.661e-01  9.661e-01  9.661e-01  9.661e-01  9.661e-01  9.661e-01  9.661e-01  9.661e-01  9.661e-01  9.661e-01  9.661e-01  9.661e-01  9.661e-01  9.661e-01  9.661e-01  9.661e-01  9.661e-01  9.661e-01  9.661e-01  9.661e-01  9.661e-01  9.661e-01  9.661e-01  9.661e-01  9.661e-01  9.661e-01  9.661e-01  9.661e-01  9.661e-01  9.661e-01  9.661e-01  9.661e-01  9.661e-01  9.661e-01  9.661e-01  9.661e-01 	
 9.106e-01  9.106e-01  9.106e-01  9.106e-01  9.106e-01  9.106e-01  9.106e-01  9.106e-01  9.106e-01  9.106e-01  9.106e-01  9.106e-01  9.106e-01  9.106e-01  9.106e-01  9.106e-01  9.106e-01  9.106e-01  9.106e-01  9.106e-01  9.106e-01  9.106e-01  9.106e-01  9.106e-01  9.106e-01  9.106e-01  9.106e-01  9.106e-01  9.106e-01  9.106e-01  9.106e-01  9.106e-01  9.106e-01  9.106e-01  9.106e-01  9.106e-01  9.106e-01  9.106e-01  9.106e-01  9.106e-01  9.106e-01  9.106e-01  9.106e-01  9.106e-01  9.106e-01  9.106e-01  9.106e-01  9.106e-01  9.106e-01  9.106e-01 	
 9.022e-01  9.022e-01  9.022e-01  9.022e-01  9.022e-01  9.022e-01  9.022e-01  9.022e-01  9.022e-01  9.022e-01  9.022e-01  9.022e-01  9.022e-01  9.022e-01  9.022e-01  9.022e-01  9.022e-01  9.022e-01  9.022e-01  9.022e-01  9.022e-01  9.022e-01  9.022e-01  9.022e-01  9.022e-01  9.022e-01  9.022e-01  9.022e-01  9.022e-01  9.022e-01  9.022e-01  9.022e-01  9.022e-01  9.022e-01  9.022e-01  9.022e-01  9.022e-01  9.022e-01  9.022e-01  9.022e-01  9.022e-01  9.022e-01  9.022e-01  9.022e-01  9.022e-01  9.022e-01  9.022e-01  9.022e-01  9.022e-01  9.022e-01 	
 8.703e-01  8.703e-01  8.703e-01  8.703e-01  8.703e-01  8.703e-01  8.703e-01  8.703e-01  8.703e-01  8.703e-01  8.703e-01  8.703e-01  8.703e-01  8.703e-01  8.703e-01  8.703e-01  8.703e-01  8.703e-01  8.703e-01  8.703e-01  8.703e-01  8.703e-01  8.703e-01  8.703e-01  8.703e-01  8.703e-01  8.703e-01  8.703e-01  8.703e-01  8.703e-01  8.703e-01  8.703e-01  8.703e-01  8.703e-01  8.703e-01  8.703e-01  8.703e-01  8.703e-01  8.703e-01  8.703e-01  8.703e-01  8.703e-01  8.703e-01  8.703e-01  8.703e-01  8.703e-01  8.703e-01  8.703e-01  8.703e-01  8.703e-01 	
 9.224e-01  9.224e-01  9.224e-01  9.224e-01  9.224e-01  9.224e-01  9.224e-01  9.224e-01  9.224e-01  9.224e-01  9.224e-01  9.224e-01  9.224e-01  9.224e-01  9.224e-01  9.224e-01  9.224e-01  9.224e-01  9.224e-01  9.224e-01  9.224e-01  9.224e-01  9.224e-01  9.224e-01  9.224e-01  9.224e-01  9.224e-01  9.224e-01  9.224e-01  9.224e-01  9.224e-01  9.224e-01  9.224e-01  9.224e-01  9.224e-01  9.224e-01  9.224e-01  9.224e-01  9.224e-01  9.224e-01  9.224e-01  9.224e-01  9.224e-01  9.224e-01  9.224e-01  9.224e-01  9.224e-01  9.224e-01  9.224e-01  9.224e-01 	
 9.264e-01  9.264e-01  9.264e-01  9.264e-01  9.264e-01  9.264e-01  9.264e-01  9.264e-01  9.264e-01  9.264e-01  9.264e-01  9.264e-01  9.264e-01  9.264e-01  9.264e-01  9.264e-01  9.264e-01  9.264e-01  9.264e-01  9.264e-01  9.264e-01  9.264e-01  9.264e-01  9.264e-01  9.264e-01  9.264e-01  9.264e-01  9.264e-01  9.264e-01  9.264e-01  9.264e-01  9.264e-01  9.264e-01  9.264e-01  9.264e-01  9.264e-01  9.264e-01  9.264e-01  9.264e-01  9.264e-01  9.264e-01  9.264e-01  9.264e-01  9.264e-01  9.264e-01  9.264e-01  9.264e-01  9.264e-01  9.264e-01  9.264e-01 	
 8.742e-01  8.742e-01  8.742e-01  8.742e-01  8.742e-01  8.742e-01  8.742e-01  8.742e-01  8.742e-01  8.742e-01  8.742e-01  8.742e-01  8.742e-01  8.742e-01  8.742e-01  8.742e-01  8.742e-01  8.742e-01  8.742e-01  8.742e-01  8.742e-01  8.742e-01  8.742e-01  8.742e-01  8.742e-01  8.742e-01  8.742e-01  8.742e-01  8.742e-01  8.742e-01  8.742e-01  8.742e-01  8.742e-01  8.742e-01  8.742e-01  8.742e-01  8.742e-01  8.742e-01  8.742e-01  8.742e-01  8.742e-01  8.742e-01  8.742e-01  8.742e-01  8.742e-01  8.742e-01  8.742e-01  8.742e-01  8.742e-01  8.742e-01 	
 8.856e-01  8.856e-01  8.856e-01  8.856e-01  8.856e-01  8.856e-01  8.856e-01  8.856e-01  8.856e-01  8.856e-01  8.856e-01  8.856e-01  8.856e-01  8.856e-01  8.856e-01  8.856e-01  8.856e-01  8.856e-01  8.856e-01  8.856e-01  8.856e-01  8.856e-01  8.856e-01  8.856e-01  8.856e-01  8.856e-01  8.856e-01  8.856e-01  8.856e-01  8.856e-01  8.856e-01  8.856e-01  8.856e-01  8.856e-01  8.856e-01  8.856e-01  8.856e-01  8.856e-01  8.856e-01  8.856e-01  8.856e-01  8.856e-01  8.856e-01  8.856e-01  8.856e-01  8.856e-01  8.856e-01  8.856e-01  8.856e-01  8.856e-01 	
 8.793e-01  8.793e-01  8.793e-01  8.793e-01  8.793e-01  8.793e-01  8.793e-01  8.793e-01  8.793e-01  8.793e-01  8.793e-01  8.793e-01  8.793e-01  8.793e-01  8.793e-01  8.793e-01  8.793e-01  8.793e-01  8.793e-01  8.793e-01  8.793e-01  8.793e-01  8.793e-01  8.793e-01  8.793e-01  8.793e-01  8.793e-01  8.793e-01  8.793e-01  8.793e-01  8.793e-01  8.793e-01  8.793e-01  8.793e-01  8.793e-01  8.793e-01  8.793e-01  8.793e-01  8.793e-01  8.793e-01  8.793e-01  8.793e-01  8.793e-01  8.793e-01  8.793e-01  8.793e-01  8.793e-01  8.793e-01  8.793e-01  8.793e-01 	
 8.275e-01  8.275e-01  8.275e-01  8.275e-01  8.275e-01  8.275e-01  8.275e-01  8.275e-01  8.275e-01  8.275e-01  8.275e-01  8.275e-01  8.275e-01  8.275e-01  8.275e-01  8.275e-01  8.275e-01  8.275e-01  8.275e-01  8.275e-01  8.275e-01  8.275e-01  8.275e-01  8.275e-01  8.275e-01  8.275e-01  8.275e-01  8.275e-01  8.275e-01  8.275e-01  8.275e-01  8.275e-01  8.275e-01  8.275e-01  8.275e-01  8.275e-01  8.275e-01  8.275e-01  8.275e-01  8.275e-01  8.275e-01  8.275e-01  8.275e-01  8.275e-01  8.275e-01  8.275e-01  8.275e-01  8.275e-01  8.275e-01  8.275e-01 	
 8.525e-01  8.525e-01  8.525e-01  8.525e-01  8.525e-01  8.525e-01  8.525e-01  8.525e-01  8.525e-01  8.525e-01  8.525e-01  8.525e-01  8.525e-01  8.525e-01  8.525e-01  8.525e-01  8.525e-01  8.525e-01  8.525e-01  8.525e-01  8.525e-01  8.525e-01  8.525e-01  8.525e-01  8.525e-01  8.525e-01  8.525e-01  8.525e-01  8.525e-01  8.525e-01  8.525e-01  8.525e-01  8.525e-01  8.525e-01  8.525e-01  8.525e-01  8.525e-01  8.525e-01  8.525e-01  8.525e-01  8.525e-01  8.525e-01  8.525e-01  8.525e-01  8.525e-01  8.525e-01  8.525e-01  8.525e-01  8.525e-01  8.525e-01 	
 8.089e-01  8.089e-01  8.089e-01  8.089e-01  8.089e-01  8.089e-01  8.089e-01  8.089e-01  8.089e-01  8.089e-01  8.089e-01  8.089e-01  8.089e-01  8.089e-01  8.089e-01  8.089e-01  8.089e-01  8.089e-01  8.089e-01  8.089e-01  8.089e-01  8.089e-01  8.089e-01  8.089e-01  8.089e-01  8.089e-01  8.089e-01  8.089e-01  8.089e-01  8.089e-01  8.089e-01  8.089e-01  8.089e-01  8.089e-01  8.089e-01  8.089e-01  8.089e-01  8.089e-01  8.089e-01  8.089e-01  8.089e-01  8.089e-01  8.089e-01  8.089e-01  8.089e-01  8.089e-01  8.089e-01  8.089e-01  8.089e-01  8.089e-01 	
 8.456e-01  8.456e-01  8.456e-01  8.456e-01  8.456e-01  8.456e-01  8.456e-01  8.456e-01  8.456e-01  8.456e-01  8.456e-01  8.456e-01  8.456e-01  8.456e-01  8.456e-01  8.456e-01  8.456e-01  8.456e-01  8.456e-01  8.456e-01  8.456e-01  8.456e-01  8.456e-01  8.456e-01  8.456e-01  8.456e-01  8.456e-01  8.456e-01  8.456e-01  8.456e-01  8.456e-01  8.456e-01  8.456e-01  8.456e-01  8.456e-01  8.456e-01  8.456e-01  8.456e-01  8.456e-01  8.456e-01  8.456e-01  8.456e-01  8.456e-01  8.456e-01  8.456e-01  8.456e-01  8.456e-01  8.456e-01  8.456e-01  8.456e-01 	
 7.954e-01  7.954e-01  7.954e-01  7.954e-01  7.954e-01  7.954e-01  7.954e-01  7.954e-01  7.954e-01  7.954e-01  7.954e-01  7.954e-01  7.954e-01  7.954e-01  7.954e-01  7.954e-01  7.954e-01  7.954e-01  7.954e-01  7.954e-01  7.954e-01  7.954e-01  7.954e-01  7.954e-01  7.954e-01  7.954e-01  7.954e-01  7.954e-01  7.954e-01  7.954e-01  7.954e-01  7.954e-01  7.954e-01  7.954e-01  7.954e-01  7.954e-01  7.954e-01  7.954e-01  7.954e-01  7.954e-01  7.954e-01  7.954e-01  7.954e-01  7.954e-01  7.954e-01  7.954e-01  7.954e-01  7.954e-01  7.954e-01  7.954e-01 	
 7.774e-01  7.774e-01  7.774e-01  7.774e-01  7.774e-01  7.774e-01  7.774e-01  7.774e-01  7.774e-01  7.774e-01  7.774e-01  7.774e-01  7.774e-01  7.774e-01  7.774e-01  7.774e-01  7.774e-01  7.774e-01  7.774e-01  7.774e-01  7.774e-01  7.774e-01  7.774e-01  7.774e-01  7.774e-01  7.774e-01  7.774e-01  7.774e-01  7.774e-01  7.774e-01  7.774e-01  7.774e-01  7.774e-01  7.774e-01  7.774e-01  7.774e-01  7.774e-01  7.774e-01  7.774e-01  7.774e-01  7.774e-01  7.774e-01  7.774e-01  7.774e-01  7.774e-01  7.774e-01  7.774e-01  7.774e-01  7.774e-01  7.774e-01 	
 7.598e-01  7.598e-01  7.598e-01  7.598e-01  7.598e-01  7.598e-01  7.598e-01  7.598e-01  7.598e-01  7.598e-01  7.598e-01  7.598e-01  7.598e-01  7.598e-01  7.598e-01  7.598e-01  7.598e-01  7.598e-01  7.598e-01  7.598e-01  7.598e-01  7.598e-01  7.598e-01  7.598e-01  7.598e-01  7.598e-01  7.598e-01  7.598e-01  7.598e-01  7.598e-01  7.598e-01  7.598e-01  7.598e-01  7.598e-01  7.598e-01  7.598e-01  7.598e-01  7.598e-01  7.598e-01  7.598e-01  7.598e-01  7.598e-01  7.598e-01  7.598e-01  7.598e-01  7.598e-01  7.598e-01  7.598e-01  7.598e-01  7.598e-01 	
 7.507e-01  7.507e-01  7.507e-01  7.507e-01  7.507e-01  7.507e-01  7.507e-01  7.507e-01  7.507e-01  7.507e-01  7.507e-01  7.507e-01  7.507e-01  7.507e-01  7.507e-01  7.507e-01  7.507e-01  7.507e-01  7.507e-01  7.507e-01  7.507e-01  7.507e-01  7.507e-01  7.507e-01  7.507e-01  7.507e-01  7.507e-01  7.507e-01  7.507e-01  7.507e-01  7.507e-01  7.507e-01  7.507e-01  7.507e-01  7.507e-01  7.507e-01  7.507e-01  7.507e-01  7.507e-01  7.507e-01  7.507e-01  7.507e-01  7.507e-01  7.507e-01  7.507e-01  7.507e-01  7.507e-01  7.507e-01  7.507e-01  7.507e-01 	
 7.434e-01  7.434e-01  7.434e-01  7.434e-01  7.434e-01  7.434e-01  7.434e-01  7.434e-01  7.434e-01  7.434e-01  7.434e-01  7.434e-01  7.434e-01  7.434e-01  7.434e-01  7.434e-01  7.434e-01  7.434e-01  7.434e-01  7.434e-01  7.434e-01  7.434e-01  7.434e-01  7.434e-01  7.434e-01  7.434e-01  7.434e-01  7.434e-01  7.434e-01  7.434e-01  7.434e-01  7.434e-01  7.434e-01  7.434e-01  7.434e-01  7.434e-01  7.434e-01  7.434e-01  7.434e-01  7.434e-01  7.434e-01  7.434e-01  7.434e-01  7.434e-01  7.434e-01  7.434e-01  7.434e-01  7.434e-01  7.434e-01  7.434e-01 	
 7.143e-01  7.143e-01  7.143e-01  7.143e-01  7.143e-01  7.143e-01  7.143e-01  7.143e-01  7.143e-01  7.143e-01  7.143e-01  7.143e-01  7.143e-01  7.143e-01  7.143e-01  7.143e-01  7.143e-01  7.143e-01  7.143e-01  7.143e-01  7.143e-01  7.143e-01  7.143e-01  7.143e-01  7.143e-01  7.143e-01  7.143e-01  7.143e-01  7.143e-01  7.143e-01  7.143e-01  7.143e-01  7.143e-01  7.143e-01  7.143e-01  7.143e-01  7.143e-01  7.143e-01  7.143e-01  7.143e-01  7.143e-01  7.143e-01  7.143e-01  7.143e-01  7.143e-01  7.143e-01  7.143e-01  7.143e-01  7.143e-01  7.143e-01 	
 7.156e-01  7.156e-01  7.156e-01  7.156e-01  7.156e-01  7.156e-01  7.156e-01  7.156e-01  7.156e-01  7.156e-01  7.156e-01  7.156e-01  7.156e-01  7.156e-01  7.156e-01  7.156e-01  7.156e-01  7.156e-01  7.156e-01  7.156e-01  7.156e-01  7.156e-01  7.156e-01  7.156e-01  7.156e-01  7.156e-01  7.156e-01  7.156e-01  7.156e-01  7.156e-01  7.156e-01  7.156e-01  7.156e-01  7.156e-01  7.156e-01  7.156e-01  7.156e-01  7.156e-01  7.156e-01  7.156e-01  7.156e-01  7.156e-01  7.156e-01  7.156e-01  7.156e-01  7.156e-01  7.156e-01  7.156e-01  7.156e-01  7.156e-01 	
 6.965e-01  6.965e-01  6.965e-01  6.965e-01  6.965e-01  6.965e-01  6.965e-01  6.965e-01  6.965e-01  6.965e-01  6.965e-01  6.965e-01  6.965e-01  6.965e-01  6.965e-01  6.965e-01  6.965e-01  6.965e-01  6.965e-01  6.965e-01  6.965e-01  6.965e-01  6.965e-01  6.965e-01  6.965e-01  6.965e-01  6.965e-01  6.965e-01  6.965e-01  6.965e-01  6.965e-01  6.965e-01  6.965e-01  6.965e-01  6.965e-01  6.965e-01  6.965e-01  6.965e-01  6.965e-01  6.965e-01  6.965e-01  6.965e-01  6.965e-01  6.965e-01  6.965e-01  6.965e-01  6.965e-01  6.965e-01  6.965e-01  6.965e-01 	
 6.704e-01  6.704e-01  6.704e-01  6.704e-01  6.704e-01  6.704e-01  6.704e-01  6.704e-01  6.704e-01  6.704e-01  6.704e-01  6.704e-01  6.704e-01  6.704e-01  6.704e-01  6.704e-01  6.704e-01  6.704e-01  6.704e-01  6.704e-01  6.704e-01  6.704e-01  6.704e-01  6.704e-01  6.704e-01  6.704e-01  6.704e-01  6.704e-01  6.704e-01  6.704e-01  6.704e-01  6.704e-01  6.704e-01  6.704e-01  6.704e-01  6.704e-01  6.704e-01  6.704e-01  6.704e-01  6.704e-01  6.704e-01  6.704e-01  6.704e-01  6.704e-01  6.704e-01  6.704e-01  6.704e-01  6.704e-01  6.704e-01  6.704e-01 	
 6.579e-01  6.579e-01  6.579e-01  6.579e-01  6.579e-01  6.579e-01  6.579e-01  6.579e-01  6.579e-01  6.579e-01  6.579e-01  6.579e-01  6.579e-01  6.579e-01  6.579e-01  6.579e-01  6.579e-01  6.579e-01  6.579e-01  6.579e-01  6.579e-01  6.579e-01  6.579e-01  6.579e-01  6.579e-01  6.579e-01  6.579e-01  6.579e-01  6.579e-01  6.579e-01  6.579e-01  6.579e-01  6.579e-01  6.579e-01  6.579e-01  6.579e-01  6.579e-01  6.579e-01  6.579e-01  6.579e-01  6.579e-01  6.579e-01  6.579e-01  6.579e-01  6.579e-01  6.579e-01  6.579e-01  6.579e-01  6.579e-01  6.579e-01 	
 6.421e-01  6.421e-01  6.421e-01  6.421e-01  6.421e-01  6.421e-01  6.421e-01  6.421e-01  6.421e-01  6.421e-01  6.421e-01  6.421e-01  6.421e-01  6.421e-01  6.421e-01  6.421e-01  6.421e-01  6.421e-01  6.421e-01  6.421e-01  6.421e-01  6.421e-01  6.421e-01  6.421e-01  6.421e-01  6.421e-01  6.421e-01  6.421e-01  6.421e-01  6.421e-01  6.421e-01  6.421e-01  6.421e-01  6.421e-01  6.421e-01  6.421e-01  6.421e-01  6.421e-01  6.421e-01  6.421e-01  6.421e-01  6.421e-01  6.421e-01  6.421e-01  6.421e-01  6.421e-01  6.421e-01  6.421e-01  6.421e-01  6.421e-01 	
 6.322e-01  6.322e-01  6.322e-01  6.322e-01  6.322e-01  6.322e-01  6.322e-01  6.322e-01  6.322e-01  6.322e-01  6.322e-01  6.322e-01  6.322e-01  6.322e-01  6.322e-01  6.322e-01  6.322e-01  6.322e-01  6.322e-01  6.322e-01  6.322e-01  6.322e-01  6.322e-01  6.322e-01  6.322e-01  6.322e-01  6.322e-01  6.322e-01  6.322e-01  6.322e-01  6.322e-01  6.322e-01  6.322e-01  6.322e-01  6.322e-01  6.322e-01  6.322e-01  6.322e-01  6.322e-01  6.322e-01  6.322e-01  6.322e-01  6.322e-01  6.322e-01  6.322e-01  6.322e-01  6.322e-01  6.322e-01  6.322e-01  6.322e-01 	
 6.224e-01  6.224e-01  6.224e-01  6.224e-01  6.224e-01  6.224e-01  6.224e-01  6.224e-01  6.224e-01  6.224e-01  6.224e-01  6.224e-01  6.224e-01  6.224e-01  6.224e-01  6.224e-01  6.224e-01  6.224e-01  6.224e-01  6.224e-01  6.224e-01  6.224e-01  6.224e-01  6.224e-01  6.224e-01  6.224e-01  6.224e-01  6.224e-01  6.224e-01  6.224e-01  6.224e-01  6.224e-01  6.224e-01  6.224e-01  6.224e-01  6.224e-01  6.224e-01  6.224e-01  6.224e-01  6.224e-01  6.224e-01  6.224e-01  6.224e-01  6.224e-01  6.224e-01  6.224e-01  6.224e-01  6.224e-01  6.224e-01  6.224e-01 	
 6.117e-01  6.117e-01  6.117e-01  6.117e-01  6.117e-01  6.117e-01  6.117e-01  6.117e-01  6.117e-01  6.117e-01  6.117e-01  6.117e-01  6.117e-01  6.117e-01  6.117e-01  6.117e-01  6.117e-01  6.117e-01  6.117e-01  6.117e-01  6.117e-01  6.117e-01  6.117e-01  6.117e-01  6.117e-01  6.117e-01  6.117e-01  6.117e-01  6.117e-01  6.117e-01  6.117e-01  6.117e-01  6.117e-01  6.117e-01  6.117e-01  6.117e-01  6.117e-01  6.117e-01  6.117e-01  6.117e-01  6.117e-01  6.117e-01  6.117e-01  6.117e-01  6.117e-01  6.117e-01  6.117e-01  6.117e-01  6.117e-01  6.117e-01 	
 6.073e-01  6.073e-01  6.073e-01  6.073e-01  6.073e-01  6.073e-01  6.073e-01  6.073e-01  6.073e-01  6.073e-01  6.073e-01  6.073e-01  6.073e-01  6.073e-01  6.073e-01  6.073e-01  6.073e-01  6.073e-01  6.073e-01  6.073e-01  6.073e-01  6.073e-01  6.073e-01  6.073e-01  6.073e-01  6.073e-01  6.073e-01  6.073e-01  6.073e-01  6.073e-01  6.073e-01  6.073e-01  6.073e-01  6.073e-01  6.073e-01  6.073e-01  6.073e-01  6.073e-01  6.073e-01  6.073e-01  6.073e-01  6.073e-01  6.073e-01  6.073e-01  6.073e-01  6.073e-01  6.073e-01  6.073e-01  6.073e-01  6.073e-01 	
 6.029e-01  6.029e-01  6.029e-01  6.029e-01  6.029e-01  6.029e-01  6.029e-01  6.029e-01  6.029e-01  6.029e-01  6.029e-01  6.029e-01  6.029e-01  6.029e-01  6.029e-01  6.029e-01  6.029e-01  6.029e-01  6.029e-01  6.029e-01  6.029e-01  6.029e-01  6.029e-01  6.029e-01  6.029e-01  6.029e-01  6.029e-01  6.029e-01  6.029e-01  6.029e-01  6.029e-01  6.029e-01  6.029e-01  6.029e-01  6.029e-01  6.029e-01  6.029e-01  6.029e-01  6.029e-01  6.029e-01  6.029e-01  6.029e-01  6.029e-01  6.029e-01  6.029e-01  6.029e-01  6.029e-01  6.029e-01  6.029e-01  6.029e-01 	
 6.000e-01  6.000e-01  6.000e-01  6.000e-01  6.000e-01  6.000e-01  6.000e-01  6.000e-01  6.000e-01  6.000e-01  6.000e-01  6.000e-01  6.000e-01  6.000e-01  6.000e-01  6.000e-01  6.000e-01  6.000e-01  6.000e-01  6.000e-01  6.000e-01  6.000e-01  6.000e-01  6.000e-01  6.000e-01  6.000e-01  6.000e-01  6.000e-01  6.000e-01  6.000e-01  6.000e-01  6.000e-01  6.000e-01  6.000e-01  6.000e-01  6.000e-01  6.000e-01  6.000e-01  6.000e-01  6.000e-01  6.000e-01  6.000e-01  6.000e-01  6.000e-01  6.000e-01  6.000e-01  6.000e-01  6.000e-01  6.000e-01  6.000e-01 	
 5.987e-01  5.987e-01  5.987e-01  5.987e-01  5.987e-01  5.987e-01  5.987e-01  5.987e-01  5.987e-01  5.987e-01  5.987e-01  5.987e-01  5.987e-01  5.987e-01  5.987e-01  5.987e-01  5.987e-01  5.987e-01  5.987e-01  5.987e-01  5.987e-01  5.987e-01  5.987e-01  5.987e-01  5.987e-01  5.987e-01  5.987e-01  5.987e-01  5.987e-01  5.987e-01  5.987e-01  5.987e-01  5.987e-01  5.987e-01  5.987e-01  5.987e-01  5.987e-01  5.987e-01  5.987e-01  5.987e-01  5.987e-01  5.987e-01  5.987e-01  5.987e-01  5.987e-01  5.987e-01  5.987e-01  5.987e-01  5.987e-01  5.987e-01 	
 5.983e-01  5.983e-01  5.983e-01  5.983e-01  5.983e-01  5.983e-01  5.983e-01  5.983e-01  5.983e-01  5.983e-01  5.983e-01  5.983e-01  5.983e-01  5.983e-01  5.983e-01  5.983e-01  5.983e-01  5.983e-01  5.983e-01  5.983e-01  5.983e-01  5.983e-01  5.983e-01  5.983e-01  5.983e-01  5.983e-01  5.983e-01  5.983e-01  5.983e-01  5.983e-01  5.983e-01  5.983e-01  5.983e-01  5.983e-01  5.983e-01  5.983e-01  5.983e-01  5.983e-01  5.983e-01  5.983e-01  5.983e-01  5.983e-01  5.983e-01  5.983e-01  5.983e-01  5.983e-01  5.983e-01  5.983e-01  5.983e-01  5.983e-01 	
 5.983e-01  5.983e-01  5.983e-01  5.983e-01  5.983e-01  5.983e-01  5.983e-01  5.983e-01  5.983e-01  5.983e-01  5.983e-01  5.983e-01  5.983e-01  5.983e-01  5.983e-01  5.983e-01  5.983e-01  5.983e-01  5.983e-01  5.983e-01  5.983e-01  5.983e-01  5.983e-01  5.983e-01  5.983e-01  5.983e-01  5.983e-01  5.983e-01  5.983e-01  5.983e-01  5.983e-01  5.983e-01  5.983e-01  5.983e-01  5.983e-01  5.983e-01  5.983e-01  5.983e-01  5.983e-01  5.983e-01  5.983e-01  5.983e-01  5.983e-01  5.983e-01  5.983e-01  5.983e-01  5.983e-01  5.983e-01  5.983e-01  5.983e-01 	
 5.985e-01  5.985e-01  5.985e-01  5.985e-01  5.985e-01  5.985e-01  5.985e-01  5.985e-01  5.985e-01  5.985e-01  5.985e-01  5.985e-01  5.985e-01  5.985e-01  5.985e-01  5.985e-01  5.985e-01  5.985e-01  5.985e-01  5.985e-01  5.985e-01  5.985e-01  5.985e-01  5.985e-01  5.985e-01  5.985e-01  5.985e-01  5.985e-01  5.985e-01  5.985e-01  5.985e-01  5.985e-01  5.985e-01  5.985e-01  5.985e-01  5.985e-01  5.985e-01  5.985e-01  5.985e-01  5.985e-01  5.985e-01  5.985e-01  5.985e-01  5.985e-01  5.985e-01  5.985e-01  5.985e-01  5.985e-01  5.985e-01  5.985e-01 	
 5.988e-01  5.988e-01  5.988e-01  5.988e-01  5.988e-01  5.988e-01  5.988e-01  5.988e-01  5.988e-01  5.988e-01  5.988e-01  5.988e-01  5.988e-01  5.988e-01  5.988e-01  5.988e-01  5.988e-01  5.988e-01  5.988e-01  5.988e-01  5.988e-01  5.988e-01  5.988e-01  5.988e-01  5.988e-01  5.988e-01  5.988e-01  5.988e-01  5.988e-01  5.988e-01  5.988e-01  5.988e-01  5.988e-01  5.988e-01  5.988e-01  5.988e-01  5.988e-01  5.988e-01  5.988e-01  5.988e-01  5.988e-01  5.988e-01  5.988e-01  5.988e-01  5.988e-01  5.988e-01  5.988e-01  5.988e-01  5.988e-01  5.988e-01 	
 5.991e-01  5.991e-01  5.991e-01  5.991e-01  5.991e-01  5.991e-01  5.991e-01  5.991e-01  5.991e-01  5.991e-01  5.991e-01  5.991e-01  5.991e-01  5.991e-01  5.991e-01  5.991e-01  5.991e-01  5.991e-01  5.991e-01  5.991e-01  5.991e-01  5.991e-01  5.991e-01  5.991e-01  5.991e-01  5.991e-01  5.991e-01  5.991e-01  5.991e-01  5.991e-01  5.991e-01  5.991e-01  5.991e-01  5.991e-01  5.991e-01  5.991e-01  5.991e-01  5.991e-01  5.991e-01  5.991e-01  5.991e-01  5.991e-01  5.991e-01  5.991e-01  5.991e-01  5.991e-01  5.991e-01  5.991e-01  5.991e-01  5.991e-01 	
 5.994e-01  5.994e-01  5.994e-01  5.994e-01  5.994e-01  5.994e-01  5.994e-01  5.994e-01  5.994e-01  5.994e-01  5.994e-01  5.994e-01  5.994e-01  5.994e-01  5.994e-01  5.994e-01  5.994e-01  5.994e-01  5.994e-01  5.994e-01  5.994e-01  5.994e-01  5.994e-01  5.994e-01  5.994e-01  5.994e-01  5.994e-01  5.994e-01  5.994e-01  5.994e-01  5.994e-01  5.994e-01  5.994e-01  5.994e-01  5.994e-01  5.994e-01  5.994e-01  5.994e-01  5.994e-01  5.994e-01  5.994e-01  5.994e-01  5.994e-01  5.994e-01  5.994e-01  5.994e-01  5.994e-01  5.994e-01  5.994e-01  5.994e-01 	
 5.996e-01  5.996e-01  5.996e-01  5.996e-01  5.996e-01  5.996e-01  5.996e-01  5.996e-01  5.996e-01  5.996e-01  5.996e-01  5.996e-01  5.996e-01  5.996e-01  5.996e-01  5.996e-01  5.996e-01  5.996e-01  5.996e-01  5.996e-01  5.996e-01  5.996e-01  5.996e-01  5.996e-01  5.996e-01  5.996e-01  5.996e-01  5.996e-01  5.996e-01  5.996e-01  5.996e-01  5.996e-01  5.996e-01  5.996e-01  5.996e-01  5.996e-01  5.996e-01  5.996e-01  5.996e-01  5.996e-01  5.996e-01  5.996e-01  5.996e-01  5.996e-01  5.996e-01  5.996e-01  5.996e-01  5.996e-01  5.996e-01  5.996e-01 	
 5.998e-01  5.998e-01  5.998e-01  5.998e-01  5.998e-01  5.998e-01  5.998e-01  5.998e-01  5.998e-01  5.998e-01  5.998e-01  5.998e-01  5.998e-01  5.998e-01  5.998e-01  5.998e-01  5.998e-01  5.998e-01  5.998e-01  5.998e-01  5.998e-01  5.998e-01  5.998e-01  5.998e-01  5.998e-01  5.998e-01  5.998e-01  5.998e-01  5.998e-01  5.998e-01  5.998e-01  5.998e-01  5.998e-01  5.998e-01  5.998e-01  5.998e-01  5.998e-01  5.998e-01  5.998e-01  5.998e-01  5.998e-01  5.998e-01  5.998e-01  5.998e-01  5.998e-01  5.998e-01  5.998e-01  5.998e-01  5.998e-01  5.998e-01 	
 6.000e-01  6.000e-01  6.000e-01  6.000e-01  6.000e-01  6.000e-01  6.000e-01  6.000e-01  6.000e-01  6.000e-01  6.000e-01  6.000e-01  6.000e-01  6.000e-01  6.000e-01  6.000e-01  6.000e-01  6.000e-01  6.000e-01  6.000e-01  6.000e-01  6.000e-01  6.000e-01  6.000e-01  6.000e-01  6.000e-01  6.000e-01  6.000e-01  6.000e-01  6.000e-01  6.000e-01  6.000e-01  6.000e-01  6.000e-01  6.000e-01  6.000e-01  6.000e-01  6.000e-01  6.000e-01  6.000e-01  6.000e-01  6.000e-01  6.000e-01  6.000e-01  6.000e-01  6.000e-01  6.000e-01  6.000e-01  6.000e-01  6.000e-01 	
 6.001e-01  6.001e-01  6.001e-01  6.001e-01  6.001e-01  6.001e-01  6.001e-01  6.001e-01  6.001e-01  6.001e-01  6.001e-01  6.001e-01  6.001e-01  6.001e-01  6.001e-01  6.001e-01  6.001e-01  6.001e-01  6.001e-01  6.001e-01  6.001e-01  6.001e-01  6.001e-01  6.001e-01  6.001e-01  6.001e-01  6.001e-01  6.001e-01  6.001e-01  6.001e-01  6.001e-01  6.001e-01  6.001e-01  6.001e-01  6.001e-01  6.001e-01  6.001e-01  6.001e-01  6.001e-01  6.001e-01  6.001e-01  6.001e-01  6.001e-01  6.001e-01  6.001e-01  6.001e-01  6.001e-01  6.001e-01  6.001e-01  6.001e-01 	
 6.002e-01  6.002e-01  6.002e-01  6.002e-01  6.002e-01  6.002e-01  6.002e-01  6.002e-01  6.002e-01  6.002e-01  6.002e-01  6.002e-01  6.002e-01  6.002e-01  6.002e-01  6.002e-01  6.002e-01  6.002e-01  6.002e-01  6.002e-01  6.002e-01  6.002e-01  6.002e-01  6.002e-01  6.002e-01  6.002e-01  6.002e-01  6.002e-01  6.002e-01  6.002e-01  6.002e-01  6.002e-01  6.002e-01  6.002e-01  6.002e-01  6.002e-01  6.002e-01  6.002e-01  6.002e-01  6.002e-01  6.002e-01  6.002e-01  6.002e-01  6.002e-01  6.002e-01  6.002e-01  6.002e-01  6.002e-01  6.002e-01  6.002e-01 	
 6.003e-01  6.003e-01  6.003e-01  6.003e-01  6.003e-01  6.003e-01  6.003e-01  6.003e-01  6.003e-01  6.003e-01  6.003e-01  6.003e-01  6.003e-01  6.003e-01  6.003e-01  6.003e-01  6.003e-01  6.003e-01  6.003e-01  6.003e-01  6.003e-01  6.003e-01  6.003e-01  6.003e-01  6.003e-01  6.003e-01  6.003e-01  6.003e-01  6.003e-01  6.003e-01  6.003e-01  6.003e-01  6.003e-01  6.003e-01  6.003e-01  6.003e-01  6.003e-01  6.003e-01  6.003e-01  6.003e-01  6.003e-01  6.003e-01  6.003e-01  6.003e-01  6.003e-01  6.003e-01  6.003e-01  6.003e-01  6.003e-01  6.003e-01 	
